47775 404 317 74 2 306 68 1 149 884 10 2 5 3 0 
47760 381 277 60 3 317 53 6 171 943 11 4 6 8 0 
47809 427 300 83 4 281 43 2 151 880 12 3 2 3 0 
47786 428 303 67 0 321 58 1 153 860 13 2 5 3 0 
47773 438 294 85 2 292 53 2 185 858 7 3 1 7 0 
47773 434 331 72 1 300 51 1 178 838 7 5 7 2 0 
47801 423 282 69 2 318 50 2 173 856 9 2 2 11 0 
47782 409 295 65 2 306 49 2 170 902 8 2 4 4 0 
47790 404 289 86 0 318 61 2 136 897 7 2 5 3 0 
47831 408 276 73 2 309 55 0 158 869 11 2 2 4 0 
47784 396 324 65 2 306 53 2 155 894 6 3 4 6 0 
47772 427 297 65 2 324 51 3 152 891 10 2 1 3 0 
47852 404 313 47 3 303 52 2 157 849 5 2 7 4 0 
47768 390 300 80 4 321 46 3 182 891 7 2 3 3 0 
47758 385 315 69 4 309 59 3 153 925 8 1 4 7 0 
47851 391 306 66 1 307 69 0 160 837 1 1 5 5 0 
47854 387 338 75 4 285 66 2 161 808 9 0 4 7 0 
47759 430 292 63 1 334 61 0 149 891 8 2 8 2 0 
47758 428 275 72 1 309 41 3 166 926 7 2 5 7 0 
47819 412 313 64 1 309 50 4 151 864 7 0 4 2 0 
47835 403 297 63 2 335 48 4 138 852 8 3 7 5 0 
47759 407 295 70 1 329 58 1 170 886 8 2 3 11 0 
47786 415 290 68 1 322 69 1 176 853 6 2 7 4 0 
47847 402 291 63 5 297 55 5 177 835 15 2 3 3 0 
47772 427 288 69 2 315 63 1 135 902 11 1 4 10 0 
47769 409 295 74 2 303 64 2 161 901 8 2 4 6 0 
47807 374 289 59 2 330 57 1 172 888 4 3 5 9 0 
47830 399 313 60 2 289 32 0 141 918 6 1 4 5 0 
47750 413 270 64 1 326 42 4 170 940 6 1 6 7 0 
47718 388 336 74 4 352 53 2 163 890 13 2 4 1 0 
47790 421 283 59 1 329 52 3 161 881 7 4 3 6 0 
47830 413 337 71 5 299 50 3 138 826 14 4 2 8 0 
47796 412 298 70 0 273 52 1 181 904 5 0 6 2 0 
47748 430 315 73 2 318 55 2 173 874 3 1 1 5 0 
47808 387 304 68 4 301 67 3 168 874 7 0 4 5 0 
47746 393 334 60 0 350 54 2 166 875 9 3 6 2 0 
47863 388 287 66 3 301 57 3 162 847 13 3 4 3 0 
47802 408 315 70 3 323 53 4 146 855 9 2 6 3 1 
47789 384 304 70 1 295 60 1 176 893 11 2 5 9 0 
47819 412 319 60 5 287 43 1 150 890 6 2 3 3 0 
47722 411 314 61 4 338 50 3 166 908 10 3 5 5 0 
47732 397 301 64 3 338 71 3 150 920 8 3 4 6 0 
47852 372 325 59 0 302 63 0 153 858 8 1 6 1 0 
47785 393 279 61 3 332 52 1 148 923 9 3 4 7 0 
47814 417 287 61 3 303 63 1 154 877 7 1 8 4 0 
47896 410 262 55 2 297 55 4 159 843 8 1 1 7 0 
47832 388 305 58 2 299 54 4 160 870 11 3 4 10 0 
47806 419 322 68 0 273 46 1 158 889 2 3 7 6 0 
47800 361 300 65 6 319 63 1 171 888 11 6 5 3 1 
47808 402 321 69 1 331 44 1 141 868 5 1 5 3 0 
47812 422 308 57 4 308 49 5 160 859 8 1 4 3 0 
47763 399 313 75 2 340 56 2 169 861 8 3 5 4 0 
47886 364 290 64 3 321 43 0 157 860 7 0 2 3 0 
47795 411 300 66 4 311 40 3 152 905 4 0 5 4 0 
47771 425 312 69 0 299 57 1 167 878 12 0 4 5 0 
47776 413 306 64 0 291 57 1 165 904 8 3 5 7 0 
47754 388 328 59 3 342 54 2 167 880 8 3 4 8 0 
47787 410 303 60 2 315 51 6 168 871 10 2 7 8 0 
47789 389 283 65 3 304 70 1 176 900 7 1 6 6 0 
47729 419 352 58 1 309 52 0 163 890 14 0 6 7 0 
47822 413 304 71 3 292 60 6 165 852 8 2 1 1 0 
47687 422 302 72 3 347 60 1 151 938 4 2 6 5 0 
47735 409 321 67 2 302 58 1 167 909 10 4 12 2 1 
47767 403 286 66 2 335 61 3 166 887 9 3 5 7 0 
47797 399 310 73 2 312 56 6 153 871 6 3 2 10 0 
47793 389 311 66 3 330 50 1 151 886 6 3 5 6 0 
47757 414 286 73 1 338 62 1 163 878 9 6 7 5 0 
47852 404 301 55 0 312 57 1 161 836 4 5 9 3 0 
47854 381 290 51 0 325 48 1 173 850 11 3 6 7 0 
47832 383 301 70 4 309 57 2 148 874 12 2 3 3 0 
47818 399 296 64 5 291 45 4 156 910 6 2 1 3 0 
47803 410 282 69 2 302 40 1 180 889 9 2 6 5 0 
47856 382 293 56 5 300 60 0 150 879 9 2 3 5 0 
47804 426 282 86 3 319 49 3 133 873 11 1 4 5 1 
47803 421 319 63 1 304 59 3 150 857 6 4 6 4 0 
47892 386 261 73 2 268 65 2 158 874 13 0 4 2 0 
47806 439 282 69 2 297 62 1 166 854 10 2 5 5 0 
47741 402 297 66 3 338 56 1 151 924 10 3 7 1 0 
47846 420 292 49 2 306 47 1 158 854 12 3 4 6 0 
47760 424 332 90 2 311 35 3 164 869 5 3 0 2 0 
47794 394 271 61 4 333 65 2 172 888 6 0 4 6 0 
47836 421 281 70 1 260 60 2 143 914 5 1 5 1 0 
47755 401 325 62 3 320 57 4 151 900 7 2 6 7 0 
47898 372 325 73 2 294 57 1 151 808 8 2 4 5 0 
47732 398 309 66 0 328 70 2 167 906 10 2 4 6 0 
47850 365 331 61 2 295 52 1 147 874 7 3 9 3 0 
47862 391 298 66 2 310 62 4 160 832 2 4 5 2 0 
47768 441 296 76 2 315 59 4 151 868 7 0 8 5 0 
47880 410 279 71 1 295 55 1 135 852 7 4 5 5 0 
47831 402 305 73 0 299 61 1 153 860 4 4 3 4 0 
47816 441 300 71 4 290 63 1 160 840 6 0 5 3 0 
47850 407 296 64 0 313 55 2 167 824 9 2 4 6 1 
47775 398 289 67 5 291 72 2 159 920 12 4 2 4 0 
47801 404 276 70 0 337 42 4 142 901 8 5 7 3 0 
47739 426 291 65 3 322 48 3 170 914 9 4 5 1 0 
47795 390 312 84 1 307 60 4 161 857 12 2 10 5 0 
47797 384 281 56 0 315 60 2 176 905 11 5 4 4 0 
47848 414 284 59 0 298 56 0 155 870 8 1 5 2 0 
47834 377 310 66 4 294 70 4 161 864 4 1 5 6 0 
47856 373 282 63 2 321 51 1 136 886 8 8 5 8 0 
47783 411 301 64 5 290 62 2 154 909 7 3 7 2 0 
47762 397 311 93 2 312 50 2 152 897 11 1 4 6 0 
47811 405 314 68 3 310 73 0 162 831 6 3 7 7 0 
47776 404 346 62 0 306 51 1 170 859 13 2 5 5 0 
47855 386 312 62 3 283 49 0 148 885 5 5 3 4 0 
47806 375 306 69 0 320 51 1 161 886 13 4 5 3 0 
47849 382 320 77 4 310 55 2 147 835 7 2 1 9 0 
47737 385 293 74 5 302 67 0 144 974 7 3 6 3 0 
47819 398 293 66 3 317 64 1 171 847 5 3 4 9 0 
47749 393 342 66 2 323 52 2 155 899 8 3 3 3 0 
47803 423 283 56 4 312 47 3 170 880 9 2 5 3 0 
47874 367 276 69 2 305 59 1 145 884 5 1 5 7 0 
47817 401 304 59 2 291 45 1 161 894 10 2 6 7 0 
47820 361 324 65 2 322 56 0 166 868 6 2 4 4 0 
47806 402 277 62 2 298 62 1 159 909 7 5 6 4 0 
47781 416 285 68 1 302 55 2 155 913 8 5 5 4 0 
47771 448 276 59 0 342 42 5 166 872 8 3 2 6 0 
47841 430 309 48 4 291 41 5 158 852 8 5 5 3 0 
47797 404 314 62 5 268 45 1 149 935 10 0 6 4 0 
47786 392 301 63 3 321 56 6 169 886 6 1 4 6 0 
47844 388 265 57 3 296 55 5 177 890 7 2 6 5 0 
47814 410 300 74 3 314 59 4 158 854 6 1 3 0 0 
47834 384 291 60 0 309 65 3 156 882 5 0 4 7 0 
47809 394 297 74 5 318 42 2 188 844 13 4 9 1 0 
47843 380 313 56 4 310 53 4 126 883 9 6 7 6 0 
47847 401 300 64 1 293 48 1 170 862 2 3 2 6 0 
47689 418 319 56 6 321 49 1 173 945 9 5 4 5 0 
47833 383 311 64 2 304 51 2 154 877 8 3 2 6 0 
47765 419 278 51 3 305 59 2 165 919 11 4 9 10 0 
47755 429 335 53 1 313 58 1 160 871 7 3 6 8 0 
47782 433 287 62 2 306 48 2 167 889 7 3 4 7 1 
47820 410 279 60 2 322 53 1 181 851 6 3 4 8 0 
47742 423 327 72 7 277 52 3 195 871 10 3 4 13 1 
47869 379 301 70 3 299 53 0 166 842 9 2 3 4 0 
47751 424 307 70 1 279 54 6 161 928 10 3 2 4 0 
47812 412 308 69 2 326 61 1 138 854 7 3 4 3 0 
47752 414 276 68 4 327 51 4 152 929 8 6 6 3 0 
47818 447 273 65 3 301 59 1 166 842 16 2 4 3 0 
47767 414 259 79 0 306 70 2 170 907 15 2 3 5 1 
47791 401 292 57 2 334 50 1 169 878 10 4 5 6 0 
47825 369 297 62 4 337 62 4 159 860 11 2 3 5 0 
47791 423 300 74 1 306 67 1 147 871 7 4 2 6 0 
47755 380 285 63 1 328 65 5 157 948 5 3 2 3 0 
47720 429 334 74 1 331 44 1 150 891 5 6 7 7 0 
47780 396 313 66 2 306 46 4 175 903 2 3 1 3 0 
47898 367 288 60 0 299 51 0 153 874 6 2 1 1 0 
47859 361 321 59 5 276 49 0 164 882 12 3 3 6 0 
47762 404 321 59 0 338 36 3 167 895 11 0 3 1 0 
47783 393 310 87 3 300 57 2 159 889 4 4 5 4 0 
47781 429 281 71 1 338 60 2 141 874 12 4 5 1 0 
47741 399 318 68 3 302 65 5 188 883 10 3 11 4 0 
47698 394 322 68 1 361 47 3 143 943 8 1 7 4 0 
47793 402 293 59 2 338 55 1 142 898 9 3 2 3 0 
47801 427 269 65 0 312 51 2 159 894 10 2 6 2 0 
47838 398 302 63 1 312 50 1 136 876 7 2 9 5 0 
47801 420 263 60 1 301 60 2 168 904 8 3 2 7 0 
47792 424 306 74 1 302 58 4 154 864 4 3 6 8 0 
47815 382 306 75 1 300 60 3 171 866 12 4 1 4 0 
47802 397 308 74 3 326 57 1 167 847 8 1 7 2 0 
47821 424 275 68 1 317 49 3 156 866 5 3 8 4 0 
47835 393 276 80 2 296 65 1 156 877 3 4 5 7 0 
47719 400 313 65 2 336 64 2 152 919 9 4 3 12 0 
47737 431 305 77 3 300 50 1 187 885 12 5 4 3 0 
47779 392 317 63 2 312 61 2 153 899 13 2 3 2 0 
47713 410 309 61 1 328 48 1 187 918 13 4 3 4 0 
47862 365 272 48 4 299 51 1 165 908 7 2 7 9 0 
47829 387 311 68 3 329 59 1 147 847 8 1 4 6 0 
47803 406 291 66 1 323 46 2 151 895 10 0 1 5 0 
47730 426 322 79 4 330 52 0 142 898 8 4 4 1 0 
47773 403 298 65 4 329 67 0 152 879 10 4 6 10 0 
47867 391 280 62 1 315 59 1 134 866 9 1 6 8 0 
47787 416 298 67 3 320 49 2 157 880 9 1 7 4 0 
47890 401 270 67 3 301 51 3 147 854 4 1 3 5 0 
47773 405 303 65 1 288 51 3 187 910 6 2 2 4 0 
47784 400 283 66 0 331 60 3 164 890 5 6 2 6 0 
47728 413 318 64 2 351 63 2 165 880 3 3 5 3 0 
47860 395 302 51 4 326 56 0 158 832 6 2 4 4 0 
47772 427 290 58 2 315 63 1 154 895 9 2 5 7 0 
47733 454 278 59 2 336 61 1 179 879 8 2 4 4 0 
47794 431 303 63 0 310 64 2 159 854 6 1 6 7 0 
47854 427 282 70 4 325 54 1 147 814 10 4 4 4 0 
47811 435 303 51 5 321 52 1 147 857 7 0 5 5 0 
47766 402 317 69 4 327 47 1 154 896 6 2 4 5 0 
47727 417 310 78 1 297 64 2 164 925 7 1 4 3 0 
47780 439 313 66 1 307 39 1 187 849 7 1 4 6 0 
47718 389 340 57 3 298 69 4 169 931 8 1 5 8 0 
47860 402 304 81 5 250 58 2 155 864 9 1 3 6 0 
47872 388 314 64 0 323 64 2 145 802 12 5 4 5 0 
47808 403 307 62 2 314 56 3 158 867 7 4 2 7 0 
47771 366 314 83 2 324 57 4 175 880 9 5 3 7 0 
47831 396 294 67 5 328 62 4 155 837 6 5 7 3 0 
47775 405 305 45 1 342 54 1 181 867 9 4 6 5 0 
47833 402 278 68 0 314 66 1 153 864 12 3 3 3 0 
47748 415 292 71 1 347 72 1 150 882 10 4 3 4 0 
47847 398 300 67 3 313 54 3 151 843 10 2 6 3 0 
47684 398 342 80 2 347 58 2 166 899 9 5 4 4 0 
47807 413 320 73 1 302 49 2 157 853 4 5 10 4 0 
47777 405 310 67 4 322 56 4 165 871 11 2 4 2 0 
47782 368 318 72 3 330 69 1 148 886 11 3 4 5 0 
47785 429 287 57 2 310 70 4 135 897 9 2 6 7 0 
47764 398 303 67 5 291 56 8 149 939 9 2 4 5 0 
47731 389 306 70 0 335 48 4 161 930 4 6 6 10 0 
47649 406 329 79 3 351 51 4 154 945 13 1 8 7 0 
47794 390 313 60 5 330 54 3 145 887 7 4 4 4 0 
47825 397 293 69 2 304 75 2 146 867 8 2 4 6 0 
47817 396 326 68 4 321 47 3 152 857 4 0 3 2 0 
47759 391 304 70 1 347 45 3 158 902 7 2 8 3 0 
47782 424 310 68 1 329 60 1 153 852 10 2 7 1 0 
47776 402 327 73 2 313 56 3 160 866 5 3 6 8 0 
47805 412 261 54 3 322 54 1 163 908 7 2 3 5 0 
47806 414 286 84 3 300 61 2 156 874 6 3 1 4 0 
47940 385 269 45 3 303 50 1 152 832 10 1 6 3 0 
47818 407 317 70 1 313 49 1 158 845 9 4 5 3 0 
47807 393 324 68 3 299 58 3 141 880 12 2 3 7 0 
47734 409 316 76 2 323 62 2 181 872 4 2 8 9 0 
47833 412 288 63 2 305 58 1 147 874 6 1 5 5 0 
47812 413 288 62 0 307 44 0 153 896 9 3 10 3 0 
47737 380 292 63 2 336 53 1 163 948 8 4 6 7 0 
47789 405 297 73 4 324 50 2 189 854 4 1 5 3 0 
47872 399 269 73 5 318 45 1 156 848 7 1 2 4 0 
47868 412 317 57 3 305 51 3 153 816 7 3 1 4 0 
47804 405 301 54 0 328 62 2 161 862 11 1 7 2 0 
47801 438 290 75 0 336 55 1 145 836 16 2 4 1 0 
47868 372 313 80 3 279 54 3 141 869 6 3 4 5 0 
47749 417 301 72 2 299 54 2 153 926 10 7 2 6 0 
47806 417 293 77 0 309 49 2 146 876 7 5 7 6 0 
47768 382 314 59 1 340 64 2 177 874 4 4 4 7 0 
47762 408 317 71 1 359 51 1 164 846 4 5 5 6 0 
47839 402 294 74 3 307 44 2 161 851 9 4 4 6 0 
47873 366 289 77 4 308 61 1 148 853 7 2 3 8 0 
47784 432 266 72 2 295 44 0 169 915 8 1 5 7 0 
47791 418 284 76 0 342 44 4 178 850 4 1 6 2 0 
47736 410 292 60 2 333 61 3 175 902 7 4 10 5 0 
47907 394 309 56 2 303 45 3 131 838 4 0 1 7 0 
47755 425 306 87 4 286 51 2 174 898 2 2 6 2 0 
47767 429 302 71 1 324 54 1 158 868 12 0 9 4 0 
47737 431 300 61 0 334 58 1 170 890 6 4 5 3 0 
47754 404 294 73 1 304 73 2 161 901 12 5 10 6 0 
47841 416 287 65 1 299 44 2 168 859 4 3 6 5 0 
47842 371 293 68 3 288 59 1 169 880 10 4 6 6 0 
47688 422 323 69 1 322 73 1 179 898 15 3 6 0 0 
47872 372 349 57 2 298 48 6 133 843 9 0 4 6 1 
47828 387 291 55 2 329 55 4 161 867 4 6 5 6 0 
47803 452 311 64 3 281 47 3 146 871 3 3 4 9 0 
47836 434 266 65 5 296 52 1 144 886 7 2 0 6 0 
47803 430 297 69 1 296 52 3 152 882 5 1 7 2 0 
47877 386 302 58 2 307 52 3 161 834 4 3 6 5 0 
47804 409 302 56 3 332 42 3 155 871 9 4 6 4 0 
47762 426 289 68 2 337 65 2 152 880 6 1 3 7 0 
47797 420 284 63 1 302 76 0 161 880 6 3 4 3 0 
47806 394 301 53 4 312 68 3 172 865 11 1 5 5 0 
47827 441 283 54 2 305 64 1 170 835 7 2 5 4 0 
47891 390 303 54 1 271 56 2 139 872 8 4 2 7 0 
47855 386 311 64 2 277 50 3 167 859 15 3 3 5 0 
47738 393 307 88 3 326 57 1 162 907 6 1 5 6 0 
47738 447 336 78 3 329 57 4 145 852 3 0 6 2 0 
47839 346 292 63 4 318 60 2 152 905 5 2 6 6 0 
47851 395 296 60 3 325 53 4 141 850 6 3 8 5 0 
47750 398 314 80 0 319 56 1 168 899 10 0 1 4 0 
47789 385 328 64 3 315 61 3 166 859 8 7 8 4 0 
47787 417 303 67 4 301 65 4 134 898 9 5 3 3 0 
47758 441 278 53 1 310 50 2 165 917 10 2 8 5 0 
47774 415 302 67 0 299 50 4 164 903 9 2 4 7 0 
47717 426 298 73 1 346 65 2 146 906 7 1 8 4 0 
47783 417 287 58 4 312 65 0 178 870 8 4 9 5 0 
47761 408 326 53 1 321 63 2 166 878 10 1 5 5 0 
47828 429 293 61 0 281 52 1 154 883 8 2 2 6 0 
47784 410 286 67 2 334 53 1 149 889 8 6 7 4 0 
47773 410 306 55 3 295 57 2 181 888 8 4 8 10 0 
47853 412 279 62 0 297 49 2 161 870 5 2 7 1 0 
47810 399 312 64 3 327 45 0 159 861 6 4 4 6 0 
47850 404 299 62 2 307 55 2 158 836 9 4 6 6 0 
47711 413 311 71 1 298 56 2 188 926 13 3 4 3 0 
47767 424 298 74 1 323 49 3 167 873 8 4 3 6 0 
47853 417 310 89 3 298 60 3 130 810 10 4 6 7 0 
47781 388 337 62 0 324 45 2 151 892 6 3 3 6 0 
47777 391 311 82 5 305 59 2 162 892 4 3 5 2 0 
47778 390 324 68 1 308 62 3 153 896 5 2 1 9 0 
47819 431 265 61 3 294 56 2 159 890 8 2 4 6 0 
47767 399 302 59 1 340 43 3 165 893 8 4 9 7 0 
47864 382 321 69 3 291 57 2 145 848 7 3 4 4 0 
47789 429 316 62 4 324 62 0 153 837 7 4 8 5 0 
47745 421 305 70 0 332 63 2 174 858 13 6 7 4 0 
47763 397 313 66 1 306 47 4 157 917 9 5 6 9 0 
47765 446 301 60 3 284 54 1 175 893 9 4 0 5 0 
47800 401 295 61 4 307 54 4 161 896 9 1 4 3 0 
47758 401 326 70 2 325 50 3 143 901 4 6 7 4 0 
47797 397 314 60 2 324 43 2 172 873 5 2 4 4 1 
47729 431 297 71 2 321 54 5 165 906 8 2 6 3 0 
47732 424 304 61 4 348 54 0 167 884 7 6 4 5 0 
47781 426 305 70 2 311 65 1 158 856 10 2 6 7 0 
47793 410 318 67 3 297 60 1 153 875 9 2 6 5 1 
47810 388 308 77 0 311 48 2 165 869 12 3 3 4 0 
47810 411 296 56 2 310 48 5 170 867 12 2 7 4 0 
47790 405 297 75 2 316 54 1 163 880 8 0 5 4 0 
47735 404 297 61 3 315 62 2 158 941 11 5 2 4 0 
47756 393 318 54 3 325 66 5 172 880 11 2 8 7 0 
47781 426 285 62 1 312 54 2 144 915 6 1 3 8 0 
47831 405 291 55 2 319 69 3 156 856 5 3 4 1 0 
47746 412 306 65 0 328 49 1 171 899 11 4 3 5 0 
47741 416 314 67 3 315 57 6 177 883 8 4 2 7 0 
47825 391 277 72 5 327 44 0 152 885 9 2 5 6 0 
47851 391 298 80 3 311 51 0 160 844 3 1 3 4 0 
47752 416 293 66 0 319 66 1 170 903 6 1 4 3 0 
47790 403 324 62 1 337 55 1 145 864 8 2 3 5 0 
47779 410 299 71 2 340 62 2 162 860 5 4 2 2 0 
47847 395 307 57 2 303 51 1 172 854 4 2 3 2 0 
47818 412 308 84 2 305 54 2 135 866 6 3 2 3 0 
47799 419 299 66 2 299 46 2 155 888 15 2 5 3 0 
47802 397 291 65 1 341 55 2 162 868 4 3 3 6 0 
47784 378 312 72 2 302 59 2 149 915 13 1 3 8 0 
47805 401 267 76 0 329 52 3 169 882 7 1 4 4 0 
47770 404 308 64 3 289 46 3 159 928 10 1 7 8 0 
47831 391 300 59 0 325 61 4 179 828 5 1 5 11 0 
47768 426 291 67 4 334 51 3 160 874 13 1 2 6 0 
47747 435 281 59 2 322 49 3 161 921 5 1 4 9 1 
47810 393 296 56 5 325 43 1 166 883 9 1 4 8 0 
47829 405 299 52 2 305 58 3 149 881 7 3 4 3 0 
47808 398 300 70 5 294 61 2 165 872 7 4 8 6 0 
47878 372 286 62 2 317 64 1 162 835 5 2 4 10 0 
47809 401 289 73 3 351 63 1 150 837 13 1 7 2 0 
47754 428 265 60 8 332 64 2 151 911 10 2 9 4 0 
47706 426 333 61 1 323 69 2 153 904 8 5 8 1 0 
47757 391 293 79 3 344 55 3 181 876 4 4 4 6 0 
47763 433 290 59 1 316 50 2 144 915 12 3 6 6 0 
47830 395 285 65 3 313 54 2 162 874 8 1 2 6 0 
47824 375 310 77 1 343 48 0 153 851 6 1 5 6 0 
47809 369 328 74 4 325 50 1 171 842 11 5 4 7 0 
47849 391 277 73 4 284 43 3 142 927 4 1 0 2 0 
47836 428 278 71 3 307 54 2 160 837 10 3 5 6 0 
47799 411 294 59 0 350 61 2 143 864 6 4 2 5 0 
47807 398 299 55 3 303 59 0 154 907 5 2 4 4 0 
47796 415 288 74 1 294 52 2 160 896 9 2 5 6 0 
47754 446 321 54 3 298 49 1 142 917 4 3 5 3 0 
47841 382 288 60 0 303 63 2 160 883 7 1 6 4 0 
47717 463 265 60 3 340 54 2 170 904 12 2 4 4 0 
47806 420 287 69 3 294 53 1 157 894 9 1 3 3 0 
47755 419 300 54 0 338 53 0 154 915 5 1 3 3 0 
47730 441 330 59 2 300 56 4 169 897 7 0 3 2 0 
47703 414 338 63 5 305 54 1 154 937 10 4 4 8 0 
47714 397 302 77 5 331 49 2 182 911 12 5 4 9 0 
47798 404 290 85 0 302 53 3 156 898 5 1 1 4 0 
47772 416 322 73 3 301 45 4 198 844 9 3 6 4 0 
47743 415 321 65 1 317 59 2 167 894 5 1 4 6 0 
47810 408 315 63 4 339 44 1 135 866 7 2 2 4 0 
47810 415 304 64 5 309 55 1 147 875 5 3 4 3 0 
47792 436 285 65 1 313 53 2 164 875 7 0 4 3 0 
47810 412 284 73 3 323 50 2 158 863 9 3 4 6 0 
47769 421 325 68 2 318 50 6 147 871 8 4 7 4 0 
47821 453 263 57 6 331 43 1 164 849 4 3 0 5 0 
47895 414 299 50 4 323 57 1 135 802 11 2 3 4 0 
47697 405 311 62 2 328 52 1 189 921 11 3 8 10 0 
47753 458 311 50 0 321 57 2 152 875 8 4 2 7 0 
47786 393 317 61 1 315 45 2 157 895 12 5 8 3 0 
47780 378 289 65 0 351 44 2 156 922 9 1 3 0 0 
47738 421 340 54 2 317 52 3 149 901 6 2 10 5 0 
47805 437 292 73 1 289 48 3 160 879 5 2 3 3 0 
47744 436 316 66 4 319 54 2 155 882 8 0 6 8 0 
47790 394 298 70 4 300 61 2 159 898 13 5 5 1 0 
47825 392 324 75 4 282 61 3 158 850 10 2 5 9 0 
47763 423 287 56 1 315 50 2 154 927 5 3 7 7 0 
47824 405 310 69 3 302 50 1 170 856 5 2 2 1 0 
47794 416 270 66 1 295 49 2 177 906 13 3 5 3 0 
47781 394 315 60 3 309 53 3 168 897 5 1 5 6 0 
47797 419 316 59 3 311 47 4 155 862 10 4 7 6 0 
47726 444 314 57 2 297 47 3 164 925 10 2 7 2 0 
47793 387 299 48 2 342 62 0 164 883 11 3 6 0 0 
47815 421 313 57 1 313 59 1 145 855 10 0 6 4 0 
47766 414 295 61 3 330 56 1 163 890 11 1 3 6 0 
47781 426 293 73 3 322 66 1 156 860 8 4 2 5 0 
47784 372 313 68 2 304 49 5 206 875 7 4 6 5 0 
47809 425 293 69 1 333 43 1 180 824 13 1 3 5 0 
47834 393 284 59 3 318 59 2 160 864 11 4 2 7 0 
47720 400 324 63 5 332 58 2 175 900 7 4 8 2 0 
47750 436 297 75 0 269 60 2 176 926 3 2 0 4 0 
47821 388 289 71 2 312 65 3 145 878 13 5 4 4 0 
47801 390 326 75 1 306 58 1 150 878 8 1 1 4 0 
47802 425 306 66 3 316 67 1 141 853 12 2 2 4 0 
47874 360 292 60 4 329 52 1 150 864 6 2 2 4 0 
47825 403 309 72 2 274 62 5 156 875 6 1 4 6 0 
47774 394 308 68 0 308 48 2 204 874 5 6 7 2 0 
47801 382 294 71 2 305 40 3 150 935 8 3 3 3 0 
47760 390 291 83 1 334 49 2 174 904 5 1 3 3 0 
47824 402 299 61 4 308 55 1 156 867 9 4 5 5 0 
47774 391 310 68 1 285 44 2 161 936 10 6 3 9 0 
47765 406 281 81 3 306 62 1 167 908 10 1 6 3 0 
47812 401 307 58 7 313 52 2 160 871 5 4 6 2 0 
47784 426 281 76 5 314 48 4 152 896 7 0 5 2 0 
47840 368 293 69 2 328 52 2 160 864 9 3 3 7 0 
47897 389 303 58 5 261 60 1 172 828 4 5 9 8 0 
47803 415 266 66 0 308 55 4 169 889 9 2 7 7 0 
47771 439 307 63 5 320 50 3 146 868 10 0 11 7 0 
47754 410 295 74 2 329 53 3 149 924 2 1 0 4 0 
47849 396 289 75 1 276 57 5 153 881 7 4 4 3 0 
47814 416 311 62 0 341 59 4 151 823 9 1 7 2 0 
47866 406 301 51 3 296 58 3 154 849 4 5 1 3 0 
47797 417 293 75 5 332 49 3 155 853 11 2 2 6 0 
47863 374 288 72 1 275 58 3 167 873 15 2 5 4 0 
47834 390 308 60 3 312 50 2 168 848 11 2 4 8 0 
47822 400 276 66 3 325 53 2 151 876 15 3 5 3 0 
47733 399 305 74 1 303 58 5 147 951 5 0 10 9 0 
47823 371 294 77 2 313 59 4 158 875 12 1 6 5 0 
47770 428 319 69 3 305 47 3 158 872 9 4 7 6 0 
47840 394 279 73 1 308 54 1 166 858 6 4 11 5 0 
47906 392 264 62 1 317 50 2 135 847 11 2 5 6 0 
47794 379 324 81 2 317 53 7 160 861 9 1 5 7 0 
47662 457 297 69 2 331 58 1 163 940 7 3 5 5 0 
47796 408 313 78 1 293 58 1 159 869 8 4 4 8 0 
47768 413 324 64 2 296 47 2 143 915 9 6 7 4 0 
47752 434 313 58 1 301 49 1 155 925 5 1 3 2 0 
47755 398 343 73 3 328 53 0 140 891 7 2 3 4 0 
47790 418 303 79 2 300 63 3 132 892 10 1 3 4 0 
47678 399 300 74 0 349 56 3 166 948 13 3 6 5 0 
47771 457 297 83 3 347 44 3 131 845 7 1 6 5 0 
47809 410 293 77 3 333 67 3 161 819 14 4 5 2 0 
47663 456 308 62 2 363 56 1 157 911 10 2 3 6 0 
47786 420 318 72 2 321 51 2 160 844 9 2 8 5 0 
47831 389 334 73 3 274 42 3 169 866 7 2 4 3 0 
47907 387 281 66 1 294 50 1 159 834 12 2 3 3 0 
47784 370 303 71 2 320 57 3 160 908 11 1 4 6 0 
47759 414 295 70 1 332 60 3 158 895 6 2 1 4 0 
47832 364 275 62 2 313 64 2 172 888 11 3 4 8 0 
47871 425 292 75 2 282 41 1 155 828 5 4 5 14 0 
47791 402 316 67 2 316 56 2 157 863 12 2 5 9 0 
47782 416 319 63 1 321 53 2 151 875 8 1 1 7 0 
47749 407 314 64 3 284 54 4 197 899 10 1 5 9 0 
47769 397 361 53 1 296 43 4 173 889 3 0 7 4 0 
47736 432 297 60 3 351 50 3 176 879 6 2 2 3 0 
47830 382 293 73 3 312 64 2 140 879 10 1 6 5 0 
47754 447 306 59 0 321 68 2 152 872 6 0 4 9 0 
47760 426 292 54 3 327 51 2 157 899 11 5 7 6 0 
47823 403 299 74 1 306 47 3 162 858 11 0 8 5 0 
47763 406 304 65 3 325 60 1 141 914 7 2 3 6 0 
47767 408 301 81 4 300 66 1 150 892 14 1 7 7 1 
47842 401 290 69 0 307 54 4 157 856 9 2 4 5 0 
47854 381 286 59 6 323 51 0 176 840 14 1 6 2 1 
47748 442 295 58 0 306 62 2 156 908 5 3 9 6 0 
47739 403 304 69 2 335 71 1 175 885 5 2 7 2 0 
47787 439 278 68 0 319 50 3 167 870 8 1 7 3 0 
47830 426 305 70 0 282 62 4 143 858 10 0 4 6 0 
47839 399 308 71 0 298 49 1 148 872 4 3 3 5 0 
47849 382 307 68 5 319 56 1 138 851 9 6 3 6 0 
47781 428 317 60 2 331 50 3 141 856 10 4 7 10 0 
47920 392 278 60 3 293 58 0 149 833 4 2 3 5 0 
47763 422 320 69 2 326 59 3 172 844 6 4 3 7 0 
47747 423 313 68 2 301 60 1 164 893 11 3 6 8 0 
47752 418 297 69 7 332 61 4 167 873 6 4 7 3 0 
47876 385 275 67 1 315 54 2 144 866 8 1 2 4 0 
47770 446 302 59 1 335 58 1 181 829 8 2 3 5 0 
47877 394 289 60 6 308 48 1 131 873 4 2 2 5 0 
47714 424 322 55 4 318 58 4 171 910 9 1 5 5 0 
47787 419 283 84 5 280 45 3 169 906 7 1 8 3 0 
47787 411 279 74 1 305 54 0 180 889 6 0 6 8 0 
47785 399 293 76 3 320 53 4 195 853 6 1 6 6 0 
47858 411 276 56 2 290 52 3 169 861 12 2 5 3 0 
47762 438 301 81 6 285 48 2 165 887 10 2 4 9 0 
47875 360 280 78 3 286 54 1 148 894 11 2 4 4 0 
47795 386 354 53 3 328 50 3 143 860 7 3 8 7 0 
47848 389 319 50 2 295 70 6 145 851 11 2 2 10 0 
47890 378 290 62 1 288 47 3 151 876 3 0 6 5 0 
47811 413 306 69 2 317 58 2 169 833 6 2 5 7 0 
47718 440 287 51 2 309 62 4 186 920 10 2 2 7 0 
47804 402 327 62 1 318 44 1 145 877 6 1 6 6 0 
47788 382 306 77 2 318 61 1 176 864 13 3 5 4 0 
47739 400 315 74 2 310 58 2 161 921 8 5 1 4 0 
47752 392 310 73 2 347 56 3 154 892 5 2 6 6 0 
47833 416 287 70 2 288 59 2 133 891 10 0 6 3 0 
47720 407 313 71 3 308 58 0 188 912 11 1 6 2 0 
47807 403 295 64 2 318 42 3 163 883 7 5 7 1 0 
47709 399 310 73 1 342 57 0 154 933 8 3 5 6 0 
47833 385 312 64 2 310 40 1 168 869 6 1 6 3 0 
47823 391 311 61 1 311 68 3 158 850 5 5 5 8 0 
47802 447 279 71 2 301 47 4 159 877 3 4 2 2 0 
47785 450 296 73 2 322 62 1 148 847 6 2 1 5 0 
47797 419 294 65 1 308 56 5 150 884 9 4 4 4 0 
47793 410 307 84 1 328 65 7 138 848 8 0 6 5 0 
47745 395 310 76 3 298 68 4 166 913 8 5 3 6 0 
47722 395 332 83 1 333 68 1 168 880 3 0 7 7 0 
47869 409 272 66 4 332 37 1 160 823 12 1 7 7 0 
47807 406 317 65 2 320 48 1 152 862 9 1 5 5 0 
47775 414 317 64 3 311 52 1 146 896 7 2 5 7 0 
47792 418 289 65 2 292 59 1 146 909 12 4 4 7 0 
47850 430 282 62 5 284 48 3 155 863 6 1 6 4 1 
47848 435 260 67 2 328 49 1 165 828 7 3 3 4 0 
47865 415 312 67 5 317 47 4 135 819 5 2 3 4 0 
47756 417 265 77 2 322 56 3 172 906 9 3 5 7 0 
47852 412 289 77 4 301 53 1 149 838 10 1 3 10 0 
47706 445 308 75 2 327 55 1 169 887 13 3 5 4 0 
47757 410 329 60 2 318 71 3 161 872 8 2 3 4 0 
47748 422 319 65 3 312 49 0 168 889 10 0 7 7 1 
47853 420 302 59 0 288 64 2 138 860 5 2 3 4 0 
47806 389 280 81 1 312 63 2 156 891 7 4 1 7 0 
47755 398 306 93 4 328 54 1 159 886 5 1 4 6 0 
47877 413 308 48 7 291 49 3 166 820 8 3 5 2 0 
47835 395 292 76 2 305 60 3 156 856 12 0 5 3 0 
47682 417 285 86 3 355 59 4 162 927 5 1 8 6 0 
47834 407 303 62 1 284 51 2 166 866 12 5 3 4 0 
47787 400 310 70 5 299 60 1 163 885 10 1 6 3 0 
47841 394 269 68 2 301 61 3 157 884 9 1 4 6 0 
47826 393 292 65 1 291 46 5 156 909 8 1 1 6 0 
