47726 372 318 127 5 353 58 2 118 900 6 3 5 7 0 
47782 381 323 96 5 376 55 3 114 848 9 2 5 1 0 
47773 364 308 108 2 382 47 2 120 879 6 2 3 4 0 
47777 382 307 107 0 386 65 4 99 851 6 2 5 9 0 
47846 354 273 109 3 344 50 2 91 909 8 3 3 5 0 
47779 360 287 110 4 368 43 2 113 918 4 1 2 9 0 
47746 368 303 108 1 363 59 2 101 928 11 4 2 4 0 
47698 377 305 123 4 378 55 1 120 914 8 1 4 12 0 
47719 382 296 118 1 365 53 4 123 912 8 2 7 10 0 
47736 342 295 113 6 376 51 4 121 935 7 0 10 4 0 
47826 351 299 116 1 339 69 2 94 883 7 2 4 7 0 
47780 338 300 111 2 350 59 1 144 892 4 4 6 9 0 
47818 341 303 104 3 362 51 4 125 867 9 0 6 7 0 
47812 364 286 97 5 373 54 1 109 876 6 6 6 5 0 
47870 339 306 107 0 360 48 1 103 848 7 1 3 7 0 
47791 346 328 99 5 387 57 2 117 844 8 6 3 7 0 
47817 344 291 124 2 335 59 1 111 896 7 1 8 4 0 
47855 349 288 118 1 341 54 1 118 860 4 1 5 5 0 
47827 361 282 98 3 358 62 0 108 879 6 2 5 9 0 
47770 322 339 106 4 395 47 2 93 901 6 5 5 5 0 
47751 357 338 107 0 347 46 4 119 904 5 3 8 11 0 
47855 352 293 100 2 337 59 2 115 869 7 3 1 5 0 
47770 355 298 118 2 338 46 1 132 925 4 2 4 5 0 
47878 358 290 99 4 320 54 3 116 853 9 3 8 5 0 
47813 333 312 114 2 376 43 1 123 857 6 1 12 6 1 
47803 390 312 112 3 344 52 3 111 858 3 1 6 2 0 
47896 332 293 118 1 347 52 1 122 819 5 1 5 8 0 
47776 369 306 104 5 370 55 0 115 879 4 4 7 6 0 
47766 392 315 117 1 356 53 2 108 872 3 1 9 5 0 
47941 338 261 90 3 341 53 1 103 852 4 2 6 5 0 
47812 336 290 128 2 338 60 0 113 896 6 9 4 6 0 
47893 346 284 112 2 350 45 1 107 835 7 2 7 9 0 
47774 349 318 131 4 385 54 4 90 874 4 1 4 8 0 
47804 373 272 100 3 362 51 1 103 909 6 0 5 11 0 
47861 310 296 121 2 358 50 0 112 866 12 2 3 7 0 
47805 355 294 118 3 376 56 5 116 849 8 1 4 10 0 
47761 393 299 118 0 383 42 6 110 871 10 2 3 2 0 
47770 359 297 102 4 383 49 1 116 900 2 4 5 8 0 
47766 352 297 98 2 373 67 3 105 924 6 2 1 4 0 
47865 377 304 117 2 315 49 3 101 849 8 3 2 5 0 
47743 378 319 130 2 364 48 0 114 887 3 2 2 8 0 
47857 354 310 107 2 327 61 2 94 873 0 5 4 4 0 
47733 362 320 118 0 347 74 2 93 934 3 1 7 6 0 
47734 351 329 115 1 375 49 1 113 916 6 2 4 4 0 
47798 391 291 95 2 357 52 1 109 885 6 0 6 7 0 
47740 361 306 126 2 357 55 3 127 898 13 2 6 4 0 
47733 361 326 107 2 373 60 2 101 912 6 1 3 13 0 
47742 347 306 116 2 353 44 0 122 939 6 4 13 6 0 
47732 379 311 105 6 390 53 5 105 892 7 6 3 6 0 
47787 361 284 118 2 392 39 2 113 886 7 1 6 2 0 
47717 355 309 136 2 358 56 1 119 926 5 1 9 6 0 
47784 340 304 106 1 380 59 2 101 902 7 4 1 9 0 
47898 338 271 92 2 337 42 2 123 875 3 3 2 12 0 
47866 386 286 112 3 353 58 4 108 804 11 1 5 3 0 
47789 359 317 112 1 381 46 1 126 847 8 4 6 3 0 
47816 335 336 100 1 383 51 3 119 838 7 3 2 6 0 
47814 374 298 123 3 336 37 0 111 886 7 3 4 4 0 
47790 368 301 100 0 368 43 2 105 898 9 1 9 6 0 
47772 364 308 136 1 365 60 1 114 858 4 4 9 4 0 
47866 360 264 121 1 350 54 5 114 850 6 1 4 4 0 
47793 365 299 114 1 352 66 2 107 881 5 3 4 8 0 
47737 369 299 131 5 393 45 2 114 882 6 4 4 9 0 
47809 356 282 99 1 348 60 3 131 889 8 4 2 8 0 
47756 365 301 103 3 365 64 1 133 890 5 2 3 9 0 
47824 346 306 112 2 374 55 3 119 833 8 4 3 11 0 
47806 340 301 103 4 366 52 3 109 899 6 2 6 3 0 
47804 379 262 118 0 367 52 1 113 886 7 3 1 7 0 
47780 336 315 118 1 337 54 1 129 909 7 1 7 5 0 
47743 387 325 105 3 366 57 4 108 884 6 6 5 1 0 
47787 330 306 112 4 375 27 3 149 887 6 3 5 6 0 
47752 376 303 120 4 346 56 1 122 903 2 3 4 8 0 
47785 346 317 102 2 347 64 5 110 904 7 2 2 7 0 
47842 352 286 115 0 364 45 3 115 865 3 3 0 7 0 
47809 364 301 119 3 366 50 4 104 861 7 3 3 6 0 
47922 303 312 120 1 351 52 1 117 801 5 4 5 6 0 
47834 354 308 120 3 353 51 2 107 847 9 1 4 7 0 
47806 337 308 100 2 383 43 3 95 902 8 4 7 2 0 
47826 354 296 98 5 348 43 3 117 887 6 3 7 7 0 
47793 401 307 99 3 328 59 1 124 869 4 2 5 5 0 
47787 350 298 106 4 369 56 6 125 876 8 1 5 9 0 
47815 353 290 122 3 346 54 3 115 880 5 2 5 7 0 
47868 348 316 117 4 342 62 2 105 814 6 2 6 8 0 
47804 383 302 116 2 367 53 1 99 852 6 1 10 4 0 
47802 341 309 129 4 346 57 3 109 878 8 6 6 2 0 
47858 339 295 114 3 353 61 1 129 835 4 4 0 4 0 
47707 392 314 107 2 376 55 2 123 908 6 0 5 3 0 
47776 328 317 106 2 379 44 1 118 906 3 2 7 11 0 
47789 352 270 134 3 354 54 3 125 891 6 1 9 9 0 
47789 376 297 109 4 342 47 2 110 905 2 2 7 8 0 
47845 363 296 101 2 348 63 1 104 851 6 4 5 11 0 
47714 394 300 127 1 365 66 4 111 887 7 3 8 13 0 
47822 372 294 131 2 350 42 2 101 863 8 2 2 9 0 
47772 362 298 100 1 362 61 3 117 911 5 3 3 2 0 
47763 381 314 131 2 358 48 2 119 865 3 0 7 7 0 
47839 305 301 109 1 348 61 3 121 896 5 2 6 3 0 
47805 349 288 117 4 361 71 2 127 852 8 1 6 9 0 
47840 335 296 126 0 335 56 1 106 892 3 3 2 5 0 
47717 359 301 110 6 372 54 1 111 950 5 6 2 6 0 
47785 335 331 123 4 365 55 1 109 872 6 0 5 9 0 
47787 344 308 114 5 371 68 4 120 860 4 2 5 8 0 
47766 375 283 108 4 354 57 0 119 913 8 5 2 6 0 
47853 312 292 103 2 328 64 3 114 909 10 1 3 6 0 
47855 314 297 106 2 394 54 1 109 848 3 3 8 6 0 
47807 357 325 93 2 356 53 1 114 867 6 4 6 9 0 
47760 391 313 111 2 352 47 2 94 904 9 2 6 6 1 
47822 321 302 115 5 340 42 1 120 918 2 3 7 2 0 
47834 356 298 98 2 354 43 5 107 878 5 3 7 10 0 
47769 389 318 109 6 343 46 1 99 893 13 2 4 8 0 
47786 348 315 104 3 351 60 3 122 886 6 4 4 8 0 
47697 356 311 108 3 400 53 1 124 927 6 2 5 7 0 
47761 380 297 118 7 342 58 1 111 912 4 0 6 3 0 
47752 338 334 118 1 357 60 4 102 913 9 2 3 7 0 
47723 371 323 115 3 369 56 5 94 912 10 4 8 7 0 
47777 374 282 100 4 386 66 0 133 852 9 1 5 11 0 
47783 350 325 105 4 361 52 2 121 880 8 2 4 3 0 
47727 375 312 121 0 387 53 2 113 892 7 1 7 3 0 
47820 362 306 116 2 345 50 1 116 872 2 3 1 4 0 
47790 400 286 120 2 374 53 5 117 834 7 3 4 5 0 
47782 355 288 118 2 378 47 2 134 880 2 1 4 7 0 
47732 357 317 108 3 369 59 2 115 921 3 2 5 7 0 
47793 323 290 107 0 372 61 0 119 918 6 2 4 5 0 
47848 356 302 107 1 337 62 1 102 869 3 2 1 9 0 
47818 330 315 94 2 370 47 2 124 872 10 3 4 9 0 
47766 399 311 105 5 368 63 4 110 853 5 3 4 4 0 
47733 394 312 116 2 372 56 1 126 866 7 3 6 6 0 
47811 404 307 86 1 325 54 3 115 874 7 2 6 5 0 
47772 369 351 98 0 376 50 0 98 872 2 0 4 8 0 
47827 374 297 107 0 347 49 0 117 862 5 2 8 5 0 
47741 373 328 106 3 366 55 2 131 872 8 1 5 9 0 
47807 365 297 104 3 372 44 5 113 873 6 2 4 5 0 
47799 344 334 113 1 349 53 1 116 867 5 5 5 8 0 
47734 348 339 101 2 374 61 2 110 902 6 5 6 10 0 
47693 367 340 115 4 384 45 0 121 903 13 1 5 9 0 
47757 349 328 111 4 347 47 3 143 895 4 5 3 4 0 
47749 364 328 126 3 384 53 2 100 869 5 3 7 7 0 
47843 364 298 105 2 345 58 2 115 837 10 6 8 7 0 
47742 380 296 117 0 338 57 3 126 915 6 3 4 13 0 
47800 342 308 119 2 361 55 3 106 889 5 1 5 4 0 
47746 360 312 97 0 399 56 2 104 903 5 0 5 11 0 
47855 325 287 118 2 354 52 3 127 853 8 3 6 7 0 
47809 366 307 120 2 358 39 3 116 860 5 1 2 12 0 
47846 354 291 102 2 328 59 3 121 877 6 2 4 5 0 
47759 345 322 123 7 360 72 5 115 878 4 3 1 6 0 
47839 357 305 99 0 358 70 1 99 848 9 4 7 4 0 
47780 377 327 102 2 367 47 2 107 869 8 4 5 3 0 
47850 373 277 122 3 354 51 2 108 838 4 1 4 12 1 
47847 364 317 113 6 344 54 3 105 827 11 2 2 5 0 
47722 354 315 121 1 346 60 3 116 945 6 2 6 3 0 
47838 371 288 100 3 365 67 2 107 836 5 4 6 7 1 
47840 336 323 133 3 345 42 4 112 841 4 2 7 8 0 
47671 385 283 146 4 358 43 5 114 974 8 2 2 5 0 
47737 348 301 131 0 369 50 3 122 922 3 2 8 4 0 
47854 359 272 105 1 357 54 1 109 868 7 3 5 5 0 
47754 348 329 112 0 352 55 1 108 916 5 4 5 11 0 
47783 366 339 123 5 344 49 2 121 853 5 2 4 4 0 
47779 371 285 115 1 375 38 1 129 879 6 6 4 11 0 
47779 346 287 142 3 359 40 0 111 911 7 1 11 3 0 
47758 341 312 102 5 368 61 3 136 897 10 2 1 4 0 
47826 330 283 109 1 411 47 1 101 879 4 1 5 2 0 
47789 370 311 99 3 366 53 3 114 866 10 2 6 8 0 
47800 355 291 101 4 355 61 0 98 907 7 4 6 11 0 
47814 360 292 121 2 342 54 2 115 876 11 1 4 6 0 
47722 350 321 118 1 389 48 0 106 920 6 3 4 12 0 
47818 337 291 89 3 352 59 2 130 894 7 6 5 7 0 
47719 416 288 114 2 335 56 3 125 918 10 2 4 8 0 
47746 353 300 125 4 352 56 3 116 924 6 3 6 6 0 
47721 356 299 125 3 377 52 4 139 902 8 3 6 5 0 
47834 360 305 99 3 372 52 5 96 857 10 3 0 4 0 
47861 377 296 100 2 335 57 3 106 840 7 5 6 5 0 
47762 353 328 97 5 352 58 2 115 904 12 3 3 6 0 
47835 361 289 113 3 361 49 2 117 854 7 1 5 3 0 
47770 387 287 115 1 361 59 3 118 884 2 3 5 5 0 
47812 355 308 111 1 355 55 4 110 868 7 5 3 6 0 
47861 371 303 100 2 336 54 0 123 834 6 0 5 5 0 
47741 342 322 138 3 374 48 2 129 882 6 3 5 5 0 
47840 353 294 109 2 365 48 3 119 854 4 0 6 3 0 
47760 380 315 115 4 352 58 3 90 902 7 3 4 7 0 
47838 348 282 102 4 380 58 1 106 859 7 3 6 6 0 
47821 347 311 101 2 360 57 4 96 876 7 4 6 8 0 
47725 372 307 120 0 381 56 4 117 905 5 1 4 3 0 
47783 380 313 94 3 353 40 1 110 898 7 3 6 9 0 
47849 324 272 124 3 365 60 4 125 852 4 2 8 8 0 
47794 336 302 111 0 387 53 4 114 880 10 2 3 4 0 
47845 360 319 103 2 334 55 4 113 844 8 2 2 9 0 
47806 398 308 102 0 317 52 2 112 894 2 3 1 3 0 
47778 354 302 105 3 341 67 3 113 912 5 4 8 5 0 
47821 364 296 114 1 347 53 3 105 872 15 0 6 3 0 
47780 360 314 132 4 344 48 5 112 878 6 1 6 10 0 
47905 329 305 112 2 299 48 2 116 864 10 2 3 3 0 
47891 336 290 91 3 354 55 0 91 870 6 1 6 6 0 
47827 363 297 111 2 346 49 2 122 860 5 4 4 8 0 
47785 374 301 112 0 356 49 2 117 889 5 3 4 3 0 
47791 336 311 89 6 340 60 3 121 928 6 2 3 4 0 
47684 408 297 139 2 380 55 0 105 913 3 3 5 6 0 
47821 378 295 120 1 337 53 1 114 864 4 0 2 10 0 
47785 379 302 120 1 351 47 1 108 886 5 0 3 12 0 
47810 342 303 131 3 337 53 2 104 895 3 3 8 6 0 
47836 323 306 107 5 385 48 3 107 859 8 4 3 6 0 
47809 360 295 124 3 366 56 2 112 856 8 4 0 5 0 
47840 330 335 109 2 369 52 3 108 830 6 5 7 4 0 
47787 359 287 119 3 362 61 2 90 905 8 5 5 7 0 
47701 394 307 128 6 379 59 3 98 907 4 1 4 9 0 
47776 366 299 140 0 362 56 2 128 854 6 2 3 6 0 
47829 368 285 95 2 352 64 2 119 861 6 4 4 9 0 
47847 331 287 110 2 342 48 1 116 894 8 2 5 7 0 
47819 385 257 119 6 359 62 1 99 877 4 2 2 8 0 
47840 372 329 85 4 351 57 1 86 856 5 7 2 5 0 
47677 388 307 119 2 370 62 3 137 919 3 3 2 8 0 
47838 378 304 93 2 387 56 4 108 812 4 0 4 10 0 
47844 355 312 99 2 358 58 0 102 850 8 4 4 4 0 
47804 355 339 99 3 350 52 0 98 882 7 3 3 5 0 
47857 347 288 103 3 349 44 1 105 886 6 0 2 9 0 
47788 363 274 115 2 362 51 4 117 899 8 5 5 7 0 
47852 358 275 127 2 324 62 2 115 855 7 1 7 13 0 
47797 348 306 125 2 338 55 1 130 884 3 3 7 1 0 
47807 357 304 104 3 322 55 1 112 913 8 3 4 7 0 
47824 350 320 116 0 335 45 3 100 889 6 2 2 8 0 
47882 324 286 112 3 350 46 0 104 875 5 2 6 5 0 
47836 372 298 110 1 347 56 2 108 850 6 4 4 6 0 
47767 358 285 117 5 336 73 0 123 913 5 4 8 6 0 
47791 368 323 108 3 342 50 1 99 897 7 2 6 3 0 
47837 390 277 126 2 329 50 0 113 859 3 1 6 7 0 
47828 376 310 112 2 336 51 1 96 868 4 1 6 9 0 
47783 339 290 106 4 377 59 0 119 906 3 1 5 8 0 
47811 363 298 107 4 347 59 3 118 868 10 4 3 5 0 
47830 345 287 119 4 357 55 2 118 860 4 2 7 10 0 
47729 371 294 123 1 415 51 3 120 879 6 0 4 4 0 
47785 354 304 114 7 394 60 2 111 845 5 4 7 8 0 
47709 383 297 119 1 368 69 4 111 915 9 4 6 5 0 
47753 370 283 107 3 335 67 3 123 935 8 5 3 5 0 
47839 363 298 123 1 379 51 2 100 821 8 1 2 12 0 
47722 399 317 115 2 357 60 3 131 874 6 4 3 7 0 
47784 362 301 120 3 346 57 2 113 896 5 3 4 4 0 
47792 392 311 105 0 334 58 4 113 870 6 3 3 9 0 
47770 326 300 106 1 401 51 3 112 909 2 2 1 16 0 
47768 363 280 120 2 372 67 1 121 881 8 2 5 10 0 
47781 368 309 137 1 337 58 3 102 877 7 6 7 7 0 
47836 342 307 90 1 349 49 3 142 861 6 4 4 6 0 
47812 371 311 95 3 364 51 3 117 856 7 2 2 6 0 
47806 342 320 112 5 349 59 2 115 867 4 5 4 10 0 
47727 394 285 118 1 377 62 2 134 879 8 4 3 6 0 
47798 348 300 99 6 341 60 2 118 913 5 1 4 5 0 
47768 373 321 112 2 334 53 2 123 895 5 3 6 3 0 
47812 345 316 133 0 357 41 3 115 862 5 0 6 5 0 
47783 363 318 110 2 354 52 3 128 871 6 2 2 6 0 
47757 340 322 102 0 375 56 4 107 912 12 2 6 5 0 
47797 359 280 116 1 351 60 1 132 891 5 0 4 3 0 
47699 370 316 103 2 382 55 4 101 945 5 3 6 9 0 
47681 353 330 121 1 381 75 3 103 939 5 0 7 1 0 
47783 352 323 120 3 345 47 3 113 895 3 1 6 6 0 
47823 351 302 113 1 352 68 5 98 863 9 3 2 10 0 
47826 355 290 132 2 346 50 1 104 877 6 3 2 6 0 
47849 332 278 109 4 336 66 1 119 886 6 2 4 8 0 
47854 312 286 95 0 355 54 2 124 900 2 3 7 6 0 
47815 335 309 122 1 354 42 3 93 899 9 2 5 11 0 
47835 359 280 110 1 348 50 2 107 887 7 5 4 5 0 
47804 344 328 116 2 323 57 1 121 885 6 2 2 9 0 
47779 369 302 113 2 344 52 4 123 895 8 0 3 6 0 
47723 399 268 120 2 340 55 3 107 955 9 2 9 8 0 
47711 366 290 125 1 428 47 3 124 880 5 1 8 11 0 
47783 384 326 121 2 371 46 3 98 848 8 0 4 6 0 
47824 360 275 130 4 364 61 2 99 862 8 2 6 3 0 
47777 392 317 113 3 350 42 1 107 882 6 4 2 4 0 
47761 355 336 119 10 369 60 1 91 876 10 5 5 2 0 
47788 352 300 97 3 374 64 0 93 907 12 2 5 3 0 
47824 362 282 128 1 356 56 3 109 854 8 4 5 8 0 
47833 365 244 114 3 373 49 2 109 886 8 3 5 6 0 
47765 367 298 117 1 347 65 1 120 901 6 3 2 7 0 
47751 372 294 112 2 373 64 3 114 889 7 3 7 9 0 
47812 333 296 110 2 366 69 4 96 888 10 1 6 7 0 
47709 381 320 117 3 362 58 2 110 916 6 1 6 9 0 
47814 369 279 114 1 339 65 2 118 879 6 1 4 9 0 
47833 357 277 86 2 365 57 1 127 870 10 2 5 8 0 
47824 375 298 105 1 330 53 2 135 861 9 1 4 2 0 
47821 378 310 109 4 368 38 1 107 830 11 3 8 12 0 
47714 347 338 118 4 357 75 2 125 895 5 1 12 7 0 
47768 383 304 108 1 354 64 2 122 879 5 1 7 2 0 
47705 362 318 115 1 372 53 2 124 922 8 1 9 8 0 
47821 364 300 117 5 347 45 0 118 855 5 4 5 13 1 
47712 376 324 131 0 357 60 2 128 893 4 3 2 8 0 
47807 362 303 98 1 359 38 1 117 891 6 1 5 11 0 
47736 372 297 110 2 388 40 3 121 910 7 0 5 9 0 
47880 354 277 122 1 350 64 1 115 819 7 3 2 5 0 
47746 358 336 109 2 359 50 2 120 901 7 2 3 5 0 
47800 358 288 133 2 345 57 3 125 870 4 7 5 3 0 
47735 337 331 92 2 382 56 0 104 935 14 1 5 6 0 
47742 363 292 98 6 374 65 1 115 923 5 2 8 6 0 
47805 341 272 120 4 376 51 6 112 891 8 3 4 7 0 
47848 352 280 98 3 370 57 2 109 856 6 3 9 6 1 
47771 363 301 109 3 355 61 4 113 897 10 2 6 5 0 
47785 378 328 108 5 347 51 3 111 858 9 2 9 6 0 
47831 345 272 100 1 379 64 3 109 883 5 2 3 3 0 
47758 343 303 107 2 400 49 1 116 896 9 4 5 7 0 
47735 370 296 117 2 357 62 0 119 922 4 1 4 11 0 
47840 370 284 138 0 354 47 2 105 836 8 2 5 9 0 
47765 354 314 108 3 347 51 1 140 892 9 2 5 9 0 
47819 379 284 104 2 346 52 2 128 859 12 4 6 3 0 
47936 305 292 117 2 342 50 0 87 849 9 1 3 7 0 
47774 348 298 107 1 348 57 1 126 914 5 5 5 11 0 
47756 386 305 112 4 397 47 2 110 863 3 1 3 11 0 
47727 364 292 116 1 370 56 2 103 950 5 2 5 7 0 
47867 337 278 122 3 349 48 4 107 853 11 5 7 9 0 
47743 379 295 111 4 365 41 2 116 928 5 2 5 4 0 
47786 341 298 111 4 366 68 0 100 900 12 4 3 7 0 
47726 362 280 108 2 410 55 3 102 929 5 4 6 8 0 
47753 356 297 116 2 371 57 0 108 921 3 3 3 10 0 
47804 378 295 113 0 377 56 1 111 839 11 2 7 6 0 
47765 401 287 109 2 319 64 2 127 911 5 1 3 4 0 
47764 375 344 105 2 330 76 3 117 862 8 6 3 5 0 
47849 336 320 91 1 371 53 4 98 851 6 2 5 13 0 
47762 355 294 118 3 366 55 1 129 900 4 3 6 4 0 
47756 372 312 112 2 378 49 3 107 891 5 1 4 7 1 
47854 353 299 93 5 333 50 3 110 885 7 4 2 2 0 
47849 383 312 116 2 317 46 3 101 847 11 0 6 7 0 
47749 362 309 115 4 361 65 1 103 905 8 2 7 9 0 
47774 341 316 136 0 344 61 1 112 895 6 4 5 5 0 
47730 411 306 126 3 367 59 1 113 857 7 5 5 10 0 
47808 355 313 108 4 361 45 1 119 870 3 1 6 6 0 
47785 353 301 122 1 340 68 2 113 896 7 2 4 6 0 
47821 335 282 111 4 362 41 1 123 899 8 2 4 7 0 
47837 333 328 91 4 367 59 3 103 859 5 3 1 7 0 
47779 357 282 123 1 382 50 1 110 896 7 3 5 4 0 
47843 319 308 125 5 351 56 5 112 851 5 4 7 9 0 
47849 368 295 109 2 360 57 1 115 825 10 3 4 2 0 
47785 377 315 112 2 374 61 2 129 825 5 4 2 7 0 
47784 398 277 112 3 352 55 2 109 885 7 4 5 7 0 
47817 344 303 123 3 333 52 3 109 891 10 2 6 4 0 
47819 345 287 110 0 325 63 2 99 936 3 1 5 5 0 
47792 351 289 115 2 398 53 1 94 882 10 1 5 7 0 
47806 377 311 116 3 318 64 1 117 860 7 1 8 11 0 
47761 372 289 118 1 373 57 3 112 906 4 1 1 2 0 
47703 376 353 137 1 356 64 2 138 848 9 1 7 5 0 
47784 378 311 110 2 378 63 1 103 851 4 1 5 9 0 
47880 365 280 99 1 348 45 1 110 855 4 3 5 4 0 
47726 387 316 98 3 399 59 2 107 886 3 4 4 6 0 
47775 382 306 95 1 380 53 4 108 880 4 1 5 6 0 
47794 364 291 131 3 343 67 2 106 871 11 1 7 9 0 
47782 375 317 125 2 330 60 2 113 878 2 2 4 8 0 
47714 368 334 115 4 360 58 2 103 914 12 5 7 4 0 
47779 348 295 110 1 352 63 2 124 911 5 1 3 6 0 
47796 370 307 99 1 355 61 5 133 850 7 1 6 9 0 
47807 379 292 112 1 367 50 3 105 865 6 2 5 6 0 
47806 385 301 105 0 359 49 2 114 849 10 2 5 13 0 
47841 368 303 110 0 352 46 2 114 846 6 0 7 5 0 
47799 363 300 105 1 330 55 4 118 910 6 1 4 4 0 
47821 347 288 116 3 360 51 1 115 880 8 2 4 4 0 
47836 340 291 110 4 381 42 1 101 872 8 2 4 8 0 
47840 338 308 99 2 344 55 2 108 891 1 3 4 5 0 
47772 365 310 112 1 376 58 2 126 868 2 2 3 3 0 
47792 346 311 112 0 360 63 4 94 903 4 1 5 5 0 
47789 331 293 133 2 365 69 0 108 888 5 5 2 10 0 
47883 323 281 112 0 337 69 0 117 857 9 2 4 6 0 
47782 339 315 106 4 341 58 2 129 906 6 3 3 6 0 
47813 320 299 93 0 378 59 3 112 910 4 1 3 5 0 
47789 351 310 110 3 354 49 1 109 897 12 1 6 8 0 
47720 396 313 107 2 361 55 2 98 926 8 0 3 9 0 
47852 345 284 114 2 349 62 1 111 857 8 4 5 6 0 
47815 372 284 128 3 353 59 3 96 868 6 3 8 2 0 
47758 367 296 105 2 349 56 1 133 915 3 0 5 10 0 
47704 363 341 107 4 357 48 1 125 928 6 3 6 7 0 
47784 362 303 115 1 362 54 2 109 887 5 3 7 6 0 
47857 336 277 112 2 376 44 1 118 864 4 3 1 5 0 
47748 361 309 113 4 379 64 2 111 885 5 3 7 9 0 
47785 354 301 122 4 360 57 0 112 886 7 5 3 4 0 
47720 403 312 111 3 344 60 2 109 912 6 8 8 2 0 
47732 368 336 117 1 363 50 2 106 904 4 3 6 8 0 
47768 400 297 123 2 341 64 2 102 884 6 2 5 4 0 
47786 337 278 126 4 372 62 3 115 897 8 4 4 4 0 
47723 370 305 105 5 385 66 4 111 899 7 5 5 10 0 
47820 352 272 122 4 341 49 2 123 891 5 4 5 10 0 
47804 359 300 114 3 358 47 2 106 888 8 3 2 6 0 
47897 369 305 103 1 339 51 3 105 812 6 2 6 1 0 
47782 392 286 108 2 382 64 2 106 858 4 4 4 6 0 
47845 342 294 112 5 377 54 1 108 839 8 4 3 8 0 
47769 357 333 116 1 368 56 3 113 867 8 2 3 4 0 
47790 379 299 110 2 357 51 1 105 883 9 0 7 7 0 
47738 382 329 115 4 344 46 1 119 903 6 3 4 6 0 
47865 345 286 115 3 349 55 4 96 865 3 2 2 10 0 
47814 328 306 118 3 366 60 2 116 874 4 3 2 4 0 
47831 347 286 115 0 397 47 4 97 859 7 2 3 5 0 
47732 389 307 111 1 348 50 3 131 906 4 3 4 10 1 
47799 378 271 128 0 384 46 3 110 860 3 4 6 8 0 
47810 342 301 125 2 350 51 3 98 895 8 0 6 9 0 
47824 329 338 118 2 344 48 1 116 870 5 0 4 1 0 
47803 360 296 118 3 370 52 1 125 857 5 1 4 5 0 
47826 388 317 91 2 362 56 2 115 823 8 3 2 5 0 
47802 351 310 108 2 364 54 0 123 863 9 3 5 6 0 
47768 371 283 114 2 371 68 5 106 891 8 5 4 4 0 
47843 365 288 122 1 335 60 1 105 856 13 2 2 7 0 
47787 309 317 115 2 392 70 1 100 896 1 3 3 4 0 
47773 352 300 115 1 371 65 1 123 876 4 4 10 5 0 
47776 398 290 104 1 357 59 3 108 883 5 2 6 8 0 
47859 321 294 109 2 389 46 2 121 836 3 2 6 10 0 
47860 322 300 116 0 362 52 3 108 857 7 1 9 3 0 
47698 401 318 132 2 368 41 5 105 910 8 1 5 6 0 
47758 366 277 100 3 360 63 0 118 935 6 2 8 4 0 
47825 316 303 109 3 337 61 1 108 918 5 3 4 7 0 
47839 367 283 101 2 351 53 2 106 878 5 2 3 8 0 
47769 353 289 127 2 374 51 6 137 868 6 4 8 6 0 
47767 378 293 107 7 362 53 1 116 897 7 1 5 6 0 
47781 356 288 123 0 356 54 3 118 905 3 2 4 7 0 
47788 359 291 124 2 379 44 2 119 865 13 5 4 5 0 
47760 335 317 128 4 380 57 1 119 875 6 5 3 10 0 
47773 327 318 93 4 358 60 1 95 955 6 1 4 5 0 
47801 334 305 105 2 342 66 3 112 911 6 1 5 7 0 
47783 347 280 104 1 393 53 2 123 897 6 1 2 8 0 
47768 369 298 112 4 380 49 3 110 883 9 3 4 8 0 
47834 379 308 113 0 342 59 2 105 837 7 3 4 7 0 
47819 380 283 107 5 346 58 1 102 882 5 0 4 8 0 
47867 344 281 109 1 371 46 4 133 831 5 1 3 4 0 
47702 367 301 111 5 404 64 1 120 908 6 3 5 3 0 
47850 353 305 124 3 318 60 3 99 859 11 6 4 5 0 
47748 367 316 113 4 357 52 2 114 902 10 2 6 6 1 
47816 364 282 116 2 361 58 1 138 844 4 2 6 6 0 
47752 394 270 105 5 395 51 1 119 888 6 0 4 10 0 
47847 330 306 120 2 363 64 2 107 836 6 3 9 5 0 
47803 344 290 117 1 356 53 4 106 907 7 0 5 7 0 
47768 368 308 115 1 351 53 1 109 908 6 4 2 6 0 
47858 339 269 99 2 314 53 4 109 927 11 4 6 5 0 
47782 346 278 123 2 350 61 1 114 925 5 2 3 8 0 
47743 367 320 121 4 343 58 6 118 905 5 4 2 4 0 
47789 357 287 120 0 358 50 1 128 893 6 1 7 3 0 
47812 334 285 130 2 360 54 3 109 883 4 3 5 16 0 
47717 348 337 110 5 336 57 2 131 934 9 5 3 6 0 
47723 372 332 104 1 373 40 2 122 912 2 3 3 11 0 
47831 373 278 129 1 344 52 2 106 865 3 5 5 6 0 
47751 302 308 126 3 377 53 4 132 926 6 2 4 6 0 
47795 348 295 118 3 356 52 4 118 892 7 2 2 8 0 
47762 350 309 121 2 364 73 0 118 887 6 2 4 2 0 
47826 330 299 95 1 375 60 4 110 889 4 1 1 5 0 
47838 350 297 116 0 337 66 5 121 854 7 2 2 5 0 
47780 331 313 129 2 324 53 2 107 935 8 2 5 9 0 
47758 351 317 99 1 355 61 0 108 930 4 4 7 5 0 
47745 381 340 107 3 368 63 2 106 862 5 3 7 8 0 
47808 363 292 97 2 362 44 3 115 900 2 2 3 7 0 
47807 374 261 118 3 347 60 3 115 885 9 0 7 11 0 
47802 327 306 95 1 370 58 3 121 899 7 1 4 6 0 
47821 375 314 114 1 333 50 4 122 842 6 2 8 8 0 
47737 379 290 114 4 357 60 3 128 905 8 1 6 8 0 
47864 323 269 114 4 368 56 1 103 877 4 5 7 5 0 
47803 355 324 93 3 349 52 3 129 872 5 3 2 7 0 
47828 326 304 119 2 353 55 3 119 875 5 3 2 6 0 
47776 357 303 131 1 342 62 0 97 916 3 0 2 10 0 
47827 342 273 106 3 331 62 3 120 916 5 3 3 6 0 
47805 375 290 107 2 371 55 3 99 875 6 3 4 5 0 
47798 342 317 101 0 351 45 4 115 906 4 5 5 7 0 
47811 335 314 120 1 350 47 4 141 852 7 1 7 10 0 
47770 361 300 119 1 356 47 2 118 905 7 1 9 4 0 
47805 346 306 105 1 342 63 1 117 895 7 3 2 7 0 
47753 363 297 133 4 354 48 4 121 911 8 0 0 4 0 
47820 357 332 101 3 356 49 3 113 844 8 0 3 11 0 
47782 341 306 118 5 362 56 2 111 895 9 1 5 7 0 
47843 355 306 104 3 344 54 2 99 861 9 1 8 11 0 
47771 342 315 108 1 370 58 1 112 907 6 1 4 4 0 
47795 366 282 108 1 365 56 3 103 893 11 4 9 4 0 
47689 360 309 127 1 401 62 3 125 903 6 1 8 5 0 
47803 359 298 91 1 348 50 6 132 893 7 0 8 4 0 
47759 350 296 120 0 342 47 3 111 957 7 1 4 3 0 
47818 321 326 104 3 328 62 3 127 889 5 0 8 6 0 
47818 342 320 118 2 346 45 1 133 859 7 2 3 4 0 
47781 384 314 106 3 362 59 1 108 864 6 2 3 7 0 
47777 349 310 118 4 386 55 3 124 853 4 6 5 6 0 
47864 357 272 110 3 332 61 1 100 878 11 2 3 6 0 
47800 326 293 118 2 352 73 2 108 907 7 1 3 8 0 
47758 363 299 99 1 404 50 5 118 880 5 5 4 9 0 
47764 354 284 131 1 389 55 3 125 883 5 0 2 4 0 
47770 366 313 116 2 375 54 2 116 871 7 2 1 5 0 
47823 327 325 110 0 357 44 4 109 878 10 5 4 4 0 
47695 393 304 138 3 371 54 2 117 902 5 4 4 8 0 
47882 339 297 108 0 382 45 0 91 838 4 2 2 10 0 
47723 374 317 137 3 372 60 2 121 868 7 4 5 7 0 
47763 355 310 133 3 362 57 1 123 871 6 4 4 8 0 
47838 345 301 92 1 347 49 4 95 917 3 4 0 4 0 
47860 339 274 116 3 354 47 2 122 866 6 0 3 8 0 
47789 362 276 113 2 344 51 3 115 928 5 1 5 6 0 
47733 335 309 108 3 373 53 3 127 936 7 2 3 8 0 
47763 362 299 111 1 373 51 3 114 900 10 2 4 7 0 
47770 330 301 129 1 365 47 1 121 909 11 2 5 8 0 
47791 357 287 106 2 355 70 3 117 884 11 7 3 7 0 
47740 364 302 130 5 362 57 6 115 900 7 3 3 6 0 
47771 360 287 116 2 357 69 5 127 882 9 2 4 9 0 
47790 361 304 115 2 382 49 0 107 870 4 2 7 6 1 
47752 351 303 135 2 376 43 3 101 913 8 0 5 7 1 
47807 342 310 107 3 345 51 3 118 886 8 3 8 9 0 
47824 348 296 115 2 324 49 7 129 888 2 4 2 10 0 
47775 348 299 107 3 357 49 3 114 920 10 3 7 5 0 
47802 341 283 109 1 356 35 2 118 926 8 3 5 11 0 
47742 363 299 109 3 407 65 0 122 866 7 1 8 8 0 
47726 373 310 112 2 368 54 2 118 909 6 1 11 8 0 
47806 343 307 104 1 383 59 1 110 869 4 2 7 4 0 
47712 401 319 109 1 389 65 4 110 868 7 5 3 7 0 
47782 385 311 116 3 352 58 2 110 867 5 2 3 4 0 
47881 351 295 118 5 369 38 3 94 832 4 4 6 0 0 
47654 353 302 118 4 389 60 2 128 964 9 3 2 12 0 
47833 331 288 111 4 362 57 2 124 864 10 2 2 10 0 
47758 360 322 130 5 386 63 1 117 840 6 0 5 7 0 
47780 362 297 115 0 370 49 1 116 887 5 0 8 10 0 
47755 375 328 110 1 357 53 3 107 883 11 5 5 7 0 
47857 373 263 109 4 346 56 0 130 844 8 2 5 3 0 
47748 385 312 112 8 314 47 3 128 922 6 1 4 10 0 
