47821 385 278 89 0 346 43 2 111 906 4 4 6 5 0 
47844 359 300 81 4 317 46 0 128 906 3 2 4 6 0 
47742 392 313 78 5 325 48 5 143 928 5 6 4 6 0 
47793 415 288 89 2 300 51 2 137 904 10 1 3 5 0 
47825 394 329 78 2 328 43 2 125 858 11 1 1 3 0 
47805 396 316 77 3 298 58 3 138 898 2 1 4 1 0 
47851 373 279 81 3 330 47 2 125 886 7 4 3 9 0 
47773 392 291 90 2 357 61 3 135 875 9 0 5 7 0 
47778 368 342 85 2 338 42 1 133 887 10 3 5 6 0 
47752 408 311 95 2 367 44 1 135 872 5 1 2 5 0 
47859 349 281 96 1 329 52 4 131 876 9 1 4 8 0 
47805 410 284 100 4 341 43 4 133 863 5 3 1 4 0 
47811 367 293 108 0 342 47 3 136 872 6 2 5 8 0 
47805 363 312 75 1 335 53 0 131 911 5 2 2 5 0 
47790 362 321 83 4 339 51 5 144 888 6 1 1 5 0 
47746 388 307 88 4 330 47 3 134 929 6 6 4 8 0 
47759 364 297 117 1 315 66 1 158 906 6 3 1 6 0 
47743 390 303 93 2 368 53 3 143 880 6 3 6 7 0 
47815 375 288 90 0 329 51 1 129 902 8 4 2 5 1 
47789 364 305 98 3 343 62 3 142 870 5 6 7 3 0 
47869 374 271 98 1 324 57 4 133 854 6 3 3 3 0 
47823 347 331 92 1 315 47 5 134 886 4 1 8 6 0 
47799 379 297 108 2 320 52 1 157 861 6 6 3 8 1 
47843 346 291 97 3 344 50 1 156 854 4 3 4 4 0 
47820 380 304 94 6 323 56 1 141 861 6 1 2 5 0 
47784 391 325 93 3 342 51 7 113 876 6 0 4 5 0 
47799 402 299 87 4 325 63 2 115 882 6 5 6 5 0 
47830 410 301 76 2 349 48 0 135 826 5 5 5 8 0 
47769 360 317 95 1 334 44 2 146 908 13 1 5 5 0 
47935 380 283 73 6 333 64 0 107 802 5 1 9 2 0 
47808 350 296 76 1 336 64 3 156 888 8 2 7 5 0 
47748 406 297 101 3 364 59 2 123 878 6 2 4 7 0 
47747 396 334 101 3 347 48 3 135 862 8 2 9 5 0 
47763 389 302 81 1 336 60 4 146 904 5 1 1 7 0 
47801 347 318 75 2 349 53 4 130 900 6 5 3 7 0 
47816 399 289 96 2 355 61 0 148 811 11 0 6 6 0 
47808 399 311 100 2 307 58 0 139 853 8 3 7 5 0 
47804 371 276 96 3 354 63 3 134 874 9 0 7 6 0 
47756 370 308 90 3 349 78 2 117 909 6 3 7 2 0 
47782 367 282 73 0 347 61 4 137 934 8 0 5 0 0 
47728 421 317 76 2 331 40 5 144 913 10 3 5 5 0 
47783 359 279 75 6 357 69 1 144 900 12 3 3 9 0 
47785 363 295 107 2 344 54 0 158 877 5 1 6 3 0 
47767 401 284 99 2 340 45 5 147 893 6 2 4 5 0 
47809 388 286 98 2 310 59 4 144 886 5 1 3 5 0 
47671 373 336 91 1 361 56 3 149 936 5 4 9 5 0 
47801 382 290 91 3 358 62 6 123 869 7 1 4 3 0 
47745 424 302 85 2 337 72 3 130 882 8 2 3 5 0 
47809 389 309 69 2 346 47 0 141 875 6 4 2 1 0 
47793 388 287 70 2 340 62 2 136 901 10 1 4 4 0 
47788 395 265 98 0 334 54 0 151 897 10 1 4 3 0 
47814 429 289 92 3 292 52 2 153 862 4 1 4 3 0 
47787 378 276 92 1 323 67 5 151 899 7 3 4 7 0 
47816 355 285 87 2 373 58 4 143 864 4 2 1 5 1 
47844 388 308 101 2 317 65 3 138 810 11 2 8 3 0 
47809 375 329 95 1 334 51 1 161 824 7 2 4 7 0 
47699 403 331 90 3 344 66 0 146 902 6 1 5 4 0 
47752 380 311 84 1 329 65 4 129 924 4 7 4 6 0 
47811 367 299 85 4 380 47 2 137 853 6 2 1 6 0 
47753 385 322 79 4 310 51 5 129 932 13 5 9 3 0 
47760 387 284 109 5 342 45 2 127 918 6 2 4 9 0 
47747 373 271 101 2 340 58 2 119 959 10 4 7 7 0 
47812 402 332 89 1 300 41 4 139 863 2 5 3 7 0 
47749 394 299 100 2 341 63 2 137 897 5 4 3 4 0 
47823 342 312 102 3 312 52 2 125 907 5 2 7 6 0 
47763 387 313 102 3 329 61 2 137 886 3 2 4 8 0 
47837 374 298 77 3 314 42 2 144 893 6 3 3 4 0 
47737 403 295 82 3 352 62 5 133 920 6 0 0 2 0 
47842 385 305 85 5 324 39 2 140 851 8 4 4 6 0 
47791 399 291 87 4 328 75 2 131 871 11 0 5 5 0 
47779 405 280 75 4 351 55 1 136 886 10 4 8 6 0 
47827 350 301 93 1 336 54 1 122 896 8 0 5 6 0 
47769 388 296 84 3 341 54 2 136 904 11 2 2 8 0 
47800 396 303 94 1 298 53 4 137 887 10 5 7 5 0 
47776 368 279 90 3 353 50 2 134 923 7 3 9 3 0 
47771 378 286 103 3 362 51 8 144 871 5 0 8 10 0 
47772 423 307 90 3 307 48 4 153 879 6 0 2 6 0 
47780 387 308 69 6 322 53 1 122 925 5 0 10 12 0 
47740 395 330 106 2 342 46 4 148 861 9 3 6 8 0 
47784 375 299 94 4 306 68 0 138 909 9 4 4 6 0 
47848 359 291 86 2 334 58 3 137 864 7 1 3 7 0 
47956 352 295 77 0 306 51 2 106 838 7 1 5 4 0 
47789 388 298 93 1 347 57 1 127 883 6 1 4 5 0 
47796 373 290 92 3 350 54 5 141 876 8 1 3 8 0 
47754 384 314 96 2 344 68 1 111 909 7 0 5 5 0 
47774 402 291 70 5 309 62 4 149 914 6 2 6 6 0 
47833 362 294 101 3 304 60 1 137 886 4 4 6 5 0 
47802 376 335 83 2 325 51 1 137 869 5 2 5 7 0 
47822 373 318 72 1 359 40 2 130 863 10 2 4 4 0 
47778 375 304 83 4 375 49 3 127 885 7 0 4 6 0 
47840 382 296 81 0 318 57 4 125 878 7 2 6 4 0 
47758 344 294 75 3 372 48 1 164 922 9 2 6 2 0 
47756 365 346 98 3 351 58 1 136 865 8 1 3 9 0 
47802 399 296 74 4 356 49 4 150 855 5 2 2 2 0 
47729 384 316 91 2 358 47 2 145 909 5 0 7 5 0 
47792 396 323 93 4 318 55 1 145 852 14 3 2 1 1 
47746 406 326 90 2 353 43 4 147 865 6 3 4 4 1 
47732 355 314 94 2 331 60 0 147 948 8 3 2 4 0 
47827 377 304 105 4 359 43 0 123 840 8 2 3 5 0 
47859 380 298 88 3 284 60 3 135 868 7 0 10 5 0 
47759 362 337 96 1 335 57 1 134 900 7 4 4 3 0 
47813 363 288 90 1 330 54 3 147 885 8 4 6 8 0 
47780 378 283 93 1 362 65 2 133 882 7 2 6 6 0 
47800 355 295 80 2 364 50 2 146 889 10 1 4 2 0 
47812 361 332 78 5 339 61 1 130 866 4 2 2 7 0 
47825 363 303 100 1 354 59 3 122 848 10 3 7 2 0 
47725 428 319 85 3 326 63 1 122 904 4 4 9 7 0 
47775 373 311 91 4 329 49 2 129 908 13 3 5 8 0 
47755 394 288 80 1 371 67 5 124 898 8 3 3 3 0 
47829 348 293 97 2 332 53 4 142 885 3 5 4 3 0 
47753 401 297 91 3 355 62 2 143 871 8 3 8 3 0 
47778 344 324 78 5 365 58 1 158 867 11 2 4 5 0 
47787 392 289 67 2 338 51 7 143 891 10 5 8 10 0 
47805 398 309 78 4 358 54 3 135 836 9 4 2 5 0 
47851 328 302 92 3 335 49 1 138 881 5 3 5 7 0 
47807 377 289 84 6 323 42 3 132 922 4 2 0 9 0 
47774 393 292 100 2 361 42 3 145 861 10 9 4 4 0 
47757 405 311 76 0 337 54 3 139 901 4 2 4 7 0 
47824 395 307 88 2 312 65 1 125 867 4 2 3 5 0 
47768 384 318 86 5 332 43 3 155 886 6 3 7 4 0 
47800 408 291 81 2 333 57 2 157 849 6 5 7 2 0 
47761 388 312 103 2 372 55 4 115 866 5 2 7 8 0 
47803 397 285 93 1 330 68 2 144 851 13 2 6 5 0 
47920 334 260 69 2 348 55 2 119 875 3 2 5 6 0 
47788 361 299 94 4 356 54 3 155 867 7 4 5 3 0 
47748 382 316 81 4 371 57 1 128 902 4 2 2 2 0 
47763 376 305 91 3 354 62 3 142 890 5 1 4 1 0 
47866 355 305 89 1 308 71 2 103 874 8 3 9 6 0 
47747 374 310 104 4 303 49 3 153 935 8 2 4 4 0 
47809 364 306 105 3 356 46 2 131 862 8 2 3 3 0 
47800 378 311 70 3 345 52 3 144 883 4 0 4 3 0 
47789 391 310 84 2 343 52 2 140 869 7 1 5 5 0 
47765 342 308 97 5 332 54 1 141 939 6 2 1 7 0 
47830 358 297 90 2 312 67 1 140 884 9 1 5 4 0 
47771 388 312 86 1 341 61 5 144 873 7 4 4 3 0 
47733 390 286 86 1 371 66 3 136 909 9 1 4 5 0 
47766 394 310 79 3 304 63 6 124 931 5 5 4 6 0 
47735 392 335 80 3 358 44 3 140 887 8 1 6 8 0 
47791 431 301 91 1 331 48 1 146 836 10 3 4 6 0 
47766 376 281 91 3 351 47 2 141 923 7 4 2 6 0 
47825 351 314 89 3 326 53 3 136 888 3 1 4 4 0 
47724 431 306 81 3 370 59 9 146 848 3 6 8 6 0 
47854 361 293 87 5 334 49 3 131 862 11 4 5 1 0 
47793 383 278 83 3 334 55 4 139 902 12 2 7 5 0 
47769 380 330 92 0 343 55 4 132 872 9 3 6 5 0 
47804 393 313 96 4 345 40 4 111 874 5 1 2 8 0 
47860 374 310 84 3 318 48 3 141 842 6 5 3 3 0 
47799 356 320 109 3 356 56 7 129 839 5 4 12 5 0 
47866 353 289 88 1 321 53 1 135 876 10 2 2 3 0 
47759 405 320 103 2 344 52 3 136 854 5 2 5 10 0 
47761 402 302 99 3 372 51 0 126 868 4 3 4 5 0 
47816 380 322 91 0 317 56 5 139 853 7 3 4 6 1 
47760 396 288 108 0 342 56 2 126 907 8 0 5 2 0 
47826 389 312 93 4 294 62 2 134 871 7 2 1 3 0 
47717 394 311 107 0 355 54 2 143 900 6 2 5 4 0 
47789 388 301 84 1 340 64 4 146 854 9 4 7 9 0 
47833 369 301 72 3 314 49 4 128 909 5 5 5 3 0 
47839 380 278 92 3 324 59 3 134 871 5 3 5 4 0 
47802 360 302 81 3 370 47 2 118 893 5 3 5 9 0 
47891 356 265 78 0 335 53 1 126 874 6 1 7 7 0 
47781 394 282 101 2 320 52 3 150 896 8 4 3 4 0 
47700 446 309 84 1 380 45 5 135 874 12 2 4 3 0 
47760 409 321 95 2 297 63 4 120 907 6 3 6 7 0 
47763 368 311 102 2 336 57 1 134 915 5 1 4 1 0 
47774 396 290 100 0 347 57 4 146 871 7 1 3 4 0 
47897 342 285 87 3 345 50 1 136 828 9 5 6 6 0 
47764 402 299 93 2 338 58 3 136 886 4 5 3 7 0 
47770 367 305 87 2 340 47 3 150 913 5 4 4 3 0 
47758 380 308 100 2 359 61 3 123 887 10 2 3 4 0 
47832 388 287 84 0 330 59 2 142 858 4 2 5 7 0 
47809 362 295 88 2 336 66 3 119 899 6 2 6 7 0 
47818 360 324 87 1 363 37 1 124 874 3 3 3 2 0 
47804 394 288 95 3 333 72 1 136 852 5 1 6 10 0 
47773 407 296 93 1 335 49 1 146 882 6 2 4 5 0 
47815 370 292 106 1 329 49 2 104 917 6 3 3 3 0 
47720 364 292 95 4 360 47 3 166 929 5 4 2 9 0 
47705 380 287 87 0 357 66 2 151 945 6 3 6 5 0 
47882 365 271 85 4 306 52 6 125 882 4 3 6 7 2 
47901 356 262 81 0 348 55 1 135 844 7 1 2 7 0 
47874 368 280 105 1 334 67 2 131 824 3 4 3 4 0 
47718 402 308 102 3 340 48 6 130 924 6 2 5 6 0 
47751 365 286 101 3 336 46 1 149 940 4 1 7 10 0 
47833 370 289 93 2 313 52 2 139 891 9 2 1 4 0 
47819 358 296 98 2 324 53 3 143 883 12 1 5 2 1 
47712 392 302 79 2 372 64 1 132 920 8 6 4 6 0 
47772 402 338 89 0 329 59 1 132 861 6 2 2 7 0 
47774 338 312 98 2 341 49 2 125 938 10 1 3 7 0 
47732 388 313 90 3 312 59 0 140 933 9 7 6 8 0 
47734 410 299 104 3 330 66 1 132 904 4 2 7 4 0 
47711 399 328 94 3 309 58 2 146 924 7 4 9 6 0 
47745 370 305 95 4 352 54 1 145 913 4 2 6 4 0 
47759 430 314 89 2 317 64 3 124 878 6 2 4 8 0 
47807 405 300 89 2 349 61 1 143 825 8 4 4 2 0 
47837 346 306 82 2 295 51 4 175 886 3 4 3 6 0 
47761 388 318 98 4 336 47 2 162 860 13 4 3 4 0 
47782 401 279 71 5 382 48 2 146 863 4 3 6 8 0 
47799 424 272 86 0 337 50 1 148 866 6 0 4 7 0 
47749 439 293 79 3 332 41 2 126 914 11 1 3 7 0 
47740 403 307 75 3 329 62 2 122 929 13 4 4 7 0 
47819 396 305 90 4 322 46 2 135 857 7 4 6 7 0 
47784 391 301 79 3 352 63 3 148 855 4 1 7 9 0 
47787 405 322 98 1 353 59 4 112 842 4 1 4 8 0 
47834 367 330 78 4 328 47 4 132 860 7 1 5 3 0 
47851 366 293 96 3 319 53 6 125 872 3 1 5 7 0 
47795 385 296 92 4 357 51 1 116 880 5 4 8 6 0 
47805 422 304 87 0 303 56 3 141 855 6 5 4 8 1 
47813 371 277 94 1 323 51 4 166 876 7 2 4 10 1 
47805 361 293 97 4 351 65 3 139 865 11 3 1 2 0 
47776 371 286 92 2 365 54 6 123 902 6 4 10 3 0 
47811 414 295 74 2 325 50 4 137 865 5 1 11 6 0 
47813 365 315 86 2 306 46 4 143 901 6 4 5 4 0 
47791 362 278 90 2 344 52 2 141 915 6 2 7 8 0 
47702 382 320 88 1 335 65 2 144 945 5 2 1 8 0 
47765 409 300 98 1 340 58 1 153 854 6 5 3 7 0 
47796 341 318 92 2 348 62 1 133 896 4 1 3 3 0 
47715 390 304 100 5 327 79 3 141 923 5 3 3 2 0 
47820 372 282 90 6 342 55 2 141 875 5 6 2 2 0 
47690 394 314 94 3 346 64 3 138 934 9 1 5 5 0 
47753 405 313 98 5 327 59 2 121 897 9 1 5 5 0 
47791 375 281 96 3 346 50 2 134 899 10 4 4 5 0 
47729 413 320 90 2 345 56 3 142 874 12 3 5 6 0 
47853 388 270 74 1 357 43 2 122 877 3 2 4 4 0 
47797 395 292 100 3 329 50 4 133 872 10 2 11 2 0 
47775 395 294 73 5 357 55 1 141 877 10 5 6 6 0 
47807 379 277 96 3 338 54 3 143 882 9 1 4 4 0 
47704 412 286 113 3 336 63 3 135 922 7 4 5 7 0 
47820 391 300 80 2 322 49 0 136 884 8 0 6 2 0 
47792 398 310 88 1 353 58 3 136 839 8 5 2 7 0 
47820 382 268 111 2 318 61 2 132 888 3 1 8 3 1 
47815 377 288 81 3 346 48 2 145 882 4 0 4 5 0 
47774 409 316 96 4 333 51 4 138 855 7 4 5 4 0 
47864 388 275 88 2 317 62 4 131 846 8 1 8 6 0 
47877 384 286 101 3 347 45 1 133 809 7 1 4 2 0 
47796 368 297 93 0 329 58 3 137 899 8 2 2 8 0 
47771 427 277 93 1 323 52 3 133 903 6 2 5 4 0 
47776 383 288 94 1 331 57 1 125 922 8 2 6 6 0 
47753 380 289 86 0 330 52 2 145 941 9 4 3 6 0 
47830 369 294 71 2 382 66 1 139 832 7 1 1 5 0 
47887 391 299 96 2 315 64 1 121 798 6 4 9 7 0 
47805 377 323 103 4 317 55 2 130 858 8 4 8 6 0 
47773 357 300 84 3 358 50 2 141 914 6 1 7 4 0 
47815 390 277 85 1 331 57 1 160 862 5 3 7 6 0 
47774 392 333 92 2 330 44 2 127 888 8 1 4 3 0 
47790 400 306 82 1 330 49 3 145 881 3 2 5 3 0 
47845 386 304 79 3 369 53 2 114 823 4 4 4 10 0 
47745 411 336 83 2 301 65 4 136 903 3 2 2 7 0 
47760 372 329 92 0 312 56 3 151 904 6 4 2 9 0 
47833 373 309 92 0 341 50 2 135 846 9 0 6 4 0 
47807 370 312 69 1 321 53 1 139 909 4 2 6 5 1 
47728 388 329 91 6 375 59 4 128 875 4 1 6 6 0 
47849 360 295 109 3 329 56 1 137 839 5 3 6 8 0 
47773 372 313 89 2 358 50 3 136 884 9 2 6 3 0 
47775 366 311 93 2 326 42 2 139 919 10 3 4 7 1 
47724 382 308 102 2 369 55 2 131 904 5 5 5 6 0 
47851 367 337 99 0 332 46 1 128 826 6 1 4 2 0 
47828 361 282 78 2 342 60 3 125 897 5 0 7 10 0 
47812 413 298 79 3 308 43 1 127 893 11 1 4 7 0 
47784 379 277 78 3 363 56 2 131 900 8 7 7 5 0 
47833 353 326 82 3 365 50 0 128 840 5 3 3 9 0 
47890 339 293 100 1 315 49 5 133 865 1 2 4 3 0 
47743 407 309 87 2 352 53 6 132 893 9 1 3 3 0 
47827 370 290 99 1 344 48 1 126 876 8 4 3 3 0 
47809 358 300 84 5 301 53 1 135 935 7 6 3 3 0 
47757 390 310 107 1 349 50 1 151 861 7 4 6 6 0 
47835 383 292 92 1 356 52 1 119 850 7 0 5 7 0 
47788 377 293 101 3 328 52 1 132 907 7 2 4 5 0 
47808 411 300 98 2 327 39 3 138 853 11 2 2 6 0 
47825 377 280 89 3 328 64 6 143 868 7 2 5 3 0 
47788 374 333 92 5 355 47 2 129 851 7 4 8 5 0 
47841 387 285 86 0 363 36 2 134 851 4 3 3 5 0 
47835 377 273 90 3 334 48 1 125 897 7 2 2 6 0 
47835 399 317 92 2 315 68 2 138 804 11 1 3 13 0 
47778 392 293 83 3 334 57 1 134 910 5 1 4 5 0 
47804 385 317 91 0 312 57 2 132 882 8 1 5 4 0 
47743 398 292 86 5 356 65 3 146 890 5 3 5 3 0 
47865 352 301 84 2 326 55 5 125 864 6 2 7 6 0 
47770 387 342 95 1 332 48 1 123 885 6 4 2 4 0 
47794 389 296 85 8 324 52 3 118 909 5 4 8 5 0 
47874 345 287 94 0 339 77 3 126 841 6 2 4 2 0 
47816 405 274 92 4 342 47 3 132 869 7 2 3 4 0 
47757 396 313 84 2 344 59 2 148 879 9 2 2 3 0 
47748 399 324 106 1 342 53 2 136 874 8 0 1 6 0 
47824 371 329 80 3 343 48 1 156 829 7 2 3 4 0 
47756 358 310 88 4 352 66 4 138 908 6 0 3 7 0 
47841 359 293 77 5 325 59 2 120 898 6 4 7 4 0 
47773 388 316 101 0 332 64 2 127 872 7 4 5 9 0 
47794 415 270 99 2 330 39 0 127 901 12 1 4 6 0 
47709 376 306 102 3 335 57 5 142 943 11 3 4 4 0 
47732 396 314 81 4 328 60 3 155 906 8 3 5 5 0 
47795 364 332 84 2 361 41 1 151 846 8 2 7 6 0 
47771 379 298 86 1 348 63 3 140 893 6 1 5 6 0 
47833 391 305 97 1 322 65 6 125 839 3 3 4 6 0 
47739 399 310 89 4 354 72 4 124 886 5 2 5 7 0 
47756 354 292 104 2 357 57 0 118 933 13 1 6 7 0 
47811 407 322 84 2 321 55 1 142 839 2 6 5 3 0 
47785 386 289 89 2 352 60 5 137 878 7 3 2 5 0 
47768 384 312 80 6 338 48 1 125 920 7 0 6 5 0 
47734 396 294 85 6 316 71 3 132 945 5 3 7 3 0 
47834 357 308 89 2 307 68 2 145 866 7 5 3 7 0 
47803 360 317 89 3 334 46 2 127 895 8 5 5 5 1 
47804 395 283 82 3 350 55 1 143 860 7 3 7 7 0 
47728 386 309 94 1 356 51 2 137 912 9 0 9 6 0 
47859 375 285 101 2 338 37 2 111 854 11 2 6 17 0 
47799 385 309 84 4 333 37 3 137 887 8 3 3 8 0 
47731 391 289 90 1 343 64 5 135 931 10 4 3 3 0 
47792 364 307 91 3 355 59 3 142 862 10 3 5 4 0 
47734 396 330 103 2 342 66 0 141 868 7 3 4 4 0 
47827 357 294 86 1 345 59 5 143 872 5 1 2 3 0 
47868 394 315 85 3 327 64 2 115 813 6 1 1 6 0 
47808 374 324 97 1 325 60 5 115 871 8 3 4 5 0 
47827 349 312 81 4 337 54 3 133 878 9 1 8 4 0 
47796 392 299 80 4 319 57 1 132 906 5 2 2 5 0 
47876 333 295 79 1 347 40 4 149 860 7 3 3 3 0 
47863 374 303 71 3 302 53 1 162 842 9 6 3 8 0 
47846 346 305 97 2 316 66 6 132 863 1 2 4 14 0 
47837 333 316 67 5 342 48 0 133 895 7 3 10 4 0 
47804 379 299 101 5 322 39 2 132 897 6 4 4 6 0 
47800 395 307 89 2 321 47 2 139 882 7 3 3 3 0 
47805 374 278 97 4 327 56 3 147 891 7 2 4 5 0 
47755 385 292 97 2 354 62 3 152 871 10 3 3 10 1 
47818 399 302 61 2 345 61 1 133 858 2 8 4 6 0 
47755 409 313 105 3 310 67 2 136 879 3 3 11 4 0 
47797 352 288 90 1 333 72 0 130 919 6 5 2 5 0 
47768 379 309 78 2 350 48 0 145 906 3 3 6 3 0 
47769 419 293 98 4 350 64 1 139 842 6 3 5 7 0 
47715 381 299 96 2 334 57 2 144 951 5 2 5 7 0 
47767 378 282 96 3 341 54 4 132 920 11 5 4 3 0 
47787 400 315 101 2 303 64 1 135 877 5 2 3 5 0 
47769 373 315 97 2 336 63 4 140 877 9 3 5 7 0 
47796 390 284 115 1 332 55 1 126 879 8 1 4 8 0 
47797 391 275 99 1 323 51 5 134 909 5 3 2 5 0 
47847 380 282 75 3 332 65 2 115 878 9 0 10 2 0 
47861 407 279 80 0 334 50 3 126 842 6 1 3 8 0 
47812 337 314 89 3 352 55 1 162 852 5 4 7 7 0 
47779 390 312 93 2 351 43 3 141 859 10 7 8 2 0 
47745 397 276 95 2 348 67 2 143 905 9 2 5 4 0 
47859 372 280 99 0 352 52 2 127 832 6 3 8 8 0 
47736 412 281 76 2 344 60 0 151 918 8 2 4 6 0 
47863 338 286 75 0 349 61 4 154 852 8 1 6 3 0 
47752 368 326 94 4 338 61 4 126 912 4 0 4 6 1 
47781 382 287 105 3 314 46 2 163 890 13 2 4 8 0 
47829 376 310 91 2 318 47 4 141 863 9 2 4 4 0 
47878 371 308 85 1 309 61 2 132 832 5 2 6 8 0 
47781 383 301 71 1 368 47 1 135 891 8 2 6 5 0 
47844 360 319 87 3 329 53 1 135 843 8 3 8 7 0 
47757 393 280 93 2 367 50 0 143 893 8 6 3 5 0 
47874 348 248 83 0 319 56 3 128 919 9 5 4 4 0 
47776 396 273 94 5 356 60 2 136 888 3 3 1 7 0 
47824 363 303 100 3 322 51 2 130 885 6 2 4 5 0 
47844 354 308 91 2 349 53 0 129 854 5 0 6 5 0 
47762 359 316 89 2 360 57 3 138 892 7 5 6 4 0 
47862 419 267 94 0 295 60 1 148 833 6 5 3 7 0 
47780 368 279 118 6 370 63 1 143 853 12 2 2 3 0 
47852 374 275 77 2 313 60 3 147 883 7 1 1 5 0 
47878 340 293 98 1 318 50 6 137 867 4 3 2 3 0 
47789 393 298 81 1 321 55 2 126 912 8 3 5 6 0 
47830 351 317 94 6 318 55 4 135 873 5 1 6 5 0 
47716 405 323 95 1 331 56 3 155 895 9 0 3 8 0 
47806 393 281 93 0 327 55 3 136 890 7 2 3 3 1 
47829 360 316 82 2 361 42 1 144 847 11 1 2 2 0 
47826 365 316 90 4 331 45 2 130 872 6 2 4 7 0 
47745 379 327 90 1 360 65 2 128 889 2 0 7 5 0 
47871 353 271 94 6 333 60 2 143 847 9 5 2 4 0 
47854 378 307 66 2 315 77 3 133 842 8 4 3 8 0 
47703 424 302 93 2 336 53 2 151 920 5 1 4 4 0 
47782 386 289 76 5 367 69 5 142 856 10 2 8 3 0 
47767 408 303 79 3 340 54 2 111 911 8 2 7 5 0 
47901 369 305 92 6 328 66 2 139 778 6 2 4 2 0 
47837 347 281 93 4 325 84 4 134 868 11 0 7 5 0 
47785 363 311 77 4 323 59 3 127 932 3 2 3 8 0 
47801 384 321 99 2 339 55 4 141 834 7 1 5 7 0 
47751 399 315 88 2 342 64 5 131 885 5 1 6 6 0 
47814 373 300 87 4 354 51 3 142 858 5 2 2 5 0 
47671 402 308 91 2 365 60 2 139 945 4 1 4 6 0 
47897 391 291 86 1 288 62 3 128 827 8 3 9 6 0 
47693 411 311 87 5 349 61 3 143 912 10 2 9 4 0 
47783 387 276 87 3 352 49 2 145 890 11 1 5 9 0 
47735 402 315 89 3 332 62 5 149 885 8 2 8 5 0 
47810 388 310 86 2 339 56 0 145 851 5 1 2 5 0 
47719 424 315 112 0 319 48 3 140 899 9 2 5 5 0 
47778 382 316 90 4 329 62 3 122 894 8 5 3 4 0 
47820 332 297 80 0 349 65 2 129 907 7 4 3 5 0 
47884 380 340 89 1 306 48 1 138 798 6 3 2 4 0 
47810 383 327 77 3 357 61 3 121 838 10 4 3 3 0 
47837 353 281 82 1 356 48 4 134 881 9 0 4 10 0 
47824 355 295 89 2 354 52 1 138 873 3 3 7 4 0 
47762 410 305 80 2 356 44 3 139 885 4 2 3 5 0 
47751 411 283 104 4 341 48 0 137 903 6 3 4 5 0 
47836 412 272 91 2 328 48 1 128 872 1 2 3 4 0 
47839 398 280 93 4 323 44 3 129 869 8 1 5 4 0 
47805 394 271 74 2 333 63 4 139 900 5 2 1 7 0 
47776 379 282 82 3 359 44 2 142 908 7 6 5 5 0 
47790 391 322 96 0 331 52 1 136 862 6 1 4 8 0 
47744 424 314 102 3 330 51 3 120 891 2 3 7 6 0 
47758 372 278 112 2 332 48 3 147 923 9 5 5 6 0 
47786 373 299 82 4 340 57 4 147 884 8 3 5 8 0 
47751 420 311 89 2 368 48 1 144 852 5 2 2 5 0 
47759 418 277 77 2 348 40 5 159 894 7 5 4 5 0 
47745 368 302 87 4 369 58 1 153 895 6 3 6 3 0 
47816 368 311 94 2 354 72 1 127 838 5 2 4 6 0 
47825 394 285 90 7 350 66 6 126 841 5 1 1 3 0 
47709 397 307 85 0 349 63 1 147 916 12 3 4 7 0 
47757 397 295 91 6 323 55 1 124 932 9 1 2 7 0 
47785 387 292 84 1 348 67 4 122 889 6 6 2 6 1 
47790 368 308 69 2 335 67 1 139 906 6 4 1 4 0 
47747 383 305 80 2 356 65 2 129 919 5 0 2 5 0 
47762 378 309 97 3 352 52 4 159 868 4 2 8 2 0 
47760 359 308 88 0 332 69 2 135 924 11 4 3 5 0 
47760 340 276 86 1 337 51 1 138 989 5 1 7 8 0 
47751 399 327 88 5 346 52 3 149 860 4 1 8 7 0 
47800 372 290 86 3 346 63 4 149 866 4 4 5 8 0 
47846 388 294 97 2 338 57 1 134 830 8 0 3 2 0 
47824 381 323 78 2 347 52 2 133 835 9 2 6 6 0 
47810 387 278 94 0 319 64 3 143 881 8 2 5 5 1 
47792 392 324 87 6 332 54 0 145 849 8 1 5 5 0 
47831 409 295 67 4 329 53 3 123 873 6 2 5 0 0 
47815 389 284 88 2 345 58 2 134 866 7 1 5 4 0 
47821 376 294 105 2 343 43 6 122 867 7 4 2 8 0 
47796 383 299 84 4 327 51 2 124 912 9 2 4 3 0 
47818 388 290 84 1 306 60 2 151 873 9 3 6 9 0 
47733 384 290 102 6 347 54 2 132 936 6 1 4 3 0 
47757 392 330 90 1 317 52 3 120 919 3 3 4 9 0 
47828 371 290 75 5 351 49 1 136 877 11 1 2 3 0 
47763 397 319 78 0 349 45 3 139 890 6 0 2 9 0 
47815 368 311 78 5 336 55 1 156 850 8 3 9 5 0 
47760 393 301 88 2 377 55 0 149 858 7 0 7 3 0 
47764 361 318 102 1 337 54 3 132 903 11 2 8 4 0 
47719 402 322 84 2 327 50 4 138 927 10 2 6 7 0 
47822 409 313 85 4 329 56 3 137 811 12 2 5 12 0 
47810 387 309 80 2 326 60 2 151 848 11 2 3 9 0 
47792 400 293 100 2 329 47 1 122 890 9 4 3 8 0 
47840 372 295 97 3 328 42 2 126 871 6 2 11 5 0 
47855 343 290 90 3 322 62 0 145 874 5 1 5 5 0 
47810 357 332 93 3 333 38 2 139 872 8 1 4 8 0 
47721 380 326 116 1 350 56 2 152 880 3 5 5 3 0 
47793 387 328 82 0 338 42 5 120 886 5 4 7 3 0 
47827 398 320 79 1 326 58 0 133 840 8 3 2 5 0 
47813 344 294 94 1 319 57 6 143 906 8 2 6 7 0 
47816 374 305 76 0 336 59 6 131 861 12 6 9 9 0 
47822 417 282 101 5 317 56 1 132 851 6 3 3 4 0 
47772 349 332 103 4 318 51 0 157 897 8 2 3 4 0 
47822 370 302 90 2 339 50 1 137 869 3 4 3 7 1 
47822 376 292 92 3 345 52 1 130 861 10 4 3 9 0 
47816 408 276 107 2 351 57 2 95 865 8 5 4 4 0 
47803 384 288 83 1 341 72 2 123 881 7 2 8 5 0 
47815 380 300 93 2 347 59 1 122 864 8 2 1 6 0 
47786 359 315 96 4 346 48 1 130 891 7 8 6 3 0 
47745 358 273 92 1 340 66 0 144 963 6 3 2 7 0 
47800 374 275 81 3 325 53 1 153 912 7 1 7 8 0 
47824 366 316 102 0 319 49 2 136 869 9 1 2 5 0 
47821 360 296 79 2 336 55 3 133 897 8 2 4 4 0 
47858 351 315 64 4 345 57 3 138 850 5 0 3 7 0 
47863 359 312 76 0 335 68 2 139 817 18 2 6 3 0 
47797 359 283 85 1 356 55 3 151 896 6 2 3 3 0 
47795 388 323 66 2 332 52 4 146 870 5 3 6 8 0 
47820 395 296 75 1 341 47 3 145 858 9 1 4 5 0 
47821 368 308 91 1 348 45 1 127 866 6 5 8 5 0 
47800 411 294 98 3 310 55 2 125 888 5 1 4 4 0 
47772 362 341 92 1 364 52 2 127 868 10 2 4 3 0 
47703 410 304 86 2 355 59 1 142 919 5 2 5 6 1 
47834 367 290 81 0 342 50 3 137 884 6 0 3 3 0 
47868 365 291 100 2 300 46 2 122 884 8 5 5 2 0 
47725 392 301 86 5 325 68 7 135 934 9 3 2 8 0 
47772 409 296 76 0 335 49 3 133 905 7 3 5 7 0 
47726 405 315 86 2 365 73 3 132 868 16 3 1 5 0 
47750 394 312 92 3 342 64 1 143 878 11 1 1 8 0 
47780 378 318 99 5 314 44 5 136 900 9 3 6 3 0 
47785 348 315 94 0 342 53 3 129 914 7 2 6 2 0 
47830 348 296 85 3 335 65 6 133 873 9 3 7 7 0 
47746 421 274 106 4 348 67 2 129 883 9 3 6 2 0 
47828 374 307 83 0 329 55 1 152 856 3 2 6 3 1 
47768 430 277 97 2 327 68 2 135 873 12 2 2 5 0 
47783 385 301 96 5 351 42 0 137 880 7 2 6 5 0 
47760 374 296 100 2 340 49 2 142 911 5 3 9 7 0 
47859 375 282 74 2 333 49 0 154 865 5 0 2 0 0 
47818 398 314 97 3 314 55 2 145 837 7 4 2 4 0 
47785 396 296 95 0 310 53 1 130 912 12 3 2 5 0 
47841 360 333 92 2 347 48 4 122 839 4 1 2 5 0 
47736 387 292 90 3 355 75 1 134 910 6 2 5 4 0 
47829 401 283 87 3 329 58 2 144 848 6 3 5 2 0 
47823 369 295 89 1 342 44 1 136 886 4 1 4 5 0 
47797 424 334 73 5 338 56 1 123 829 10 3 4 3 0 
47800 366 301 79 5 326 60 1 147 901 7 0 4 3 0 
47770 379 309 100 2 323 49 1 158 891 5 0 6 7 0 
47772 374 304 104 2 315 56 1 157 904 6 3 0 2 0 
47747 387 327 100 1 353 56 1 153 857 4 3 3 8 0 
47842 382 296 79 5 291 59 2 120 908 6 0 6 4 0 
47701 373 326 98 1 344 57 4 151 931 5 0 5 4 0 
47752 401 361 81 1 323 50 2 123 887 9 1 4 5 0 
47838 376 271 85 1 369 51 2 134 854 4 1 7 7 0 
47883 336 268 96 4 308 58 3 124 900 7 2 3 8 0 
47799 409 304 98 2 316 59 0 128 863 9 3 3 7 0 
47861 371 277 93 1 345 35 3 123 873 8 4 3 3 0 
47841 387 308 96 1 343 43 0 132 834 3 3 1 7 1 
47839 369 279 95 3 350 60 2 128 846 12 0 6 11 0 
47783 388 298 85 4 297 50 3 127 941 8 2 11 2 1 
47766 366 322 91 4 335 49 1 136 903 10 8 6 3 0 
47848 380 294 78 6 302 69 0 143 867 1 2 1 9 0 
47785 419 300 89 6 349 52 3 135 841 6 6 2 7 0 
47782 386 300 90 5 370 49 3 142 848 10 4 4 7 0 
