47733 373 309 78 1 316 61 2 156 949 11 2 7 2 0 
47783 385 298 79 2 345 51 1 167 875 4 1 4 5 0 
47817 388 311 69 0 340 48 3 164 837 9 0 6 8 0 
47680 425 306 78 1 353 59 1 141 929 15 1 6 5 0 
47815 376 288 75 2 338 48 1 159 877 7 2 3 9 0 
47695 416 331 67 2 335 55 1 183 896 5 2 6 6 0 
47866 369 297 78 2 323 67 0 150 829 12 1 2 4 0 
47795 405 289 94 0 334 47 1 133 883 6 5 3 5 0 
47758 402 278 86 5 353 50 2 161 893 5 3 1 3 0 
47754 416 315 76 1 316 58 2 142 903 5 0 4 8 0 
47854 342 290 85 2 296 55 3 147 902 8 2 7 7 0 
47766 398 299 85 0 343 46 6 143 891 10 4 5 4 0 
47763 417 327 80 2 313 51 1 138 887 7 5 8 1 0 
47789 395 303 88 3 308 55 5 146 892 5 1 5 5 0 
47719 441 289 87 3 335 60 4 155 887 6 2 3 9 0 
47758 412 301 90 2 338 57 1 146 872 8 4 4 7 0 
47776 379 311 81 3 324 51 2 166 891 7 0 4 5 0 
47737 418 309 90 0 354 54 3 150 868 8 1 4 4 0 
47802 410 287 76 2 303 50 1 161 887 10 3 6 2 0 
47869 347 271 75 4 290 57 2 141 921 10 5 3 5 0 
47700 385 297 106 2 342 67 1 167 909 9 3 7 5 0 
47805 392 296 80 0 318 50 2 142 901 8 1 2 3 0 
47807 403 265 72 0 318 61 0 156 901 10 1 4 2 0 
47841 387 328 61 2 344 55 0 150 819 2 2 6 3 0 
47789 405 292 82 5 332 43 3 178 855 4 1 6 5 0 
47755 397 285 84 5 322 67 1 136 929 6 3 7 3 0 
47811 391 301 79 3 309 39 3 149 893 8 4 5 5 0 
47749 389 323 92 3 301 51 1 138 931 7 2 6 7 0 
47851 392 297 80 2 289 51 4 141 869 6 5 6 7 0 
47824 372 292 84 3 299 52 2 161 893 6 2 3 7 0 
47880 356 295 64 2 346 47 4 132 855 6 4 2 7 0 
47843 402 301 71 3 316 56 0 136 859 6 1 5 1 0 
47807 390 300 83 6 333 63 3 148 843 10 2 4 8 0 
47789 407 293 84 1 292 58 1 153 899 10 3 6 4 0 
47875 380 290 73 3 287 60 4 129 873 5 4 9 8 0 
47762 401 320 83 2 309 48 2 158 891 4 6 7 7 0 
47785 393 280 87 2 328 55 1 152 902 5 1 2 7 0 
47878 365 310 67 4 294 57 2 148 851 7 2 4 11 0 
47787 388 286 58 2 335 57 2 136 928 9 1 8 3 0 
47798 422 307 76 3 313 50 3 153 861 4 2 5 3 0 
47804 370 322 81 3 303 60 5 160 880 4 1 2 5 0 
47748 401 311 78 3 317 63 0 177 873 9 7 3 10 0 
47882 359 272 92 3 304 56 0 131 879 8 2 6 6 0 
47756 385 328 84 3 318 70 3 132 902 8 2 3 6 0 
47838 395 289 66 2 331 46 3 149 857 9 3 8 4 0 
47721 436 324 72 1 323 48 4 146 902 8 1 7 7 0 
47759 365 317 89 5 322 51 2 159 917 6 2 0 5 1 
47803 390 308 83 2 315 67 3 135 875 4 4 9 2 0 
47765 396 303 77 1 338 58 0 138 907 5 4 2 6 0 
47804 392 286 81 3 309 51 2 141 914 7 0 3 7 0 
47821 378 277 60 5 305 49 4 131 949 8 2 9 2 0 
47834 376 311 71 1 318 59 2 149 862 7 3 5 2 0 
47738 422 282 76 2 327 74 3 152 897 13 5 3 6 0 
47764 377 342 85 2 328 62 3 153 868 5 2 4 5 0 
47875 374 283 76 3 320 68 1 145 836 6 3 6 4 0 
47740 394 280 88 3 346 66 0 151 913 10 2 3 4 0 
47776 388 296 80 1 332 65 2 154 881 9 4 7 5 0 
47807 399 317 84 2 324 47 1 144 851 9 2 4 9 0 
47816 420 272 87 7 323 60 3 136 849 11 2 7 7 0 
47831 376 285 83 1 303 64 0 138 899 6 2 5 7 0 
47827 387 337 78 2 343 65 1 149 800 4 2 3 2 0 
47779 364 302 85 1 301 58 5 173 919 3 4 3 3 0 
47761 379 304 97 1 308 52 5 165 905 12 2 7 2 0 
47805 378 283 84 0 305 74 4 122 918 12 3 2 10 0 
47763 402 281 88 2 326 50 1 155 917 10 1 1 3 0 
47735 416 304 63 2 339 60 0 122 942 5 3 4 5 0 
47824 425 313 87 5 290 54 3 131 854 4 1 4 5 0 
47837 389 282 72 2 310 53 2 161 863 12 6 5 6 0 
47745 431 301 92 2 360 50 2 145 853 8 4 3 4 0 
47789 429 289 74 3 321 52 1 126 892 10 5 3 6 0 
47762 419 318 72 1 300 56 2 152 901 4 2 5 6 0 
47811 371 301 61 4 301 74 3 152 900 10 0 8 4 0 
47765 421 295 85 1 315 53 0 141 904 5 2 7 5 1 
47799 400 324 77 3 319 55 6 144 853 4 2 7 7 0 
47826 419 324 76 5 290 48 2 144 843 11 1 5 6 0 
47781 413 307 88 3 334 43 2 127 883 9 0 7 3 0 
47794 371 295 72 0 320 48 1 170 912 7 3 4 3 0 
47831 363 298 80 4 304 57 3 128 912 7 3 5 5 0 
47762 394 326 62 4 333 59 3 168 864 8 1 7 9 0 
47804 399 284 78 4 307 66 2 154 880 6 1 9 6 0 
47752 369 339 75 2 300 51 3 157 926 15 1 3 7 0 
47843 411 268 73 2 337 40 3 140 854 10 4 7 8 0 
47815 387 280 85 3 344 65 3 119 884 8 1 1 5 0 
47769 397 291 74 1 331 67 4 151 894 8 2 6 5 0 
47685 428 312 83 3 327 43 4 158 939 6 1 5 6 0 
47798 380 318 72 2 335 54 5 143 873 9 2 5 4 0 
47743 387 284 83 3 366 52 5 150 907 7 2 5 6 0 
47804 377 320 71 1 353 59 3 148 846 5 2 5 6 0 
47789 384 301 58 1 325 41 1 155 928 6 4 5 2 0 
47803 386 313 83 2 331 56 1 124 879 8 3 8 3 0 
47750 399 344 62 5 334 63 2 157 854 14 3 5 8 0 
47745 411 273 92 2 353 55 3 155 895 9 2 2 3 0 
47803 391 306 73 2 327 45 2 147 887 5 4 4 4 0 
47874 407 275 92 5 283 42 1 145 852 12 1 6 5 0 
47882 403 286 69 3 305 50 3 132 853 6 2 1 5 0 
47757 412 304 88 4 346 56 4 158 848 7 4 8 4 0 
47734 409 314 83 1 306 69 0 168 896 5 1 6 8 0 
47766 396 324 72 6 323 54 0 164 870 13 4 4 4 0 
47774 408 295 84 2 322 49 1 167 879 9 0 5 5 0 
47812 412 291 80 3 334 63 5 167 822 2 0 5 4 0 
47830 382 308 85 1 333 51 3 143 846 5 4 4 5 0 
47780 427 325 89 2 323 50 2 150 835 6 2 2 7 0 
47785 415 286 88 1 324 58 1 125 900 7 1 6 3 0 
47801 415 295 85 1 322 53 2 157 856 5 2 3 3 0 
47814 357 308 92 2 326 53 1 148 879 4 3 5 8 0 
47803 372 319 91 1 309 48 1 148 885 5 5 7 6 0 
47719 362 301 77 2 345 74 4 151 953 4 1 2 5 0 
47781 420 298 84 1 320 56 0 129 882 9 2 8 10 0 
47783 360 337 63 2 334 54 4 157 889 10 1 3 3 0 
47824 403 318 66 1 305 48 1 167 847 9 4 3 4 0 
47735 370 321 84 2 318 58 6 149 942 4 2 4 5 0 
47813 385 291 91 3 301 50 4 156 883 4 6 5 8 0 
47905 365 288 66 1 317 49 2 126 861 8 4 5 3 0 
47766 404 325 73 2 314 49 2 163 885 7 2 3 5 0 
47803 377 290 89 5 323 46 1 160 878 10 2 9 7 0 
47905 358 293 80 3 326 54 2 128 836 5 1 3 6 0 
47768 410 300 79 4 315 63 0 154 885 7 3 9 3 0 
47795 388 312 75 2 319 56 3 148 882 12 1 1 6 0 
47759 383 300 76 3 312 71 2 149 923 7 6 4 5 0 
47792 413 332 79 1 324 60 5 161 820 2 1 1 9 0 
47857 390 266 79 4 318 51 5 141 865 11 2 3 8 0 
47819 404 321 69 2 328 47 1 137 860 4 5 1 2 0 
47770 425 329 88 1 338 49 1 138 840 9 1 7 4 0 
47753 398 309 99 2 321 53 2 152 890 8 6 1 6 0 
47861 416 268 80 2 311 53 2 150 845 3 4 3 2 0 
47781 415 296 76 1 309 40 5 159 886 11 3 8 10 0 
47835 384 292 71 4 297 48 3 145 905 5 2 5 4 0 
47762 438 289 81 0 310 54 0 152 895 9 0 2 8 0 
47716 407 300 89 3 332 51 3 152 924 5 4 5 9 0 
47793 349 291 89 2 338 72 6 150 885 8 4 7 6 0 
47830 375 301 56 1 296 62 2 135 920 9 3 7 3 0 
47789 367 316 80 2 339 58 3 148 880 8 0 4 6 0 
47799 377 287 79 3 348 64 0 143 878 11 2 5 4 0 
47834 407 309 79 2 326 49 1 140 836 5 5 2 5 0 
47714 401 303 74 3 340 56 1 165 915 11 4 3 10 0 
47822 348 297 81 0 365 50 6 172 845 4 3 5 2 0 
47758 419 333 65 2 328 54 2 141 874 6 6 7 5 0 
47779 420 286 88 2 317 51 3 144 882 11 2 6 9 0 
47771 374 307 87 5 344 55 4 123 907 9 2 5 6 1 
47751 411 300 71 0 370 51 1 142 883 8 6 2 4 0 
47840 391 311 75 2 316 41 4 135 867 6 2 5 5 0 
47794 354 296 91 1 353 66 2 158 862 6 2 3 12 0 
47763 398 304 77 4 313 50 4 148 919 11 2 2 5 0 
47737 400 340 80 1 310 47 1 124 932 17 1 4 6 0 
47755 380 311 64 1 338 70 4 136 915 12 6 3 5 0 
47754 393 300 78 1 331 51 3 144 922 6 6 5 6 0 
47841 362 307 83 3 313 47 3 139 882 8 1 6 5 0 
47706 418 316 81 2 330 54 3 134 933 11 3 7 2 0 
47750 402 312 74 1 352 57 3 134 889 9 5 6 6 0 
47763 389 298 64 1 351 47 3 141 921 6 6 6 4 0 
47825 361 300 80 3 332 50 4 170 856 6 4 4 5 0 
47838 382 328 72 1 310 49 2 126 865 10 5 3 9 0 
47751 404 298 84 0 343 49 2 144 909 4 3 3 6 0 
47834 374 276 81 1 332 63 1 190 831 7 3 4 3 0 
47805 380 316 85 0 304 44 1 169 880 5 2 1 8 0 
47729 400 301 90 3 319 65 2 165 907 9 1 6 3 0 
47803 367 304 87 2 302 52 2 170 889 6 5 6 4 1 
47780 408 295 79 2 316 76 5 151 861 13 1 6 7 0 
47835 382 288 79 6 299 55 3 163 878 6 2 2 2 0 
47780 388 301 85 2 301 56 0 168 899 8 2 7 3 0 
47784 371 297 73 2 341 50 3 153 906 9 1 5 5 0 
47740 429 312 86 2 341 64 2 152 852 5 2 5 8 0 
47757 391 294 78 2 365 35 2 126 935 5 2 3 5 0 
47794 384 304 77 2 331 61 2 146 882 11 0 3 3 0 
47795 390 331 85 6 307 47 1 154 869 3 1 5 6 0 
47766 389 301 92 1 325 66 2 151 887 12 1 5 2 0 
47788 408 282 76 2 324 57 4 157 886 6 3 4 3 0 
47845 376 307 76 1 323 52 5 138 865 8 0 2 2 0 
47845 390 295 93 4 302 63 2 140 850 10 1 1 4 0 
47787 381 300 77 1 339 62 2 170 863 9 2 4 3 0 
47783 369 320 83 0 329 39 2 156 899 6 2 6 6 0 
47817 365 308 86 1 305 51 2 149 900 8 0 3 5 0 
47760 451 302 76 1 299 49 4 153 877 10 3 6 9 0 
47769 429 305 74 2 321 57 0 150 877 9 3 3 1 0 
47838 384 310 83 3 338 48 2 136 841 2 2 7 6 0 
47747 403 324 80 3 350 69 5 144 854 10 0 4 4 3 
47792 389 295 80 5 328 60 2 182 850 4 1 6 6 0 
47830 389 252 76 4 348 47 4 157 873 5 4 7 4 0 
47830 415 283 65 2 317 48 5 151 864 7 2 4 7 0 
47778 404 310 85 2 323 58 4 135 881 5 2 7 6 0 
47855 377 300 82 1 340 62 3 118 842 9 1 6 4 0 
47774 401 303 77 4 329 51 1 148 892 6 4 4 6 0 
47778 359 294 73 3 312 60 4 156 935 13 4 3 6 0 
47876 372 289 66 3 352 53 2 139 834 6 0 3 5 0 
47702 425 325 95 2 319 49 4 144 914 7 4 4 6 0 
47738 399 335 81 2 352 50 1 138 893 1 2 4 4 0 
47727 411 303 91 2 321 60 6 143 911 9 3 6 7 0 
47794 375 283 67 4 329 65 4 138 917 8 5 6 5 0 
47743 384 333 79 0 326 66 3 160 886 7 5 2 6 0 
47889 398 277 66 2 314 53 2 161 828 2 1 2 5 0 
47763 398 302 80 0 324 70 1 151 881 14 3 8 5 0 
47778 408 290 85 1 336 49 0 144 884 13 5 0 7 0 
47785 384 299 74 5 326 41 4 147 911 10 4 1 9 0 
47823 363 315 85 1 313 48 0 159 878 8 1 3 3 0 
47782 385 293 85 1 321 62 2 158 901 5 1 3 1 0 
47783 377 327 80 2 332 50 1 167 863 6 2 3 7 0 
47757 406 276 80 3 336 66 2 162 886 7 4 7 8 0 
47830 377 313 75 1 302 56 1 147 880 5 0 4 9 0 
47799 396 308 72 2 315 48 3 140 891 11 2 3 10 0 
47855 377 315 73 4 315 39 4 148 848 8 3 8 3 0 
47778 400 298 97 2 309 70 1 127 894 11 2 4 7 0 
47839 384 301 70 1 330 50 1 146 858 10 2 5 3 0 
47855 394 293 87 3 310 59 4 157 821 8 0 3 6 0 
47754 417 325 81 5 303 37 0 159 900 7 4 4 4 0 
47866 396 305 70 1 331 65 2 173 767 8 3 5 8 0 
47884 366 276 73 2 322 53 1 159 847 8 2 3 4 0 
47755 426 323 73 4 315 44 1 137 897 4 5 10 6 0 
47807 415 303 79 0 308 45 1 160 870 9 0 2 1 0 
47762 426 299 82 2 322 57 3 123 901 8 2 5 8 0 
47773 371 303 80 1 366 39 1 131 917 8 3 5 2 0 
47780 377 324 92 1 319 53 1 155 877 6 2 7 6 0 
47807 368 303 76 1 320 55 0 148 897 10 4 5 6 0 
47839 427 276 85 2 324 42 1 140 846 6 0 7 5 0 
47764 411 308 77 6 293 57 1 154 909 7 4 5 4 0 
47810 374 293 71 5 350 66 2 148 856 10 2 8 5 0 
47818 403 331 67 3 350 51 3 124 829 5 4 7 5 0 
47737 409 307 78 1 316 47 3 170 912 11 4 3 2 0 
47852 393 304 70 0 313 42 1 159 845 8 2 6 5 0 
47735 388 315 91 4 379 54 2 146 870 9 0 4 3 0 
47810 410 302 80 4 311 55 2 144 855 12 0 7 8 0 
47811 388 293 64 8 302 51 4 165 891 12 1 3 7 0 
47822 409 279 84 3 308 58 0 171 853 7 1 2 3 0 
47743 396 320 80 2 329 57 2 152 901 5 1 5 7 0 
47784 402 296 67 2 354 52 2 123 903 7 2 2 4 0 
47842 355 292 78 5 339 44 0 150 870 9 3 6 6 1 
47662 424 312 84 1 366 56 1 145 930 8 3 2 6 0 
47768 399 314 60 1 298 63 3 141 934 6 2 4 7 0 
47778 425 319 78 1 313 49 1 155 864 6 2 3 6 0 
47722 414 312 77 2 334 56 1 157 905 7 3 8 2 0 
47719 372 318 98 2 318 64 2 158 931 3 3 9 3 0 
47811 345 325 80 1 359 66 0 158 829 8 4 10 4 0 
47807 385 322 82 3 327 58 0 154 845 5 3 3 6 0 
47829 389 300 85 2 296 55 2 165 858 9 1 4 5 0 
47803 393 285 77 1 327 49 3 143 895 9 2 6 7 0 
47842 391 297 70 1 286 56 3 167 866 11 4 3 3 0 
47807 382 299 78 1 316 54 5 143 893 6 3 5 8 0 
47812 386 293 93 3 361 55 0 131 847 6 3 3 7 0 
47690 383 336 88 5 385 46 2 149 893 11 2 3 7 0 
47699 403 310 89 1 327 62 2 175 918 7 1 1 5 0 
47729 391 341 74 3 327 55 2 151 910 6 2 4 5 0 
47813 388 296 84 0 321 62 2 148 869 7 1 3 6 0 
47720 425 321 89 1 350 43 2 144 891 5 1 4 4 0 
47761 384 300 66 4 345 65 1 147 909 9 5 2 2 0 
47778 399 309 83 1 324 49 1 171 865 12 2 2 4 0 
47715 395 271 83 3 370 47 0 174 928 8 1 4 1 0 
47809 393 301 72 2 326 42 3 157 867 13 3 7 5 0 
47845 378 309 78 1 313 52 3 111 879 8 5 5 13 0 
47822 408 300 69 1 315 59 4 155 844 10 3 6 4 0 
47837 372 269 75 1 336 57 0 144 889 5 4 6 5 0 
47763 400 328 77 4 304 51 1 173 885 7 4 1 2 0 
47865 377 272 65 4 313 54 3 118 901 9 3 7 9 0 
47851 399 282 88 2 352 47 3 136 816 6 4 1 13 0 
47790 390 286 89 1 339 78 1 123 879 6 4 7 7 0 
47748 403 330 81 4 332 55 2 154 872 7 1 6 5 0 
47729 417 324 86 1 359 50 1 140 869 11 4 8 1 0 
47790 401 289 74 2 339 65 2 154 862 6 1 8 7 0 
47796 382 274 73 2 371 40 1 142 891 9 3 8 8 0 
47776 390 277 80 3 321 49 3 163 913 8 3 10 4 0 
47953 370 273 67 1 310 48 8 155 802 6 3 3 1 0 
47770 389 272 77 4 337 51 2 163 920 8 1 2 4 0 
47796 413 295 81 5 317 56 3 150 871 9 0 3 1 0 
47756 388 323 88 2 323 53 4 143 906 10 1 2 1 0 
47792 389 281 67 2 346 70 1 145 889 9 3 3 3 0 
47761 393 329 84 6 345 50 1 131 881 6 3 6 4 0 
47725 407 324 74 3 330 61 7 155 898 6 2 4 4 0 
47867 367 300 69 2 324 56 2 142 854 4 5 2 6 0 
47789 383 290 76 2 322 50 2 146 922 6 2 4 6 0 
47803 396 298 75 1 303 57 4 151 890 8 3 4 7 0 
47768 432 316 54 1 317 54 2 154 882 11 2 2 5 0 
47914 373 289 76 2 297 56 3 129 839 12 5 1 4 0 
47804 399 308 79 4 308 59 4 161 854 4 4 7 5 0 
47800 419 300 67 2 322 53 3 143 863 18 1 3 6 0 
47824 402 296 84 0 305 59 3 150 856 3 5 11 2 0 
47702 433 295 76 6 323 53 1 160 931 6 4 6 4 0 
47865 394 283 79 1 294 47 4 132 870 9 3 7 12 0 
47764 423 282 75 3 336 67 2 150 875 6 5 4 8 0 
47791 406 291 81 4 323 59 3 151 866 7 4 9 5 0 
47796 380 303 80 2 329 46 3 146 894 13 3 3 2 0 
47765 387 309 73 1 326 63 2 152 905 8 1 4 4 0 
47814 350 299 88 6 341 61 3 152 870 9 1 1 5 0 
47830 411 273 88 7 285 54 4 126 895 6 5 7 9 0 
47806 363 289 85 1 328 49 1 140 917 8 5 6 2 0 
47809 410 316 57 2 291 44 1 157 883 13 4 5 8 0 
47776 386 288 74 6 317 47 2 170 915 10 3 1 5 0 
47753 437 326 78 2 325 61 4 137 853 15 1 5 3 0 
47687 402 297 87 1 322 57 1 153 970 8 0 9 6 0 
47777 370 305 71 1 337 63 2 143 914 4 1 6 6 0 
47812 359 291 88 5 345 52 0 129 902 7 1 2 7 0 
47760 390 342 71 1 325 49 3 140 902 6 4 6 1 0 
47810 381 292 77 2 330 76 2 142 871 4 2 5 6 0 
47736 420 295 81 3 330 60 4 150 906 6 1 4 4 0 
47948 351 278 83 1 294 48 0 125 851 11 1 4 5 0 
47806 390 288 79 2 305 46 0 178 877 14 2 8 5 0 
47783 407 312 93 1 311 64 1 160 850 8 0 5 5 0 
47713 411 334 87 2 286 50 1 166 928 6 5 2 9 0 
47769 406 301 72 2 319 49 0 135 929 6 1 5 6 0 
47813 385 291 75 2 336 59 4 150 871 3 0 5 6 0 
47832 387 316 85 1 332 50 0 159 824 7 1 2 4 0 
47729 418 313 68 1 321 52 4 160 915 8 3 2 6 0 
47790 405 300 75 3 334 52 2 155 864 8 0 11 1 0 
47748 417 318 82 2 334 60 0 139 884 0 2 6 8 0 
47801 384 288 68 4 353 58 2 133 891 8 3 3 4 0 
47618 448 325 67 4 350 62 0 143 964 12 2 4 1 0 
47772 372 356 79 2 322 50 2 143 865 14 5 10 8 0 
47811 385 292 70 4 330 55 2 146 883 7 1 5 9 0 
47810 391 293 87 1 340 56 0 173 833 5 3 4 4 0 
47795 406 282 66 3 327 62 1 134 892 15 5 6 6 0 
47801 420 290 64 6 315 67 1 141 870 9 6 7 3 0 
47711 448 327 75 1 327 57 5 155 872 9 2 1 10 0 
47776 398 332 84 3 336 52 2 133 866 8 6 1 3 0 
47816 397 289 66 6 304 58 2 160 883 5 3 5 6 0 
47804 380 312 79 2 307 52 3 160 883 9 0 3 6 0 
47830 388 312 85 1 333 46 1 137 854 5 1 4 3 0 
47718 414 311 75 2 340 64 4 143 906 9 4 5 5 0 
47786 389 300 73 2 348 46 5 135 901 6 1 1 7 0 
47825 412 329 87 2 289 47 1 142 843 13 2 3 5 0 
47816 358 303 81 1 321 44 2 145 907 6 3 4 9 0 
47840 356 307 84 2 309 60 4 151 869 6 2 5 5 0 
47768 422 286 67 1 335 57 1 150 891 8 4 7 3 0 
47782 408 285 74 5 319 55 2 161 886 6 6 6 5 0 
47767 346 295 82 1 345 45 4 160 924 12 5 7 7 0 
47753 392 318 90 5 341 52 0 148 879 8 2 7 5 0 
47812 374 322 67 3 352 43 2 149 855 7 7 2 5 0 
47844 375 306 78 1 331 52 1 137 852 10 2 7 4 0 
47830 375 267 75 1 346 44 3 148 891 9 2 5 4 0 
47805 402 322 71 3 331 46 0 149 858 2 2 6 3 0 
47792 385 283 77 2 311 55 1 142 929 6 5 8 4 0 
47806 416 282 76 1 344 57 1 157 839 8 3 5 5 0 
47774 429 296 73 2 343 50 1 136 880 9 2 5 0 0 
47908 370 261 65 1 336 55 1 145 833 7 3 7 8 0 
47749 408 307 71 2 300 48 2 162 926 9 1 9 6 0 
47815 406 287 61 2 333 54 2 156 866 8 1 5 4 0 
47833 403 304 74 8 302 48 1 155 855 6 0 5 6 0 
47726 414 339 77 5 324 54 2 148 892 8 2 6 3 0 
47825 390 293 73 2 355 55 0 139 842 11 2 6 7 0 
47856 369 276 69 3 330 69 2 154 852 7 3 4 6 0 
47833 396 277 77 0 333 48 2 148 861 15 2 6 2 0 
47799 397 284 75 4 319 46 4 155 895 9 3 5 5 0 
47837 393 279 69 3 318 49 3 148 878 9 0 6 8 0 
47793 398 306 67 1 331 52 3 155 874 10 4 2 4 0 
47849 384 303 82 0 318 66 2 159 821 6 2 5 3 0 
47811 404 291 87 1 305 54 5 142 883 2 6 2 7 0 
47780 424 275 88 4 323 52 0 159 872 8 3 8 4 0 
47750 372 316 94 3 312 60 4 171 901 8 2 3 4 0 
47853 401 273 75 3 328 55 2 151 839 9 2 3 6 0 
47814 371 288 95 5 321 48 4 146 893 5 1 3 6 0 
47783 395 305 75 2 334 58 2 152 874 3 5 8 4 0 
47822 387 288 81 0 333 47 3 143 877 8 2 5 4 0 
47740 441 295 90 6 333 40 4 143 892 8 0 5 3 0 
47843 354 292 88 0 319 49 3 155 876 5 1 5 10 0 
47753 383 303 70 4 328 45 1 155 931 13 4 3 7 0 
47725 357 321 79 5 336 80 2 161 914 8 2 7 3 0 
47728 386 321 72 5 352 56 4 147 912 8 2 4 3 0 
47829 363 324 78 3 311 64 3 134 870 10 1 5 5 0 
47778 395 317 88 3 294 43 2 169 890 8 2 4 7 0 
47781 381 292 90 1 324 53 2 162 886 8 2 11 7 0 
47756 418 315 71 4 309 52 3 175 882 5 1 5 4 0 
47768 408 321 76 0 336 40 2 143 889 4 4 3 6 0 
47724 403 276 83 3 343 59 0 149 945 6 0 3 6 0 
47812 388 294 81 3 329 53 2 146 870 12 2 3 5 0 
47794 394 327 82 3 321 50 0 155 852 7 3 8 4 0 
47723 405 344 88 2 358 48 3 139 874 8 1 5 2 0 
47866 393 297 91 2 293 62 3 139 836 6 3 4 5 0 
47801 423 316 93 6 329 56 2 148 805 4 2 10 5 0 
47806 387 310 101 1 302 42 3 149 887 4 1 3 4 0 
47827 383 291 82 3 327 62 4 175 828 7 3 3 5 0 
47773 399 300 76 3 359 51 2 142 872 7 5 7 4 0 
47790 400 276 69 3 321 45 7 159 919 2 2 5 2 0 
47767 393 277 111 3 342 44 3 168 876 6 0 3 7 0 
47767 418 300 76 1 324 62 3 141 891 4 2 7 4 0 
47813 357 283 73 1 337 67 2 138 914 5 1 5 4 0 
47823 390 307 85 1 323 48 6 142 857 6 3 2 7 0 
47735 400 328 88 4 319 46 2 149 908 5 5 4 7 0 
47803 430 299 85 2 314 47 2 135 860 10 5 5 3 0 
47802 399 288 72 2 348 52 7 127 878 9 3 6 7 0 
47773 386 301 81 3 342 41 4 171 879 12 0 4 3 0 
47763 407 326 78 2 307 69 2 161 868 5 2 4 6 0 
47635 425 313 99 2 332 68 3 147 958 7 1 3 7 0 
47813 377 323 85 0 317 45 8 128 893 4 1 4 2 0 
47740 417 294 94 2 327 57 2 170 880 10 0 3 4 0 
47792 393 314 78 4 352 50 0 137 861 11 2 5 1 0 
47791 370 309 72 0 319 63 0 138 915 11 3 6 3 0 
47837 365 287 85 3 337 57 2 155 854 8 2 5 3 0 
47796 374 336 90 1 312 51 1 154 858 9 3 6 9 0 
47818 375 274 68 4 356 58 6 138 884 11 1 6 1 0 
47836 379 317 63 1 314 57 0 159 851 8 1 5 9 0 
47775 406 306 83 3 308 65 5 150 882 4 2 6 5 0 
47796 387 302 109 2 351 60 1 146 831 8 0 4 3 0 
47763 400 297 79 3 314 63 2 139 918 8 4 5 5 0 
47802 383 294 80 3 318 51 2 144 902 9 3 4 5 0 
47739 357 312 81 2 361 43 4 149 935 5 4 5 3 0 
47792 387 319 62 1 341 50 2 134 887 6 5 6 8 0 
47835 399 292 72 4 299 59 2 138 884 7 2 4 3 0 
47703 406 309 89 0 351 70 1 149 900 5 5 1 11 0 
47843 411 272 74 3 340 61 2 143 816 11 6 7 11 0 
47814 410 300 90 3 315 57 2 141 851 5 3 7 2 0 
47831 346 286 77 2 334 54 1 142 916 6 1 2 1 1 
47793 409 287 87 2 326 53 4 169 853 10 1 1 5 0 
47758 394 311 84 2 344 56 1 145 885 7 2 3 7 1 
47798 383 319 82 2 302 64 1 159 876 6 1 3 4 0 
47832 345 290 86 4 336 56 1 142 897 1 1 5 4 0 
47782 387 295 72 1 324 66 3 165 889 6 1 2 7 0 
47835 382 312 73 0 330 56 1 159 838 4 1 5 4 0 
47883 369 288 69 0 304 46 1 159 868 6 1 2 4 0 
47822 372 297 72 0 314 50 4 155 891 14 0 5 4 0 
47815 374 304 81 1 321 50 1 150 886 9 1 3 4 0 
47849 385 313 69 4 317 54 0 126 868 8 3 1 2 1 
47732 394 325 68 1 332 54 3 147 925 10 1 4 4 0 
47761 444 311 84 4 310 53 1 141 879 3 2 3 4 0 
47741 416 345 81 2 314 62 1 145 872 7 2 9 3 0 
47833 394 309 78 5 302 58 6 144 857 3 3 5 3 0 
47752 381 305 101 3 340 56 2 145 891 8 2 9 5 0 
47798 412 288 77 5 287 45 1 179 883 8 5 4 8 0 
47750 399 334 91 0 317 55 1 148 887 4 1 7 6 0 
47800 411 320 77 3 306 62 3 137 863 7 0 7 4 0 
47809 391 272 74 1 328 51 4 164 887 7 2 4 6 0 
47784 413 313 88 2 321 44 1 156 857 8 4 4 5 0 
47815 387 292 86 5 322 40 0 135 901 7 2 6 2 0 
47823 376 298 81 7 347 49 2 152 851 4 1 3 6 0 
47646 393 356 80 3 371 55 2 178 899 2 4 9 2 0 
47768 399 299 90 1 327 57 1 159 881 7 2 4 5 0 
47783 416 299 79 2 344 58 2 138 859 6 3 4 7 0 
47801 401 308 80 1 323 56 2 142 868 9 4 0 5 0 
47797 394 296 68 5 330 54 2 142 900 6 0 2 4 0 
47761 395 273 79 3 333 58 1 151 926 6 1 5 8 0 
47776 408 268 80 3 314 55 4 138 935 8 2 5 4 0 
47822 403 287 77 5 338 56 5 131 861 5 2 5 3 0 
47739 423 301 81 0 321 78 2 152 883 6 7 1 6 0 
47715 418 326 84 4 323 53 5 124 926 12 3 2 5 0 
47767 383 292 81 5 356 63 4 145 892 7 0 0 5 0 
47821 387 312 59 2 305 50 0 157 893 4 2 0 8 0 
47795 396 324 85 2 312 43 1 163 856 8 4 3 8 0 
47740 424 309 56 2 339 60 0 136 911 11 2 7 3 0 
47748 356 334 85 4 323 56 4 156 913 10 3 7 1 0 
47820 392 308 65 0 337 54 1 145 867 3 0 5 3 0 
47808 389 302 70 3 335 59 2 152 859 8 4 7 2 0 
47797 403 291 67 2 335 49 3 163 872 4 3 4 7 0 
47820 395 297 77 1 366 60 5 129 839 5 1 2 3 0 
47843 384 301 78 6 327 50 2 141 850 3 3 4 7 1 
47766 417 287 73 5 329 52 2 142 904 11 3 5 4 0 
47840 375 311 71 4 306 51 0 152 873 8 1 5 3 0 
47781 422 298 82 0 321 50 2 142 880 7 3 6 6 0 
47742 429 308 71 3 325 47 0 179 873 8 1 7 7 0 
47801 403 301 81 6 317 56 4 151 859 6 2 5 8 0 
47851 390 293 79 2 308 51 1 136 872 10 0 4 3 0 
47761 377 317 70 5 354 59 1 144 891 7 4 6 4 0 
47812 399 307 75 7 339 73 3 172 786 10 3 8 6 0 
47848 362 312 75 1 335 66 3 154 828 9 1 3 3 0 
47760 437 294 77 6 338 53 7 142 863 8 1 5 9 0 
47759 404 284 76 2 325 42 4 158 925 9 5 3 4 0 
47843 400 317 78 2 312 57 3 156 809 11 2 5 5 0 
47762 402 305 81 2 348 51 3 134 885 15 2 4 6 0 
47868 352 342 84 3 313 45 2 132 843 4 2 5 5 0 
47710 436 307 79 0 317 59 5 156 905 12 3 3 8 0 
47811 415 313 68 4 297 51 2 129 887 10 4 5 4 0 
47631 420 326 90 3 340 57 3 168 945 9 1 3 4 0 
47739 414 320 78 3 331 61 1 168 864 12 2 5 2 0 
47811 410 295 51 3 348 63 0 153 848 11 1 1 5 0 
47832 389 279 79 4 344 60 3 151 841 8 3 4 3 0 
47735 425 298 79 4 295 47 2 150 937 7 4 9 8 0 
47792 402 305 81 5 301 48 2 150 892 10 2 4 5 1 
47758 389 324 98 1 337 51 1 153 870 6 2 1 9 0 
47807 376 297 68 1 329 47 1 160 895 5 2 5 7 0 
47719 409 311 81 3 300 67 3 142 943 9 1 6 6 0 
47884 390 307 62 0 308 41 2 153 841 6 2 2 2 0 
47802 415 307 76 2 323 54 4 145 855 6 2 5 4 0 
47817 380 284 84 4 315 57 3 157 876 10 3 4 6 0 
47736 394 308 72 4 361 51 2 172 880 8 2 5 5 0 
47747 385 302 80 5 342 58 3 172 887 5 2 4 8 0 
47851 378 302 90 2 309 47 4 140 868 4 2 2 1 0 
47814 417 291 98 5 278 35 2 146 884 14 2 5 9 0 
47791 394 290 62 0 340 45 2 160 895 7 2 10 2 0 
47765 373 315 74 2 341 54 3 133 918 7 2 4 9 0 
47716 420 319 67 2 316 58 2 169 908 9 3 7 4 0 
47817 389 290 74 1 335 62 1 148 868 6 5 2 2 0 
47885 342 294 75 5 315 46 1 153 869 4 1 2 8 0 
47791 403 287 63 2 316 69 2 145 902 12 1 3 4 0 
47853 420 310 75 0 322 60 6 116 816 9 3 3 7 0 
47826 396 301 79 4 341 59 1 144 831 5 3 6 4 0 
47826 400 286 74 1 330 53 0 147 862 7 3 2 8 1 
47814 401 294 85 2 313 57 1 139 872 10 2 5 5 0 
47865 374 281 79 2 306 59 1 150 862 4 3 5 8 1 
47826 409 319 71 3 310 53 2 124 864 11 3 2 3 0 
47791 415 277 74 2 325 52 1 153 888 7 1 5 9 0 
47878 372 300 77 2 311 43 1 154 835 9 6 6 6 0 
47768 406 290 87 1 320 58 1 151 893 11 5 3 5 1 
47744 397 313 78 4 324 55 1 155 902 11 2 8 6 0 
47743 378 308 82 2 335 52 3 156 918 8 3 5 7 0 
47834 372 294 74 0 296 63 1 140 915 3 1 3 4 0 
47830 388 280 75 6 339 58 0 129 871 9 3 6 6 0 
47829 394 278 69 4 336 55 3 139 874 9 4 2 4 0 
47786 378 295 90 3 315 59 1 146 901 11 3 7 5 0 
47648 399 312 73 4 350 62 1 155 979 7 4 2 4 0 
47813 380 300 85 2 336 42 3 139 878 8 3 7 4 0 
47785 419 297 82 0 329 52 1 138 885 4 1 4 3 0 
47802 395 300 67 2 340 50 0 148 880 8 0 5 3 0 
47820 451 287 65 2 314 62 2 120 860 8 2 4 3 0 
47834 397 265 90 2 318 41 3 148 889 4 1 5 3 0 
47745 393 285 102 3 335 57 2 158 893 11 5 6 4 1 
47851 387 310 68 5 317 54 0 146 843 3 3 4 9 0 
