241956 1327 1503 441 3 1318 333 3 480 2599 12 7 15 3 0 
242026 1306 1473 425 8 1247 279 7 512 2651 22 15 10 19 0 
241793 1349 1488 435 10 1293 325 6 507 2732 22 9 16 15 0 
241967 1250 1478 430 8 1261 328 11 493 2724 15 7 15 13 0 
241859 1393 1440 452 6 1257 319 10 555 2661 12 12 14 10 0 
241846 1374 1487 421 8 1367 304 4 472 2680 11 6 10 10 0 
241968 1379 1412 464 9 1277 334 5 468 2629 16 15 12 12 0 
241800 1373 1473 430 6 1339 325 3 495 2709 13 6 9 18 1 
241820 1440 1481 463 13 1233 306 4 527 2663 17 9 14 10 0 
241791 1425 1518 428 6 1307 338 10 496 2628 15 8 16 13 1 
242049 1222 1504 436 7 1278 307 3 443 2695 19 9 17 11 0 
241946 1322 1536 459 9 1261 299 8 513 2587 17 11 21 11 0 
241857 1340 1513 440 6 1307 322 8 497 2648 16 10 21 15 0 
241784 1381 1437 451 8 1275 327 9 498 2767 17 11 20 15 0 
242025 1325 1489 405 7 1278 342 1 512 2564 15 10 12 15 0 
242011 1301 1471 450 6 1226 340 5 520 2624 16 5 14 11 0 
241854 1380 1473 447 15 1200 325 9 512 2729 14 8 18 16 0 
241957 1358 1475 449 4 1234 368 7 517 2571 19 12 16 13 0 
241890 1329 1543 460 11 1286 334 6 515 2579 12 11 7 17 0 
241897 1367 1508 430 8 1309 315 5 496 2613 10 10 20 11 1 
241847 1381 1505 398 4 1369 322 3 475 2644 16 10 13 12 1 
241718 1282 1477 455 2 1370 345 13 521 2763 17 10 17 10 0 
241934 1352 1442 443 7 1258 342 6 509 2652 16 9 11 19 0 
241938 1362 1439 476 7 1272 304 3 495 2651 15 11 11 16 0 
241908 1329 1461 464 14 1305 349 1 494 2609 22 11 17 16 0 
241809 1366 1528 434 12 1280 335 7 504 2676 6 9 18 16 0 
242005 1255 1434 453 10 1293 334 11 520 2643 13 10 8 11 0 
241939 1366 1436 424 13 1389 316 7 483 2587 12 7 9 12 0 
241864 1330 1491 462 7 1269 335 6 511 2676 14 11 9 14 1 
242029 1284 1454 409 13 1288 297 9 503 2658 16 6 10 24 0 
241901 1293 1465 428 8 1310 342 4 542 2643 21 9 22 12 0 
241824 1331 1460 434 8 1298 299 6 526 2767 16 6 14 11 0 
242147 1283 1392 470 7 1271 317 9 504 2559 10 8 10 13 0 
242006 1337 1400 423 6 1306 328 9 525 2603 18 12 12 15 0 
241875 1384 1434 445 12 1303 299 6 482 2723 8 8 11 10 0 
241803 1400 1488 439 10 1305 318 13 514 2654 20 11 12 13 0 
242064 1283 1459 388 12 1344 317 5 501 2585 10 2 19 11 0 
241857 1373 1460 456 6 1271 311 6 515 2689 13 8 22 13 0 
241988 1316 1413 405 7 1317 298 9 515 2675 16 12 16 13 0 
241944 1402 1443 434 9 1289 317 7 491 2616 18 2 16 12 0 
241948 1370 1473 433 5 1250 327 4 471 2669 12 8 16 13 1 
241857 1346 1453 420 9 1319 356 3 519 2662 16 11 16 12 1 
241952 1318 1456 463 10 1326 293 6 472 2663 10 8 15 8 0 
241967 1327 1513 429 8 1257 339 7 499 2601 12 11 15 15 0 
241669 1365 1539 465 7 1331 337 4 506 2723 16 6 20 12 0 
241907 1327 1451 467 5 1240 328 8 465 2751 14 9 13 14 1 
241859 1367 1471 446 8 1345 329 9 469 2643 21 3 20 10 0 
241997 1331 1458 434 7 1305 293 7 496 2613 20 11 13 14 1 
241910 1379 1463 414 6 1247 341 6 515 2660 17 8 19 15 0 
241977 1347 1438 443 6 1247 338 3 461 2684 15 10 20 11 0 
242026 1290 1502 426 6 1295 347 10 489 2564 9 11 10 14 1 
241823 1380 1426 512 8 1254 347 2 513 2690 11 10 15 9 0 
241804 1358 1505 443 12 1348 357 7 511 2607 9 7 12 20 0 
241924 1321 1461 430 4 1336 345 8 499 2615 12 5 19 21 0 
241812 1383 1481 446 10 1284 338 9 538 2637 23 10 11 18 0 
242019 1343 1403 454 5 1274 317 12 510 2632 11 9 6 5 0 
241961 1363 1482 430 4 1243 333 6 465 2672 8 5 12 15 1 
241972 1370 1466 456 8 1271 350 7 496 2570 8 7 7 12 0 
241866 1410 1477 454 6 1238 324 8 497 2673 18 2 12 15 0 
242041 1253 1445 473 9 1248 340 5 495 2657 13 6 9 6 0 
241831 1406 1485 435 6 1249 333 3 503 2701 13 9 11 15 0 
241900 1347 1488 416 8 1305 347 5 496 2638 15 4 19 12 0 
241748 1355 1483 490 10 1348 322 7 570 2617 16 10 16 8 0 
241615 1428 1525 467 11 1340 349 3 529 2674 17 8 18 16 0 
241780 1293 1479 445 5 1319 333 7 524 2759 13 10 22 11 0 
241848 1352 1514 466 9 1264 313 6 479 2696 17 6 14 16 0 
241832 1378 1474 458 13 1277 293 8 511 2693 19 15 12 17 0 
241718 1327 1538 418 8 1306 320 8 498 2806 12 4 19 18 0 
241981 1356 1482 460 4 1289 313 12 509 2542 14 13 10 15 0 
241853 1379 1546 429 9 1317 312 10 492 2611 15 10 9 8 0 
241922 1374 1454 435 4 1261 331 7 541 2620 15 13 11 11 1 
241962 1353 1498 387 10 1259 303 5 522 2652 13 11 11 14 0 
241777 1331 1487 426 7 1307 347 6 551 2705 13 12 19 12 0 
241886 1371 1473 421 7 1311 313 8 504 2651 13 7 17 18 0 
241728 1360 1473 445 7 1355 313 8 541 2715 11 13 16 15 0 
242028 1313 1505 462 0 1237 310 4 484 2607 15 8 18 9 0 
242128 1342 1437 433 9 1222 310 7 507 2557 11 9 11 17 0 
241740 1335 1453 452 10 1363 371 7 504 2714 15 7 12 16 1 
241913 1303 1488 452 7 1292 327 6 513 2648 17 3 13 17 1 
241831 1342 1483 456 10 1350 307 8 500 2661 11 11 17 13 0 
241959 1358 1475 447 8 1286 315 10 487 2600 10 13 19 13 0 
241838 1381 1444 447 6 1305 352 8 490 2670 18 10 18 13 0 
241897 1415 1452 461 11 1272 313 3 482 2639 14 10 18 13 0 
241921 1389 1453 415 5 1304 338 6 484 2629 14 7 13 22 0 
241919 1367 1521 433 6 1281 316 13 514 2561 21 7 16 23 2 
241866 1322 1476 481 8 1318 324 8 499 2637 18 6 20 17 0 
242054 1320 1440 455 11 1279 315 6 475 2587 18 8 16 16 0 
241821 1386 1497 464 10 1316 335 8 473 2642 13 10 9 16 0 
241790 1390 1461 448 18 1328 326 7 499 2693 11 6 15 8 0 
241792 1360 1509 450 8 1319 353 4 502 2638 18 11 20 16 0 
242000 1376 1463 451 6 1263 333 2 477 2573 15 14 15 12 0 
242004 1304 1464 456 11 1231 338 9 498 2634 11 5 16 19 0 
241890 1351 1384 412 9 1358 338 4 540 2660 17 9 20 8 0 
241957 1355 1464 455 7 1263 299 4 496 2646 20 7 13 14 0 
241754 1355 1540 428 6 1275 334 12 541 2702 15 12 16 10 0 
241917 1358 1472 398 8 1287 314 6 514 2685 12 8 12 9 0 
241771 1362 1478 430 7 1308 335 4 502 2746 18 8 19 12 0 
241917 1348 1499 413 9 1294 314 6 483 2684 11 5 7 10 0 
241949 1344 1427 423 5 1290 316 9 466 2692 22 10 24 23 0 
241771 1411 1506 441 4 1287 309 7 487 2727 18 8 14 10 0 
241836 1381 1521 487 13 1265 298 6 483 2656 13 8 13 20 0 
241876 1355 1449 461 6 1335 351 3 466 2653 13 8 13 11 0 
241881 1332 1501 460 7 1322 333 7 492 2617 15 9 12 12 0 
241893 1370 1425 444 12 1321 341 9 529 2600 13 14 14 15 0 
242004 1321 1448 455 7 1262 313 5 502 2621 18 14 15 15 0 
241820 1390 1530 438 13 1307 320 7 491 2647 6 5 13 13 0 
241930 1368 1435 454 12 1227 312 5 515 2686 15 16 11 14 0 
241795 1396 1485 444 11 1336 313 4 494 2669 17 9 8 19 0 
241673 1365 1526 406 7 1301 323 5 491 2852 12 6 11 22 0 
241953 1322 1507 451 7 1312 324 7 495 2576 17 3 11 15 0 
242080 1306 1418 414 7 1300 306 3 575 2550 15 14 5 7 0 
241781 1332 1531 469 9 1291 347 8 502 2676 15 3 18 18 0 
241872 1396 1451 429 6 1263 334 4 516 2676 11 10 17 15 0 
241962 1340 1455 442 7 1282 321 5 499 2633 21 10 16 7 0 
241855 1348 1461 450 6 1367 322 5 484 2656 14 7 11 14 0 
242005 1319 1416 491 5 1289 281 9 519 2612 13 5 20 16 0 
241959 1292 1425 470 5 1295 327 9 486 2689 9 5 17 12 0 
241819 1349 1429 452 4 1383 340 11 504 2668 15 6 10 10 0 
241908 1334 1578 409 9 1262 331 5 480 2637 11 9 15 12 0 
241880 1270 1507 435 13 1310 341 7 485 2697 16 9 10 20 0 
241959 1358 1523 442 14 1292 305 8 488 2566 9 5 16 15 0 
241883 1334 1435 462 9 1337 314 4 501 2667 16 5 15 18 0 
241859 1347 1575 401 3 1329 317 9 510 2597 12 6 16 19 0 
241944 1327 1446 458 4 1285 319 8 463 2697 12 9 16 12 0 
241881 1341 1464 470 12 1334 305 7 491 2644 14 9 15 13 0 
241926 1305 1487 431 5 1279 301 5 506 2699 18 6 16 16 0 
241857 1405 1518 403 9 1283 320 5 507 2639 18 3 16 17 0 
241869 1347 1544 444 3 1288 345 6 453 2656 11 7 13 14 0 
241882 1413 1484 459 10 1272 329 8 501 2590 17 8 16 11 0 
241752 1371 1480 471 11 1339 304 8 500 2724 16 6 9 9 0 
241952 1309 1466 427 9 1250 332 3 515 2689 16 11 14 7 0 
242021 1289 1462 386 13 1314 300 6 519 2631 16 13 13 17 0 
241840 1342 1479 417 8 1293 332 6 541 2700 11 8 11 12 0 
241914 1345 1443 405 6 1281 340 8 528 2669 13 12 17 19 0 
241775 1340 1526 465 10 1277 338 8 486 2719 15 8 17 16 0 
241920 1374 1499 450 12 1344 319 5 475 2559 9 10 11 13 0 
241918 1326 1457 447 5 1241 361 11 475 2715 12 10 9 13 0 
241938 1415 1500 406 8 1225 314 4 485 2656 15 10 13 11 0 
241766 1306 1475 431 5 1315 327 2 517 2803 10 8 17 18 0 
241859 1332 1490 417 8 1322 352 4 488 2676 17 8 16 10 1 
241900 1314 1506 429 13 1292 314 8 542 2636 10 9 8 19 0 
241897 1382 1455 449 12 1271 360 5 455 2664 16 10 14 10 0 
241911 1351 1475 439 9 1279 329 7 495 2649 14 13 14 15 0 
241895 1431 1435 443 10 1329 289 8 517 2591 10 8 15 19 0 
242051 1362 1402 446 9 1266 313 4 454 2643 16 7 13 14 0 
241956 1341 1445 490 7 1271 325 5 485 2620 11 5 13 26 0 
241971 1339 1439 436 6 1295 338 6 503 2602 24 8 12 20 1 
241809 1342 1535 432 10 1338 333 11 483 2657 14 6 18 11 1 
241917 1324 1411 427 9 1312 361 12 504 2676 13 11 13 10 0 
241916 1346 1485 425 9 1361 303 3 490 2608 19 5 14 16 0 
241985 1302 1451 433 8 1326 337 2 520 2591 15 6 15 9 0 
241915 1403 1444 432 9 1281 347 9 527 2590 10 4 14 15 0 
241898 1300 1517 446 9 1271 330 12 510 2662 15 7 14 9 0 
241856 1349 1414 411 6 1338 304 5 523 2737 21 6 14 16 0 
241939 1406 1554 425 7 1254 303 8 480 2580 11 4 16 13 0 
241931 1331 1491 454 7 1276 273 7 488 2695 12 8 20 7 0 
241919 1385 1415 437 10 1313 342 7 517 2605 10 3 14 23 0 
241859 1334 1475 468 11 1312 310 5 511 2668 11 8 14 14 0 
241899 1323 1442 454 6 1281 309 9 514 2711 12 10 11 19 0 
241825 1368 1449 477 9 1324 361 8 497 2624 15 16 13 14 0 
241845 1384 1514 426 12 1365 284 7 488 2619 19 9 10 18 0 
242032 1287 1426 451 8 1274 309 4 511 2648 11 9 16 14 0 
241894 1318 1554 443 8 1212 347 13 520 2633 19 5 20 14 0 
241755 1362 1488 488 13 1273 348 10 529 2688 18 6 9 13 0 
241986 1373 1484 422 8 1268 308 7 493 2596 15 10 15 15 0 
241901 1369 1473 431 6 1282 313 7 506 2663 17 9 16 7 0 
241823 1336 1584 435 7 1280 307 8 525 2643 15 7 20 9 1 
241968 1328 1380 435 8 1271 356 7 544 2650 16 10 15 12 0 
241771 1355 1503 463 10 1258 307 5 521 2748 13 15 19 12 0 
241880 1377 1509 453 8 1291 336 5 493 2600 18 8 12 10 0 
241889 1308 1497 465 17 1295 324 3 510 2632 15 15 13 17 0 
241887 1292 1439 437 15 1345 369 8 497 2662 14 3 16 16 0 
241803 1377 1453 470 16 1311 330 6 485 2688 15 11 22 13 0 
241964 1347 1463 447 13 1232 324 7 531 2618 15 9 17 13 0 
241703 1425 1512 412 13 1301 345 13 555 2665 20 12 16 8 0 
241925 1388 1488 451 5 1251 308 12 512 2595 12 14 20 19 0 
241866 1367 1548 467 7 1282 304 8 521 2585 10 7 14 14 0 
241936 1332 1513 430 10 1290 324 9 440 2667 17 8 14 10 0 
241865 1306 1449 467 6 1293 338 7 485 2740 11 10 9 14 0 
241999 1320 1457 468 6 1241 295 5 529 2622 15 12 14 17 0 
242081 1347 1415 444 4 1252 350 4 504 2555 7 11 12 14 0 
241906 1346 1482 420 13 1282 306 7 534 2658 13 11 10 12 0 
241902 1359 1444 427 10 1339 328 5 479 2644 21 11 12 19 0 
241792 1374 1479 421 3 1351 357 2 512 2656 13 11 18 11 0 
241769 1344 1531 468 6 1311 328 7 525 2655 13 8 20 15 0 
241969 1371 1476 445 4 1245 318 8 487 2628 12 7 14 15 1 
241837 1332 1526 434 8 1342 320 7 507 2641 9 6 15 15 1 
242114 1304 1399 462 11 1222 293 5 497 2637 15 4 21 16 0 
242004 1295 1411 418 11 1270 343 6 548 2665 7 3 11 8 0 
242028 1296 1404 444 10 1317 307 8 512 2622 9 15 14 14 0 
241763 1372 1534 469 10 1309 320 3 521 2642 22 12 13 10 0 
241970 1334 1470 421 12 1289 324 8 498 2617 15 12 17 13 0 
241922 1374 1411 418 8 1295 316 7 495 2702 17 6 14 15 0 
241890 1318 1421 466 12 1287 315 10 489 2752 11 6 14 9 0 
241927 1372 1495 437 11 1297 316 8 512 2577 13 4 13 18 0 
241885 1313 1441 422 4 1298 313 9 550 2705 17 11 16 16 0 
241910 1310 1511 478 7 1302 301 4 497 2637 11 11 9 12 0 
241995 1270 1469 412 10 1291 303 9 515 2678 19 5 9 15 0 
241838 1338 1497 441 13 1285 317 4 529 2690 18 8 14 8 0 
241891 1400 1467 425 4 1271 349 6 485 2653 17 6 11 15 0 
241964 1315 1504 453 11 1250 307 5 493 2645 10 8 17 18 0 
242058 1313 1415 433 4 1297 332 6 482 2607 17 3 14 19 0 
241939 1396 1451 455 9 1284 330 3 488 2601 8 6 13 17 0 
241978 1378 1458 454 9 1256 312 6 504 2599 13 7 14 12 0 
241775 1400 1440 426 8 1308 350 6 503 2721 8 11 25 19 0 
241804 1363 1441 444 2 1352 324 5 489 2728 23 8 11 6 0 
242001 1346 1535 423 10 1262 330 3 498 2553 13 3 14 9 0 
241822 1400 1456 414 8 1323 305 4 506 2712 15 7 15 13 0 
241783 1313 1478 456 12 1327 305 9 530 2731 17 11 13 13 2 
241816 1371 1486 448 8 1283 343 5 515 2669 14 7 18 17 0 
241870 1347 1502 438 9 1247 313 5 460 2750 9 9 18 23 0 
241893 1319 1427 453 8 1348 339 5 489 2672 18 7 12 10 0 
241907 1343 1463 424 5 1314 295 5 526 2671 14 4 13 16 0 
241908 1328 1527 477 2 1283 315 5 475 2620 21 8 22 9 0 
241849 1304 1444 494 10 1309 309 9 535 2682 8 7 22 18 0 
241901 1364 1492 448 8 1325 319 5 486 2617 12 5 9 8 1 
241850 1392 1478 441 6 1336 340 5 520 2567 23 7 17 18 0 
241827 1343 1449 482 6 1326 329 6 492 2693 13 10 11 13 0 
241819 1326 1506 448 9 1319 351 4 464 2698 16 7 19 14 0 
242120 1283 1436 451 9 1226 335 7 487 2606 7 8 10 15 0 
241759 1385 1545 450 10 1231 331 6 527 2704 15 7 20 10 0 
241895 1332 1454 427 6 1355 294 8 506 2656 20 9 17 21 0 
241896 1338 1497 447 17 1304 350 9 504 2591 15 5 13 14 0 
241853 1367 1451 432 14 1272 343 5 550 2663 16 5 13 16 0 
241963 1352 1451 446 5 1272 334 6 492 2622 14 10 14 19 0 
241648 1346 1483 421 5 1382 338 8 500 2816 18 8 15 12 0 
241912 1331 1476 424 3 1360 312 3 508 2624 15 8 9 14 1 
241779 1277 1523 476 8 1354 361 5 507 2646 18 15 17 14 0 
241882 1252 1499 435 6 1313 329 7 497 2715 24 3 18 20 0 
241811 1358 1559 422 11 1325 320 9 481 2652 14 10 14 14 0 
241941 1324 1480 439 9 1286 288 5 483 2677 17 15 21 15 0 
241739 1336 1498 440 13 1318 337 9 505 2765 15 7 14 4 0 
241880 1402 1436 428 7 1282 329 3 476 2710 17 7 13 10 0 
241916 1377 1488 443 8 1286 315 10 504 2604 12 12 12 13 0 
242010 1281 1482 473 11 1253 322 5 523 2589 11 5 16 19 0 
241997 1251 1493 463 11 1287 313 3 490 2647 8 12 10 15 0 
241912 1299 1447 460 7 1311 315 8 516 2668 11 13 12 21 0 
241899 1327 1527 424 6 1325 316 5 481 2648 13 6 13 10 0 
241870 1361 1489 427 11 1234 327 10 516 2694 19 7 17 18 0 
241790 1380 1459 492 9 1328 311 6 487 2686 13 11 18 10 0 
241902 1365 1455 454 6 1203 311 8 544 2689 21 7 19 16 0 
241969 1361 1464 434 6 1286 329 7 486 2605 13 13 19 8 0 
242018 1310 1464 457 9 1263 347 10 515 2545 18 7 18 19 0 
241816 1389 1471 434 9 1283 347 7 481 2713 11 10 9 20 0 
241905 1332 1516 427 7 1262 338 6 484 2666 18 8 20 11 0 
242002 1339 1503 455 9 1223 299 4 509 2603 8 11 17 17 1 
242050 1320 1456 434 13 1271 334 4 470 2604 13 8 11 12 0 
241820 1338 1533 457 8 1260 342 6 488 2707 13 8 8 12 0 
241807 1362 1498 449 6 1265 319 2 550 2699 16 5 15 7 0 
241772 1360 1521 446 11 1215 318 4 553 2757 12 3 17 11 0 
241864 1343 1472 437 8 1268 338 8 526 2677 10 9 16 24 0 
241812 1358 1503 484 10 1224 322 9 556 2676 15 7 5 19 0 
241933 1318 1498 465 6 1283 309 5 501 2618 18 14 14 17 1 
241931 1329 1463 452 4 1352 311 6 506 2593 15 13 14 11 0 
241843 1356 1470 435 4 1326 343 10 524 2635 13 13 14 14 0 
241826 1342 1444 464 8 1298 312 7 530 2714 12 11 16 16 0 
241876 1315 1456 428 14 1361 348 7 500 2658 4 6 12 15 0 
241851 1349 1494 469 11 1271 330 6 532 2632 15 5 21 14 0 
241812 1339 1542 445 4 1311 314 3 505 2681 11 8 14 11 0 
241836 1339 1533 468 9 1275 338 5 533 2626 10 7 9 12 0 
242008 1296 1463 424 10 1325 323 4 496 2593 18 9 14 17 0 
241853 1374 1538 423 7 1253 328 8 491 2663 20 12 16 14 0 
241853 1297 1469 478 9 1325 350 6 484 2676 16 8 20 9 0 
242045 1274 1442 430 7 1300 324 6 499 2620 18 3 13 19 0 
241916 1333 1489 424 8 1314 326 6 508 2631 12 6 16 11 0 
241657 1368 1503 437 10 1327 346 10 500 2787 20 9 8 18 0 
242016 1305 1460 468 8 1240 301 9 513 2631 21 2 13 13 0 
241807 1380 1497 453 8 1259 319 5 510 2715 18 6 7 16 0 
241896 1384 1479 463 11 1272 312 5 519 2615 21 5 9 9 0 
241845 1358 1487 404 11 1286 350 10 481 2709 19 9 17 13 1 
241860 1373 1443 465 10 1286 334 8 499 2691 7 7 5 12 0 
242106 1322 1389 421 10 1267 315 10 509 2591 18 9 14 19 0 
241861 1350 1478 435 7 1316 326 5 519 2649 14 10 17 13 0 
241819 1355 1500 455 7 1253 348 5 521 2679 18 6 17 17 0 
242068 1341 1465 398 7 1288 325 8 489 2576 11 5 7 12 0 
241955 1306 1475 436 4 1304 339 7 498 2622 17 11 13 13 0 
241803 1410 1460 400 5 1354 334 7 526 2659 22 6 4 10 0 
241841 1335 1448 484 9 1288 357 4 512 2671 20 8 12 11 0 
241907 1335 1509 427 10 1303 314 7 495 2648 14 7 12 12 0 
241891 1336 1485 434 11 1301 319 9 525 2629 16 14 16 14 0 
241893 1320 1520 433 11 1239 318 9 516 2688 14 6 20 13 0 
241672 1459 1449 434 4 1329 322 9 511 2746 20 12 17 16 0 
241905 1309 1460 465 4 1277 364 9 533 2627 14 5 13 15 0 
241921 1439 1414 419 4 1323 288 6 474 2658 19 8 9 18 0 
241946 1341 1504 428 7 1268 305 4 470 2664 13 11 22 17 0 
241920 1433 1441 426 10 1229 337 8 474 2676 12 8 13 13 0 
241984 1319 1558 489 11 1229 301 7 467 2580 16 15 9 14 1 
241874 1358 1478 424 12 1294 336 5 500 2675 11 6 11 16 0 
242002 1362 1454 435 9 1260 303 5 475 2637 15 8 15 20 0 
241946 1376 1489 421 4 1231 334 7 499 2646 13 10 13 11 0 
241818 1363 1483 462 5 1285 311 12 494 2710 14 10 18 15 0 
241913 1348 1422 450 14 1313 315 5 494 2667 14 10 13 22 0 
241928 1295 1515 431 11 1344 324 8 491 2604 14 6 15 14 0 
241947 1401 1460 426 10 1271 339 3 529 2560 16 11 14 13 0 
241868 1299 1516 430 11 1297 336 6 512 2673 20 4 10 17 1 
241941 1316 1430 454 4 1295 337 5 502 2668 9 5 22 12 0 
241950 1296 1409 475 8 1322 325 4 550 2604 22 6 17 12 0 
241809 1383 1498 429 10 1275 329 6 486 2732 11 9 11 12 0 
241946 1376 1435 449 11 1336 323 5 517 2561 18 2 12 9 0 
242091 1311 1471 407 10 1232 359 6 474 2584 19 6 10 20 0 
241874 1347 1457 417 7 1347 314 9 472 2711 13 9 17 6 0 
241886 1325 1543 404 6 1273 311 8 498 2700 13 3 19 11 0 
241864 1349 1567 440 7 1356 302 8 465 2593 10 6 16 17 0 
241951 1354 1495 474 10 1349 322 5 490 2497 13 11 13 16 0 
241931 1329 1451 448 8 1289 309 10 491 2684 18 9 15 8 0 
241798 1376 1474 405 7 1335 325 4 511 2723 9 5 11 17 0 
241811 1373 1462 483 8 1323 340 9 537 2599 18 7 20 10 0 
241848 1338 1442 433 11 1342 315 3 518 2703 11 8 16 12 0 
241792 1312 1506 478 4 1305 327 3 504 2723 10 9 18 9 0 
241843 1279 1491 499 8 1323 330 8 524 2652 13 10 11 9 0 
241986 1360 1410 416 6 1261 319 4 481 2693 20 13 14 17 0 
242023 1354 1415 464 6 1236 323 8 516 2610 14 8 11 12 0 
241708 1365 1549 459 9 1282 350 6 501 2721 15 7 12 16 0 
241748 1394 1471 457 6 1283 367 4 513 2700 9 11 17 20 0 
241896 1297 1493 458 12 1277 340 9 506 2650 16 15 14 17 0 
241841 1351 1545 430 6 1241 339 7 556 2636 11 10 12 15 0 
241852 1348 1495 444 15 1283 307 6 522 2673 18 11 15 11 0 
241760 1423 1488 419 6 1317 329 3 495 2722 9 5 12 12 0 
241761 1345 1548 464 10 1332 326 9 503 2642 23 7 14 16 0 
241771 1329 1593 414 7 1339 339 10 510 2631 23 7 13 14 0 
241796 1413 1501 452 10 1309 367 3 479 2630 13 8 8 11 0 
241936 1308 1511 434 7 1297 331 6 501 2624 12 8 15 10 0 
241936 1327 1505 433 9 1289 299 4 519 2627 18 10 12 12 0 
241969 1339 1445 460 10 1244 338 12 495 2631 20 4 20 13 0 
241871 1377 1486 409 11 1283 324 5 509 2669 14 14 18 10 0 
241701 1357 1537 429 9 1324 358 4 524 2707 18 12 6 14 0 
241743 1392 1558 440 5 1320 294 5 481 2707 14 10 12 17 2 
241908 1379 1484 462 9 1257 346 5 475 2626 16 6 18 9 0 
241924 1330 1471 432 6 1344 288 7 510 2629 13 13 17 16 0 
241873 1369 1479 431 7 1316 315 5 482 2677 15 9 9 13 0 
241886 1357 1518 462 8 1254 288 4 525 2627 18 9 26 18 0 
241758 1344 1516 440 3 1364 309 15 509 2700 13 7 11 11 0 
241979 1340 1445 476 7 1273 288 5 521 2612 17 9 15 13 0 
241907 1297 1483 442 2 1293 329 6 518 2686 7 3 13 14 0 
241950 1376 1443 412 13 1326 327 9 486 2595 19 8 19 17 0 
241957 1312 1477 424 13 1322 294 5 490 2656 18 4 13 15 0 
241905 1363 1465 485 10 1219 335 6 502 2663 10 7 13 17 0 
241967 1328 1456 424 6 1254 306 7 510 2691 15 7 15 14 0 
241924 1329 1479 454 11 1258 331 10 512 2632 19 10 18 13 0 
241897 1320 1455 442 5 1317 335 6 504 2671 17 6 11 14 0 
241856 1376 1446 448 6 1300 316 5 515 2688 14 7 11 12 0 
241911 1331 1486 436 7 1305 302 4 528 2626 18 8 20 18 0 
242023 1384 1469 431 4 1277 319 10 485 2536 17 12 15 18 0 
242083 1343 1402 428 12 1241 326 5 486 2625 14 6 14 15 0 
241875 1444 1463 437 6 1293 340 5 489 2592 14 9 22 11 0 
241974 1291 1476 437 5 1247 341 6 506 2666 12 13 9 17 0 
241935 1332 1516 422 4 1307 316 6 499 2628 4 5 10 16 0 
241736 1337 1429 436 7 1390 337 7 512 2756 16 6 13 18 0 
241856 1258 1531 448 6 1284 331 5 494 2741 12 7 17 10 0 
241970 1375 1431 422 12 1275 324 10 497 2637 11 9 14 13 0 
241798 1436 1468 470 7 1285 339 9 459 2693 10 7 16 3 0 
241930 1357 1430 441 12 1305 340 6 515 2615 12 14 11 12 0 
242024 1393 1479 435 7 1276 314 8 484 2536 16 4 12 12 0 
241916 1315 1513 470 7 1281 348 6 480 2624 12 8 9 10 1 
241911 1333 1472 470 5 1279 322 6 490 2658 11 11 15 17 0 
241830 1394 1443 439 10 1291 348 8 501 2682 17 5 14 18 0 
241944 1353 1490 436 13 1248 334 10 477 2643 20 11 17 4 0 
241947 1354 1469 434 7 1299 304 5 460 2661 20 6 22 12 0 
241963 1354 1432 439 13 1283 284 9 535 2645 10 9 14 10 0 
241826 1360 1461 459 10 1293 339 4 491 2713 21 9 6 8 0 
241897 1402 1447 432 4 1293 312 6 513 2648 10 4 18 14 0 
241884 1328 1425 446 10 1263 360 4 492 2735 21 12 9 11 0 
241709 1350 1513 448 6 1370 350 9 486 2703 20 7 13 16 0 
242022 1309 1552 451 7 1256 331 5 439 2584 14 9 11 10 0 
241796 1347 1495 495 7 1251 344 7 498 2704 16 9 13 18 0 
242011 1340 1436 448 6 1291 280 2 518 2628 12 5 13 10 0 
241852 1360 1462 441 3 1279 348 2 489 2699 19 15 17 14 0 
241956 1368 1508 435 7 1268 298 8 510 2594 21 3 14 10 0 
241946 1354 1418 450 11 1278 322 12 502 2656 10 6 20 15 0 
242000 1364 1454 408 6 1225 324 8 529 2630 19 7 12 14 0 
241848 1330 1531 444 7 1336 342 5 487 2632 11 7 9 11 0 
241916 1361 1425 451 10 1311 342 12 548 2573 21 8 11 11 0 
241901 1320 1432 426 3 1327 297 14 518 2715 13 4 17 13 0 
241981 1319 1499 410 10 1282 318 13 523 2590 19 10 17 9 0 
241811 1347 1487 433 10 1315 317 5 503 2710 23 9 14 16 0 
241827 1363 1509 438 11 1327 330 11 467 2660 10 13 15 19 0 
241843 1390 1499 446 11 1257 329 9 489 2666 12 9 24 16 0 
241831 1303 1553 440 7 1287 334 4 509 2683 14 10 8 17 0 
241908 1390 1443 412 10 1274 343 6 495 2665 19 6 16 13 0 
242034 1344 1423 434 7 1268 316 4 491 2622 14 8 18 17 0 
241970 1331 1453 423 8 1237 331 9 522 2653 17 13 15 18 0 
241775 1404 1519 461 9 1311 343 10 488 2632 15 7 16 10 0 
241901 1302 1481 457 9 1323 335 7 475 2669 13 8 9 11 0 
241813 1356 1462 464 15 1327 327 3 513 2671 17 7 11 14 0 
242064 1335 1397 429 10 1248 305 8 536 2602 27 8 17 14 0 
241934 1318 1423 452 12 1330 337 10 483 2646 18 10 13 14 0 
241895 1304 1473 472 15 1269 324 3 527 2649 21 12 12 24 0 
241841 1359 1510 450 7 1303 306 5 514 2664 8 7 11 15 0 
242015 1317 1450 422 7 1288 321 6 501 2608 13 11 24 17 0 
241701 1385 1494 442 7 1333 360 4 507 2716 11 7 20 13 0 
241932 1371 1469 432 14 1266 316 3 470 2676 13 6 12 20 0 
241836 1366 1490 438 4 1289 317 7 526 2666 19 8 14 20 0 
241911 1377 1500 441 13 1281 292 5 498 2629 10 8 18 17 0 
241823 1359 1447 423 13 1320 313 6 514 2737 18 10 9 8 0 
241831 1300 1526 494 4 1299 326 3 486 2676 16 7 21 11 0 
241788 1343 1521 484 8 1309 328 2 535 2645 13 5 6 12 1 
241868 1376 1479 413 12 1330 318 12 520 2638 8 3 12 11 0 
241912 1360 1491 453 11 1269 306 5 499 2646 14 4 14 16 0 
241899 1345 1420 434 8 1359 319 7 519 2642 14 5 11 18 0 
241929 1385 1443 425 10 1305 352 2 491 2594 22 10 15 17 0 
241936 1362 1500 458 6 1232 320 7 501 2621 20 12 17 8 0 
241851 1322 1447 463 12 1322 329 4 494 2705 18 7 12 14 0 
241993 1323 1464 446 9 1274 305 7 535 2600 9 9 12 14 0 
242034 1339 1461 421 5 1266 355 7 478 2593 14 13 8 6 0 
241970 1382 1509 425 9 1166 275 10 486 2705 17 12 19 15 0 
241858 1334 1434 447 8 1296 324 8 507 2741 9 6 11 17 0 
241716 1373 1493 445 9 1351 326 5 507 2721 21 6 11 15 1 
241808 1412 1455 458 7 1321 358 7 510 2618 9 8 17 12 0 
241901 1367 1511 444 6 1289 331 11 474 2631 12 4 12 7 0 
241923 1326 1476 449 4 1324 319 6 529 2599 12 14 10 9 0 
241811 1350 1408 460 16 1307 328 13 514 2741 16 10 10 16 0 
241798 1394 1461 431 9 1249 362 9 518 2724 14 5 14 12 0 
242102 1333 1467 416 12 1243 324 6 490 2560 18 10 8 11 0 
241765 1384 1535 462 13 1296 300 6 495 2704 14 10 11 5 0 
241928 1293 1551 415 9 1280 334 4 546 2598 14 4 5 19 0 
241891 1367 1514 427 7 1287 314 5 479 2667 11 5 13 12 1 
241962 1325 1446 445 5 1263 313 7 506 2678 15 7 16 12 0 
241882 1341 1536 436 8 1275 324 5 526 2615 14 6 14 18 0 
241986 1333 1511 432 7 1286 313 8 488 2583 22 7 11 13 0 
241713 1331 1565 465 13 1350 327 13 513 2650 21 7 17 15 0 
241746 1421 1478 433 8 1319 330 6 485 2723 20 7 14 10 0 
241761 1344 1552 503 12 1289 325 4 549 2615 13 2 18 13 0 
241992 1313 1405 453 8 1323 322 3 482 2652 14 2 20 11 0 
241900 1377 1433 455 7 1307 342 9 506 2613 13 8 16 14 0 
241816 1289 1530 464 4 1357 333 6 500 2660 16 4 16 5 0 
241761 1346 1461 433 3 1336 325 9 517 2755 17 6 17 14 0 
241813 1320 1520 455 10 1350 325 6 517 2641 15 8 14 6 0 
241809 1337 1475 457 11 1281 321 10 477 2768 12 10 14 18 0 
241951 1346 1450 490 12 1240 328 3 495 2634 15 9 12 15 0 
241939 1271 1520 417 6 1288 300 11 511 2681 16 8 12 20 0 
241877 1365 1469 468 7 1266 337 8 499 2651 19 7 13 14 0 
242037 1391 1442 391 7 1308 286 4 524 2557 12 5 14 22 0 
241923 1350 1427 442 9 1304 319 5 518 2644 18 7 12 22 0 
241943 1363 1421 433 3 1318 353 4 495 2613 10 4 27 13 0 
241783 1398 1513 398 10 1332 342 4 523 2636 20 11 16 14 0 
241884 1417 1422 454 10 1321 341 6 493 2604 18 7 13 10 0 
241886 1274 1533 446 5 1320 313 3 516 2657 12 6 14 15 0 
241913 1394 1457 411 9 1326 309 10 494 2607 16 11 19 24 0 
241823 1348 1451 425 12 1283 354 10 533 2705 11 7 26 12 0 
241935 1332 1440 436 7 1281 330 10 505 2672 14 6 19 13 0 
242032 1355 1421 431 7 1301 307 10 533 2553 16 8 13 13 0 
241778 1370 1424 444 11 1316 368 8 514 2715 17 10 11 14 0 
241853 1381 1449 455 11 1342 333 13 495 2622 17 5 13 11 0 
241823 1342 1480 434 10 1305 364 5 534 2652 13 7 18 13 0 
241872 1317 1526 475 7 1296 321 10 502 2632 15 1 13 12 1 
241975 1370 1485 418 7 1219 309 7 528 2631 16 5 17 13 0 
241998 1320 1504 444 7 1279 336 8 452 2607 13 7 12 13 0 
241826 1435 1531 449 8 1292 319 7 525 2557 19 8 8 16 0 
241974 1264 1491 485 8 1278 321 8 460 2657 14 9 16 15 0 
241898 1407 1452 427 8 1314 315 9 478 2643 15 6 13 15 0 
241915 1318 1487 404 9 1295 327 8 517 2664 13 12 11 20 0 
241920 1344 1458 440 5 1302 355 5 526 2602 12 9 8 13 1 
241967 1347 1449 406 4 1342 313 4 487 2628 16 16 10 11 0 
241772 1340 1503 475 7 1285 317 11 514 2719 17 9 18 13 0 
241889 1368 1449 454 9 1287 314 3 480 2696 15 8 12 16 0 
242005 1359 1394 426 9 1302 348 4 480 2635 10 6 12 10 0 
241872 1368 1458 415 9 1339 316 9 491 2678 12 7 15 11 0 
241914 1380 1511 457 11 1301 311 3 489 2578 13 7 7 18 0 
241811 1380 1489 430 7 1313 331 3 523 2670 18 7 10 8 0 
241883 1365 1504 423 8 1383 319 6 452 2610 15 11 14 7 0 
242000 1353 1515 421 4 1254 319 5 512 2568 13 11 16 9 0 
241889 1373 1474 435 5 1272 316 6 502 2673 17 5 12 21 0 
241933 1396 1463 462 7 1266 300 9 528 2592 19 6 10 9 0 
241808 1360 1460 417 12 1341 302 9 564 2679 16 7 13 12 0 
241854 1353 1468 456 13 1287 315 7 523 2676 17 9 11 11 0 
241826 1356 1511 478 8 1265 303 4 511 2666 24 11 16 21 0 
241856 1306 1467 416 12 1321 359 10 540 2663 11 4 15 20 0 
241892 1295 1494 435 11 1267 325 5 510 2716 15 6 12 17 0 
241821 1418 1475 456 7 1294 352 4 504 2626 15 6 9 13 0 
241814 1415 1507 422 7 1265 333 6 491 2673 19 11 22 15 0 
241912 1267 1441 438 9 1327 351 4 497 2697 14 8 14 21 0 
241759 1384 1553 431 9 1285 303 7 514 2710 8 11 14 12 0 
242030 1356 1462 462 14 1219 300 4 476 2623 15 4 17 17 1 
241996 1300 1483 433 11 1297 298 9 510 2615 14 8 14 12 0 
241785 1350 1486 459 5 1287 343 4 487 2728 22 13 19 12 0 
241959 1331 1492 424 7 1288 301 4 434 2701 21 11 15 12 0 
241875 1314 1492 432 11 1296 325 9 509 2688 16 7 12 14 0 
241709 1365 1476 454 11 1284 340 8 494 2812 9 9 20 9 0 
241706 1356 1521 448 7 1330 308 1 508 2755 20 9 19 12 0 
241915 1340 1460 457 6 1347 331 6 484 2603 14 10 15 12 0 
241987 1358 1410 427 6 1325 331 7 494 2595 24 7 19 10 0 
242003 1358 1420 424 9 1318 328 7 474 2612 12 11 14 10 0 
241852 1308 1481 466 10 1316 320 5 490 2701 22 8 11 10 0 
241901 1358 1516 444 10 1275 311 7 467 2670 12 9 8 12 0 
241780 1349 1517 471 6 1298 322 3 479 2719 17 7 19 13 0 
241964 1326 1490 429 7 1277 325 4 527 2598 16 6 14 17 0 
241747 1356 1496 472 5 1329 316 6 521 2670 25 7 25 24 1 
241769 1346 1534 439 7 1289 338 6 524 2693 15 8 20 12 0 
241786 1409 1470 445 11 1335 326 7 495 2665 16 10 12 13 0 
241692 1373 1518 437 3 1336 334 3 518 2724 17 13 16 16 0 
241873 1361 1454 426 12 1280 321 5 518 2706 14 6 11 13 0 
241834 1356 1466 438 5 1350 309 5 513 2665 14 13 14 18 0 
241862 1350 1509 463 11 1345 310 5 460 2616 13 17 25 14 0 
241878 1403 1376 455 6 1298 343 7 520 2672 11 7 17 7 0 
241981 1361 1495 432 8 1281 323 7 493 2578 10 6 14 11 0 
241927 1344 1438 494 10 1317 322 3 518 2577 15 12 13 10 0 
241924 1355 1453 455 12 1294 329 9 514 2603 10 14 11 17 0 
241764 1404 1478 419 12 1359 322 12 500 2662 21 14 14 19 0 
241954 1331 1423 436 5 1279 339 6 498 2676 14 11 11 17 0 
241859 1347 1494 441 6 1292 340 10 539 2630 9 10 10 13 0 
