241886 1377 1525 377 5 1243 342 6 560 2621 18 8 15 17 0 
241803 1379 1517 392 5 1220 315 6 554 2748 19 10 19 13 0 
241888 1452 1441 393 6 1226 332 3 542 2666 17 4 14 16 0 
241929 1422 1466 391 6 1229 325 9 541 2624 13 13 17 15 0 
241717 1426 1489 403 11 1256 323 6 584 2735 14 6 14 15 1 
241857 1429 1445 393 5 1246 312 8 551 2698 16 9 14 17 0 
241989 1392 1456 371 6 1261 332 1 532 2607 15 9 20 9 0 
242053 1326 1512 348 12 1224 326 5 548 2594 14 12 16 10 0 
241803 1444 1481 362 8 1291 345 3 611 2602 14 5 18 13 0 
241709 1392 1496 402 7 1270 360 7 564 2731 25 8 18 11 0 
242007 1351 1505 370 5 1201 336 9 561 2597 20 11 14 13 0 
241822 1441 1450 410 8 1272 334 3 530 2669 14 14 16 17 0 
241781 1372 1542 407 6 1273 361 6 543 2658 18 4 17 12 0 
241892 1371 1459 391 17 1248 344 9 568 2667 9 7 10 8 0 
242064 1391 1469 377 6 1201 298 12 552 2584 20 7 9 10 0 
241827 1445 1460 376 9 1228 348 2 592 2652 16 12 19 14 0 
241995 1432 1421 387 5 1236 288 4 577 2605 15 8 12 15 0 
241877 1338 1532 438 13 1160 315 3 555 2716 20 4 16 13 0 
241927 1396 1411 384 9 1230 303 6 558 2731 11 7 9 18 0 
241905 1415 1442 370 9 1267 317 10 538 2673 20 8 14 12 0 
241641 1453 1512 381 6 1297 308 11 578 2763 22 5 13 10 0 
241961 1375 1452 397 11 1234 299 3 557 2665 17 7 10 12 0 
241909 1326 1515 362 6 1264 355 11 596 2610 14 6 11 15 0 
241670 1431 1506 405 8 1309 347 6 577 2694 16 4 12 15 0 
241856 1451 1473 370 6 1244 331 11 512 2702 18 7 14 5 0 
241980 1383 1488 404 13 1162 323 7 545 2636 15 12 21 11 0 
242004 1396 1430 350 6 1212 343 8 583 2611 17 10 16 14 0 
241824 1405 1473 379 7 1243 311 8 520 2775 16 10 15 14 0 
241943 1376 1433 379 7 1264 317 9 586 2641 13 6 9 17 0 
241912 1441 1428 364 8 1263 341 2 576 2619 19 10 8 9 0 
241838 1412 1477 390 5 1265 330 5 571 2651 17 10 14 15 0 
241942 1414 1491 393 3 1192 310 11 585 2590 28 12 18 11 0 
242137 1358 1446 352 10 1201 308 5 572 2556 20 8 20 7 0 
241856 1426 1483 370 7 1241 293 6 583 2677 18 11 15 14 0 
241938 1383 1480 338 6 1289 313 3 565 2635 13 4 12 21 0 
241818 1484 1392 404 9 1323 325 7 562 2630 12 12 14 8 0 
241909 1419 1499 387 8 1259 324 2 575 2568 23 3 15 9 0 
242148 1347 1452 398 10 1198 328 5 557 2515 14 4 12 12 0 
241846 1415 1489 350 6 1255 322 1 565 2695 23 12 13 8 0 
241911 1417 1431 378 8 1251 315 13 561 2661 15 11 15 13 0 
241905 1383 1448 384 5 1252 323 6 520 2731 14 8 12 9 0 
241836 1474 1462 369 14 1269 332 7 547 2642 13 11 12 12 0 
241984 1440 1417 382 7 1260 331 11 550 2574 13 6 14 11 0 
241966 1350 1459 352 8 1208 358 3 534 2710 12 14 14 12 0 
241840 1471 1509 365 5 1255 329 0 567 2629 9 6 6 8 1 
241855 1400 1422 406 14 1245 345 8 604 2660 13 5 15 8 0 
241983 1376 1414 401 5 1233 333 7 566 2631 17 8 11 15 0 
242001 1395 1431 398 11 1172 313 5 558 2674 13 7 10 12 0 
241891 1415 1518 387 12 1228 305 15 551 2628 13 10 11 16 0 
242018 1429 1488 380 9 1163 302 7 535 2607 16 5 23 18 0 
241919 1425 1487 385 10 1227 317 5 582 2587 19 5 23 9 0 
241901 1408 1493 388 4 1192 319 5 545 2693 17 8 14 13 0 
241942 1360 1478 429 5 1297 296 6 551 2594 15 7 11 9 0 
241885 1357 1483 394 4 1227 332 9 590 2670 11 12 15 10 1 
241851 1383 1421 396 8 1263 331 9 583 2702 16 8 16 13 0 
241998 1333 1438 358 8 1247 306 8 557 2697 24 13 7 6 0 
241946 1440 1441 382 6 1194 338 9 594 2595 18 12 12 13 0 
241892 1412 1439 404 9 1202 345 6 583 2657 15 12 13 11 0 
242089 1374 1437 346 10 1230 321 6 533 2601 23 7 12 11 0 
241922 1438 1494 391 6 1205 296 10 583 2606 18 10 12 9 0 
241808 1430 1483 386 8 1241 364 12 582 2630 17 13 12 14 0 
241808 1435 1466 404 10 1206 327 12 562 2721 14 11 15 9 0 
241933 1353 1462 397 9 1201 341 3 579 2677 14 5 19 7 0 
241758 1397 1492 372 4 1288 361 9 554 2702 20 13 12 18 0 
241841 1429 1503 334 11 1197 358 5 559 2714 13 7 17 12 0 
241967 1372 1470 399 4 1247 343 6 560 2585 13 12 11 11 0 
241970 1409 1463 385 6 1221 305 7 548 2622 17 8 16 23 0 
241801 1373 1475 398 7 1323 322 5 586 2660 14 9 19 8 0 
242025 1408 1454 372 9 1169 328 6 555 2620 17 11 15 11 0 
241833 1407 1447 384 8 1270 367 9 568 2644 14 11 16 22 0 
241859 1403 1494 360 8 1202 318 11 567 2708 16 13 20 21 0 
241831 1399 1509 374 9 1272 315 10 549 2691 10 13 5 13 0 
241949 1418 1487 377 8 1186 318 4 534 2666 12 15 12 14 0 
241909 1464 1415 390 8 1244 342 11 549 2628 10 7 12 11 0 
241943 1363 1427 387 11 1270 310 5 601 2622 21 8 17 15 0 
241945 1439 1459 364 5 1224 325 6 588 2602 15 3 14 11 0 
241892 1411 1486 390 11 1244 341 7 556 2612 12 7 16 15 0 
241919 1363 1381 379 9 1309 339 4 569 2689 10 8 10 11 0 
241957 1447 1407 370 9 1215 332 9 547 2653 25 6 13 10 0 
241847 1450 1539 373 9 1233 327 5 587 2581 18 4 16 11 0 
241923 1345 1461 415 6 1208 341 10 562 2678 12 16 10 13 0 
241897 1427 1441 348 9 1262 315 5 579 2658 8 8 27 16 0 
241848 1419 1471 404 4 1239 355 6 549 2662 12 2 10 19 0 
241832 1497 1421 411 12 1268 318 10 575 2588 16 6 26 20 0 
241756 1401 1509 368 6 1238 329 6 616 2725 14 5 17 10 0 
241878 1427 1425 384 10 1242 333 6 548 2686 19 11 20 11 0 
241894 1448 1422 370 11 1276 341 4 556 2619 17 8 19 15 0 
241957 1377 1432 411 7 1265 335 4 563 2585 17 18 14 15 0 
241969 1399 1465 374 6 1187 308 4 571 2676 9 9 10 13 0 
241863 1427 1480 411 8 1247 350 4 524 2634 15 11 13 13 0 
242016 1412 1465 343 8 1236 317 9 559 2590 11 7 13 14 0 
242100 1385 1402 385 7 1219 316 6 566 2561 13 11 18 11 0 
242009 1395 1419 358 8 1182 362 10 557 2647 13 7 19 13 1 
241851 1386 1531 374 7 1235 321 13 538 2697 20 6 8 13 0 
241769 1411 1503 392 4 1234 343 6 582 2711 17 6 10 12 0 
241939 1419 1404 381 4 1261 334 5 556 2637 17 8 18 17 0 
241933 1367 1501 390 11 1219 310 6 587 2628 15 7 11 15 0 
241774 1442 1506 404 10 1267 333 5 528 2679 13 11 15 13 0 
241655 1459 1475 378 7 1306 367 6 594 2697 14 9 16 17 0 
241903 1446 1506 352 8 1226 327 7 541 2634 16 9 11 14 0 
241772 1443 1490 378 9 1221 312 4 559 2743 24 11 17 17 0 
241856 1426 1476 385 7 1182 339 13 554 2707 18 9 16 11 1 
241916 1335 1518 394 8 1246 343 5 563 2624 14 13 9 12 0 
242052 1414 1491 403 4 1185 296 6 540 2551 16 12 18 12 0 
241924 1417 1481 368 8 1282 324 7 506 2652 9 2 13 7 0 
241927 1479 1457 373 3 1216 345 12 557 2581 9 11 16 14 0 
241826 1417 1453 386 9 1238 373 7 559 2678 19 8 15 12 0 
241854 1421 1478 346 10 1243 351 5 562 2682 12 7 18 11 0 
241848 1428 1514 405 7 1234 311 3 539 2658 18 7 18 10 0 
241678 1457 1504 398 8 1274 310 5 573 2752 9 10 7 15 0 
241869 1409 1490 424 8 1234 291 7 544 2674 20 8 14 8 0 
241732 1452 1519 377 6 1210 311 3 566 2763 17 11 19 14 0 
241962 1379 1458 369 9 1243 334 6 548 2623 21 13 20 15 0 
241858 1423 1483 380 3 1194 339 6 561 2709 12 9 15 8 0 
241911 1395 1456 405 5 1200 322 1 540 2702 21 9 16 17 0 
241907 1380 1467 410 13 1214 345 7 547 2666 15 8 10 11 0 
241860 1371 1471 389 5 1257 326 7 581 2674 19 9 8 23 0 
241938 1376 1506 389 10 1253 327 6 570 2572 15 11 11 16 0 
241915 1389 1463 369 8 1258 326 2 514 2709 14 6 13 14 0 
241905 1361 1496 378 10 1250 324 9 553 2671 10 6 15 12 0 
242013 1382 1469 384 4 1224 313 6 530 2622 16 12 9 16 0 
241940 1386 1480 391 9 1212 303 9 556 2649 22 7 23 13 0 
241895 1383 1490 384 5 1260 330 9 560 2632 22 11 11 8 0 
242006 1368 1516 372 6 1240 319 9 558 2551 18 9 14 14 0 
242026 1370 1447 377 9 1239 314 7 593 2576 14 4 10 14 0 
241856 1439 1466 384 3 1250 322 6 565 2656 15 5 14 18 1 
241828 1401 1501 390 10 1293 329 7 558 2633 12 10 16 12 0 
241925 1493 1440 355 7 1270 308 5 567 2576 19 7 11 17 0 
241866 1439 1424 346 6 1222 327 6 606 2701 22 9 11 15 0 
241864 1385 1464 399 11 1273 330 4 516 2696 17 10 13 17 1 
241809 1412 1528 366 9 1299 307 4 527 2683 21 8 12 15 0 
241880 1408 1416 369 7 1361 340 6 554 2589 22 7 18 23 0 
241915 1418 1469 372 7 1177 318 5 534 2721 19 13 18 14 0 
241786 1397 1544 398 12 1241 320 10 567 2680 14 5 16 10 0 
241922 1418 1533 403 5 1228 323 4 555 2557 16 8 15 13 0 
241951 1449 1465 368 4 1238 312 7 513 2645 14 10 12 12 0 
241993 1392 1447 391 11 1230 321 9 520 2636 17 4 14 15 0 
241964 1439 1429 360 5 1237 323 6 574 2609 11 9 16 18 0 
241776 1365 1495 427 10 1296 325 11 568 2683 13 7 12 12 0 
241909 1407 1452 374 5 1194 348 2 566 2690 16 8 17 11 1 
241732 1456 1552 378 15 1206 336 6 593 2663 18 12 13 20 0 
241959 1440 1444 324 7 1238 308 7 602 2621 19 5 16 10 0 
241882 1411 1455 386 7 1292 299 8 571 2640 15 3 17 14 0 
241777 1441 1501 375 9 1238 324 5 598 2683 10 10 12 17 0 
241851 1369 1421 366 8 1346 324 7 570 2683 20 8 16 11 0 
241844 1405 1505 382 5 1317 280 9 554 2660 10 7 11 11 0 
241767 1385 1510 416 10 1240 336 7 564 2713 17 9 12 14 0 
241991 1418 1423 389 10 1212 319 5 508 2673 13 12 18 9 0 
241809 1427 1437 385 4 1283 346 4 542 2710 14 11 15 13 0 
241856 1414 1436 426 7 1244 333 9 537 2674 27 13 15 8 1 
241861 1482 1473 402 12 1242 325 15 572 2567 13 11 12 12 1 
241971 1343 1462 386 14 1257 321 8 566 2631 17 4 11 9 0 
241951 1350 1462 384 7 1239 323 12 564 2657 16 8 16 10 1 
241837 1395 1531 395 6 1244 310 7 561 2660 20 5 17 12 0 
241946 1411 1510 399 6 1238 322 6 552 2567 16 6 10 11 0 
241857 1401 1384 375 8 1276 330 8 551 2757 20 8 14 11 0 
241819 1416 1510 368 5 1228 347 9 602 2644 21 8 11 12 0 
241965 1405 1498 370 10 1187 348 8 504 2662 19 9 8 7 0 
241896 1406 1460 394 7 1241 311 7 544 2684 9 11 10 20 0 
241892 1414 1536 343 8 1231 302 8 545 2668 11 10 16 15 1 
241840 1482 1442 390 14 1203 327 3 549 2678 22 13 19 18 0 
241807 1354 1528 401 7 1235 297 9 547 2761 15 10 15 14 0 
241883 1383 1540 375 18 1208 323 2 561 2661 13 8 14 11 0 
241809 1434 1463 361 6 1218 333 5 587 2725 16 8 17 18 0 
241735 1412 1482 394 12 1300 321 9 553 2723 20 8 19 12 0 
241829 1402 1577 385 7 1206 318 9 546 2669 13 6 14 19 0 
241678 1466 1559 374 1 1256 335 8 566 2700 15 13 15 14 0 
242052 1419 1425 361 13 1197 340 8 531 2604 17 4 12 17 0 
241885 1438 1427 390 4 1222 352 10 555 2667 15 7 15 13 0 
241714 1447 1573 397 6 1239 318 6 556 2682 24 12 10 16 0 
242031 1428 1439 408 6 1239 302 6 531 2564 14 8 11 13 0 
241984 1379 1551 381 5 1108 302 6 563 2673 12 6 13 17 0 
241831 1446 1402 405 7 1237 316 6 593 2697 17 10 20 13 0 
241950 1399 1461 370 10 1203 313 5 546 2689 15 4 19 16 0 
242059 1370 1430 382 9 1245 299 9 576 2570 11 6 18 15 1 
241846 1448 1445 403 6 1240 338 6 535 2680 17 9 12 15 0 
242056 1387 1389 369 6 1293 327 6 553 2572 16 12 9 5 0 
242002 1355 1493 371 7 1226 299 8 540 2651 17 10 15 6 0 
241771 1404 1508 374 9 1281 341 8 548 2698 22 8 9 19 0 
241943 1434 1440 373 10 1221 342 10 519 2661 15 9 13 10 0 
241892 1434 1540 379 2 1234 353 4 525 2589 20 4 16 8 0 
241787 1379 1459 417 6 1248 355 6 578 2701 20 15 17 12 0 
241849 1422 1490 393 9 1241 305 6 583 2654 15 13 9 11 0 
241984 1455 1457 395 7 1172 323 8 577 2568 27 5 11 11 0 
241848 1426 1439 381 9 1277 346 4 552 2667 20 5 13 13 0 
241847 1476 1514 396 9 1199 320 7 552 2624 16 5 17 17 1 
241876 1407 1499 388 6 1204 322 4 532 2723 14 7 12 6 0 
241909 1467 1518 365 8 1190 307 5 559 2622 18 8 14 10 0 
241792 1391 1526 386 6 1284 293 9 569 2689 16 9 12 18 0 
241766 1445 1498 382 6 1225 329 5 588 2692 11 10 23 20 0 
241819 1450 1565 364 6 1234 291 5 570 2638 17 12 11 18 0 
242003 1427 1482 338 9 1211 315 9 529 2626 14 11 12 14 0 
241923 1383 1481 377 5 1242 348 6 586 2592 16 5 23 13 0 
241960 1325 1440 383 3 1362 343 5 557 2583 7 9 13 10 0 
241806 1469 1474 362 9 1261 341 8 587 2622 20 12 17 12 0 
241750 1453 1514 383 7 1247 349 5 556 2684 18 13 16 5 0 
241961 1389 1452 388 7 1261 316 6 573 2590 23 5 15 14 0 
241921 1344 1502 427 11 1253 332 4 566 2588 15 13 11 13 0 
241898 1416 1447 376 4 1300 337 2 557 2605 17 8 19 14 0 
241820 1427 1469 373 9 1203 343 4 596 2702 17 10 19 8 0 
241812 1393 1500 381 9 1209 345 7 576 2714 22 8 11 13 0 
241971 1413 1453 355 10 1222 334 12 603 2586 13 5 16 7 0 
241944 1413 1498 425 6 1186 313 9 560 2603 18 6 7 12 0 
241770 1451 1521 417 4 1299 327 6 591 2566 13 7 14 14 0 
242056 1423 1414 362 11 1176 291 6 570 2628 19 11 10 23 0 
241979 1375 1466 379 9 1199 334 6 553 2653 15 11 10 11 0 
242055 1378 1480 366 6 1196 302 12 561 2587 12 9 26 10 0 
242089 1390 1452 376 9 1209 315 8 537 2577 12 5 9 12 0 
241779 1498 1506 395 9 1259 325 5 592 2582 14 9 17 10 0 
241747 1443 1527 369 6 1291 298 10 583 2674 14 8 17 13 0 
242002 1458 1431 372 11 1182 331 7 550 2590 16 9 24 17 0 
241785 1427 1489 385 7 1254 328 13 566 2686 19 11 15 15 0 
241868 1430 1529 348 7 1233 345 7 560 2632 15 9 10 7 0 
242062 1357 1427 387 4 1184 326 4 598 2600 15 7 15 14 0 
242036 1351 1427 381 6 1285 326 5 569 2557 16 13 11 16 1 
241872 1333 1474 372 13 1251 330 6 581 2718 20 9 11 10 0 
242024 1368 1441 370 6 1213 320 8 557 2633 14 17 15 14 0 
241976 1395 1508 381 9 1224 348 8 549 2550 13 11 16 12 0 
241716 1399 1461 389 10 1325 341 8 603 2697 15 9 14 13 0 
242027 1333 1464 380 6 1262 328 7 548 2601 13 8 8 15 0 
241816 1424 1507 380 12 1292 330 12 551 2622 14 7 17 16 0 
241842 1416 1495 419 6 1223 308 4 573 2665 14 11 15 9 0 
241919 1436 1443 392 4 1240 309 5 533 2669 13 8 16 13 0 
241833 1415 1483 420 12 1198 315 3 589 2687 11 8 14 12 0 
241867 1370 1451 404 10 1283 315 6 570 2681 16 3 15 9 0 
241779 1383 1538 363 5 1282 326 4 558 2705 14 7 14 22 0 
241858 1408 1460 365 10 1261 307 13 562 2711 14 10 11 10 0 
241923 1384 1468 357 10 1279 331 6 582 2596 20 11 16 17 0 
241743 1405 1539 390 12 1262 329 7 570 2696 8 9 18 12 0 
241851 1304 1487 414 13 1242 357 11 600 2655 19 15 10 22 0 
241972 1370 1424 385 17 1244 308 10 581 2628 19 13 10 19 0 
241934 1426 1436 383 13 1225 331 6 588 2604 19 7 13 15 0 
241944 1389 1532 364 4 1168 324 11 580 2632 13 8 13 18 0 
242070 1386 1431 386 3 1210 321 5 557 2598 16 3 6 8 0 
241825 1386 1446 420 10 1274 317 8 513 2740 21 6 20 14 0 
242025 1371 1389 371 8 1210 328 6 565 2674 17 11 15 10 0 
241850 1409 1514 370 6 1248 309 3 554 2689 14 7 12 15 0 
241891 1409 1463 361 8 1216 359 9 594 2654 11 7 9 9 0 
241905 1403 1485 408 11 1238 311 9 554 2631 12 11 9 13 0 
241835 1403 1523 387 10 1247 315 7 582 2640 15 11 12 13 0 
241788 1404 1466 388 3 1251 307 9 572 2765 15 6 15 11 0 
242043 1349 1450 373 5 1251 332 7 530 2610 14 7 16 12 1 
241903 1415 1477 370 8 1190 335 9 554 2685 14 11 13 16 0 
241855 1441 1484 394 8 1215 309 5 585 2646 22 8 14 13 1 
242010 1349 1426 406 7 1269 326 3 509 2654 14 7 10 10 0 
241762 1425 1507 373 5 1253 306 3 566 2751 12 10 14 13 0 
241924 1398 1468 424 5 1192 345 6 587 2596 16 13 8 18 0 
241827 1426 1447 408 8 1289 335 6 537 2656 18 11 19 13 0 
241872 1436 1437 425 10 1237 322 5 562 2637 16 12 16 13 0 
241988 1401 1501 364 8 1173 348 7 587 2593 8 9 7 6 0 
241959 1376 1454 389 10 1147 322 7 545 2729 16 12 23 11 0 
241840 1466 1502 380 7 1193 301 2 582 2677 15 9 16 10 0 
242053 1442 1436 375 9 1200 354 3 544 2540 14 6 13 11 0 
241876 1435 1492 431 3 1185 348 6 583 2588 15 15 15 8 0 
241827 1426 1515 353 7 1215 342 6 603 2655 14 8 18 11 0 
241804 1379 1517 388 12 1271 327 7 590 2659 17 7 12 10 0 
241956 1387 1479 364 8 1180 308 10 544 2706 14 16 11 17 0 
241973 1431 1472 368 5 1196 340 2 561 2593 21 9 9 19 1 
241853 1381 1401 396 14 1245 328 11 579 2749 17 6 11 9 0 
241957 1428 1504 349 8 1220 316 7 597 2560 9 9 23 13 0 
241976 1452 1410 392 9 1278 336 5 521 2576 16 2 9 18 0 
241868 1404 1487 426 10 1208 317 4 534 2687 22 9 15 9 0 
241849 1456 1453 364 13 1258 306 5 556 2684 19 10 18 9 0 
242029 1443 1406 383 5 1199 312 5 548 2615 19 8 18 10 0 
241929 1412 1499 369 8 1176 309 6 550 2684 14 11 19 14 0 
241790 1347 1495 387 7 1287 350 12 590 2683 15 11 18 8 0 
242040 1398 1476 401 7 1241 346 3 520 2518 18 9 11 12 0 
241798 1471 1443 381 7 1289 326 11 522 2705 17 5 18 7 0 
241828 1413 1508 393 16 1283 316 6 550 2636 19 4 11 17 0 
241821 1399 1500 373 4 1217 360 15 576 2690 14 9 10 12 0 
241764 1493 1475 426 9 1310 329 8 561 2587 11 5 9 12 1 
241821 1391 1485 419 7 1276 321 8 574 2636 20 8 17 17 0 
241823 1469 1456 374 7 1218 344 6 565 2687 16 9 12 14 0 
241812 1408 1516 421 5 1282 330 8 558 2607 20 7 9 17 0 
241786 1425 1495 400 12 1256 369 5 548 2647 22 8 15 12 0 
241968 1376 1477 417 9 1182 325 2 588 2597 16 13 16 14 0 
241939 1418 1453 410 9 1166 331 8 537 2674 16 8 19 12 0 
242029 1373 1400 379 5 1273 287 11 595 2586 8 22 22 10 0 
241782 1416 1431 411 9 1271 345 7 587 2685 13 14 16 13 0 
242041 1393 1407 355 12 1231 329 3 574 2615 10 8 7 15 0 
241831 1444 1422 401 11 1246 326 7 573 2687 18 12 13 9 0 
241948 1405 1450 417 10 1216 322 7 537 2630 18 7 19 14 0 
241913 1383 1445 371 8 1278 308 5 532 2691 23 9 16 18 0 
242023 1336 1446 365 5 1233 321 7 577 2640 19 7 12 9 0 
241839 1462 1493 416 4 1178 323 2 571 2657 19 10 14 12 0 
241852 1354 1512 405 10 1227 341 7 552 2684 12 10 18 16 0 
242103 1405 1377 403 7 1163 315 3 547 2625 14 8 22 8 0 
241865 1423 1539 369 10 1265 318 2 569 2595 19 6 10 10 0 
241898 1418 1436 415 7 1178 315 3 588 2693 22 7 13 7 0 
241779 1403 1578 402 7 1253 330 5 570 2618 18 13 7 17 0 
242031 1352 1427 359 11 1226 341 5 567 2624 14 12 15 16 0 
241891 1434 1419 370 5 1227 312 7 563 2726 14 9 11 12 0 
241796 1415 1465 414 7 1277 314 5 595 2663 13 7 15 14 0 
241911 1418 1459 386 9 1224 311 7 573 2641 19 5 20 17 0 
241737 1431 1515 400 6 1241 311 8 532 2773 13 7 13 13 0 
242008 1376 1465 416 6 1193 296 4 531 2661 15 7 8 14 0 
241797 1423 1541 371 9 1273 293 8 569 2670 15 10 10 11 0 
241851 1392 1427 421 16 1221 324 9 567 2729 15 7 14 7 0 
241890 1352 1409 396 8 1232 350 8 540 2766 15 6 9 18 1 
241971 1418 1459 370 3 1247 337 6 555 2582 12 10 13 17 0 
241986 1384 1433 433 5 1186 312 5 549 2658 14 10 12 13 0 
241932 1384 1427 362 2 1296 335 6 555 2643 23 7 15 13 0 
241839 1393 1538 373 5 1179 327 7 570 2716 12 11 19 11 0 
242060 1351 1460 398 7 1260 345 4 558 2507 13 11 12 14 0 
241814 1429 1469 394 8 1239 337 7 570 2676 20 4 16 17 0 
241939 1417 1450 377 10 1227 340 12 531 2658 12 4 15 7 1 
241813 1400 1516 382 7 1263 308 7 563 2687 10 10 20 13 1 
241926 1393 1543 417 10 1202 317 10 551 2577 17 7 21 9 0 
241760 1479 1431 366 4 1271 343 6 556 2725 12 13 21 13 0 
241922 1432 1421 367 6 1239 363 8 568 2617 13 12 20 12 0 
241970 1453 1413 377 8 1245 314 5 579 2589 10 12 8 17 0 
241988 1348 1439 420 11 1259 302 7 482 2699 13 6 11 15 0 
241888 1351 1514 401 8 1226 315 9 538 2705 13 8 16 8 0 
241985 1417 1476 392 7 1176 266 2 559 2668 15 5 18 14 0 
241756 1461 1508 383 5 1304 314 5 553 2659 22 12 7 11 0 
241841 1504 1505 380 8 1186 330 5 550 2632 18 16 20 5 0 
241891 1363 1518 373 11 1245 319 9 609 2607 17 7 16 15 0 
241750 1425 1580 390 5 1242 319 6 582 2645 16 8 17 15 0 
241966 1427 1450 374 9 1184 337 6 537 2657 17 7 19 10 0 
241849 1398 1477 392 5 1235 335 6 582 2664 14 8 16 19 0 
241911 1354 1467 388 14 1239 315 5 542 2711 17 7 16 14 0 
241919 1397 1443 376 9 1271 319 7 589 2621 12 6 21 10 0 
241835 1422 1479 359 8 1283 349 12 560 2643 14 7 16 13 0 
241677 1490 1531 387 7 1264 314 4 554 2727 13 9 14 9 0 
241930 1358 1527 390 14 1215 323 6 576 2599 20 9 21 12 0 
241919 1402 1513 382 4 1270 320 4 528 2620 11 7 8 12 0 
241895 1366 1507 380 7 1271 321 11 551 2644 13 10 15 9 0 
241875 1462 1489 383 15 1237 328 8 559 2594 18 9 9 14 0 
241776 1423 1502 407 3 1262 323 9 547 2687 22 7 17 15 0 
241866 1455 1479 384 6 1244 332 7 560 2618 12 5 18 14 0 
241901 1368 1568 350 4 1217 327 10 573 2642 12 5 10 13 0 
241886 1445 1494 350 5 1251 307 7 559 2647 12 9 16 12 0 
242010 1360 1466 414 8 1197 314 3 557 2621 19 10 10 11 0 
241786 1463 1485 386 10 1239 352 6 566 2641 22 6 19 19 0 
241899 1386 1476 390 8 1242 323 6 594 2622 19 9 17 9 0 
241701 1445 1465 361 10 1286 337 7 548 2793 22 4 9 12 0 
241753 1446 1539 369 4 1267 359 12 560 2644 17 8 9 13 0 
241876 1414 1511 364 5 1258 329 11 572 2612 14 8 16 10 0 
241978 1369 1443 394 5 1187 334 10 599 2628 14 11 12 16 0 
241831 1432 1535 377 9 1287 315 7 544 2608 19 4 15 17 0 
242004 1360 1413 369 5 1226 333 6 545 2691 7 13 16 12 0 
241918 1408 1424 369 7 1284 308 8 562 2676 13 8 11 4 0 
241936 1363 1468 369 9 1218 323 3 581 2681 13 7 15 14 0 
241960 1298 1477 367 9 1207 326 5 598 2699 18 6 19 11 0 
241985 1417 1477 394 13 1214 298 7 571 2566 13 14 18 13 0 
241731 1432 1514 379 9 1235 390 8 597 2664 12 8 9 12 0 
241935 1487 1443 338 16 1277 329 6 550 2570 15 9 14 11 0 
241800 1437 1424 393 9 1292 312 7 582 2700 15 6 13 9 1 
241911 1350 1434 413 9 1282 315 4 532 2701 9 10 15 15 0 
241746 1438 1491 396 7 1270 309 12 578 2701 13 8 17 14 0 
241833 1380 1509 406 9 1234 354 8 592 2623 21 6 10 15 0 
241993 1427 1428 378 10 1206 322 5 577 2594 16 7 13 24 0 
242005 1352 1451 366 8 1236 303 9 564 2657 12 7 11 19 0 
241774 1403 1474 394 12 1203 353 6 556 2762 23 13 14 13 0 
242007 1344 1442 351 4 1293 322 7 529 2653 11 8 12 17 0 
241795 1394 1456 370 5 1277 346 7 565 2735 15 13 11 11 0 
241922 1385 1511 359 7 1248 322 2 553 2646 12 5 17 11 0 
241922 1346 1502 381 4 1231 337 3 554 2675 17 5 13 10 0 
241826 1445 1499 385 12 1207 323 9 562 2678 16 5 17 15 1 
241837 1368 1444 392 10 1239 362 6 557 2740 16 6 13 10 0 
241821 1397 1522 413 6 1263 314 8 585 2615 19 8 15 13 1 
241967 1434 1439 350 8 1207 291 7 560 2685 16 9 10 17 0 
241976 1371 1448 348 12 1259 337 3 576 2624 16 7 7 16 0 
242108 1374 1398 407 3 1155 310 4 565 2628 18 7 12 11 0 
242030 1410 1407 400 6 1204 340 8 538 2610 15 8 9 15 0 
241872 1454 1490 400 4 1198 297 4 575 2663 18 8 10 7 0 
241927 1450 1407 366 6 1286 317 5 564 2622 9 10 16 15 0 
241760 1408 1526 398 8 1233 339 8 599 2668 16 8 11 18 0 
241831 1419 1480 371 10 1309 305 8 601 2607 17 11 16 15 0 
241870 1424 1419 412 8 1294 327 8 558 2627 21 11 12 9 0 
241715 1390 1551 391 8 1273 317 3 583 2712 13 9 19 16 0 
241934 1433 1385 401 6 1262 313 4 594 2614 19 9 8 18 0 
241898 1399 1465 394 6 1249 304 7 553 2665 18 8 21 13 0 
241792 1408 1500 363 8 1299 316 7 586 2668 10 11 14 17 1 
241863 1384 1482 368 7 1231 348 5 588 2677 9 6 16 16 0 
241907 1396 1494 421 12 1219 324 6 556 2623 18 3 12 9 0 
241894 1374 1501 366 4 1271 303 9 596 2642 15 8 10 7 0 
241856 1381 1475 383 11 1286 328 7 550 2684 15 3 9 12 0 
241872 1401 1498 382 10 1249 359 6 528 2627 17 12 19 20 0 
241988 1352 1482 388 2 1242 346 5 549 2587 25 6 19 9 0 
242052 1337 1455 354 11 1259 307 5 565 2606 13 11 16 8 1 
241926 1365 1481 387 6 1251 350 9 532 2653 13 6 17 4 0 
241806 1420 1491 399 10 1207 339 11 577 2686 13 12 18 11 0 
241992 1385 1458 389 4 1202 307 7 575 2620 13 8 20 20 0 
241899 1439 1576 388 11 1214 326 7 531 2558 14 9 16 12 0 
241995 1409 1418 398 8 1292 327 6 501 2585 21 11 12 17 0 
241894 1381 1486 375 10 1245 340 7 555 2655 13 8 16 14 1 
241941 1406 1440 369 6 1262 311 9 532 2676 12 12 14 9 1 
241897 1418 1485 369 6 1235 334 7 545 2655 18 8 14 8 1 
241834 1368 1488 369 9 1296 342 8 601 2631 20 5 19 10 0 
241938 1409 1486 375 8 1217 308 9 553 2649 19 7 8 14 0 
241747 1391 1508 426 14 1261 341 6 559 2689 16 8 22 12 0 
241874 1405 1488 399 12 1199 325 3 592 2646 16 6 16 19 0 
241898 1446 1437 397 4 1243 333 9 588 2601 12 7 15 10 0 
241910 1333 1463 418 6 1292 330 6 541 2646 21 5 16 13 0 
241978 1423 1436 379 10 1252 287 10 572 2599 12 16 13 13 0 
242007 1387 1476 387 8 1189 313 7 574 2594 26 6 16 10 0 
241996 1362 1430 396 5 1224 310 7 547 2673 22 6 11 10 1 
241975 1411 1484 350 6 1167 356 7 576 2624 13 5 11 15 0 
241991 1378 1501 426 5 1173 318 3 523 2630 16 7 13 16 0 
241964 1368 1528 385 5 1212 316 9 610 2557 18 8 10 9 1 
241865 1350 1511 376 9 1250 313 4 542 2740 12 8 10 10 0 
241754 1442 1430 387 15 1275 321 6 575 2744 12 4 17 17 1 
241982 1418 1424 374 5 1194 350 2 611 2583 12 16 17 12 0 
241840 1429 1510 381 13 1216 332 5 596 2613 21 11 16 17 0 
241875 1375 1532 338 7 1217 322 5 603 2678 12 13 12 11 0 
241827 1410 1456 421 11 1222 332 7 581 2683 16 9 8 17 0 
241893 1447 1489 408 11 1219 285 7 527 2673 13 8 10 10 0 
242030 1456 1391 367 3 1202 299 7 527 2669 12 7 13 17 0 
241735 1497 1471 416 7 1252 301 7 563 2689 15 8 21 18 0 
241915 1458 1455 378 8 1242 356 4 575 2555 16 12 11 15 0 
241880 1411 1431 392 12 1246 342 7 568 2655 18 8 15 15 0 
241785 1430 1462 377 13 1247 298 4 587 2735 26 11 10 15 0 
241890 1389 1532 393 11 1199 331 6 602 2600 17 8 11 11 0 
241926 1362 1497 402 13 1337 341 13 522 2524 22 13 15 13 0 
242014 1381 1401 378 9 1249 312 5 545 2650 18 17 10 11 0 
241997 1406 1394 383 4 1287 325 5 557 2596 8 11 16 11 0 
241922 1410 1453 386 11 1172 326 9 597 2656 18 15 13 12 0 
241750 1508 1479 366 7 1252 307 5 569 2700 13 5 17 22 0 
241983 1388 1482 371 14 1188 297 6 557 2649 23 8 16 18 0 
241798 1370 1569 383 9 1253 327 6 564 2674 18 5 14 10 0 
242037 1359 1504 383 9 1211 333 5 508 2610 10 10 7 14 0 
241669 1442 1491 388 10 1310 308 9 610 2721 9 9 11 12 1 
241905 1454 1527 384 7 1223 296 4 540 2603 16 10 16 15 0 
241817 1383 1536 367 11 1209 346 2 567 2712 22 6 15 7 0 
241837 1420 1464 419 6 1234 340 6 562 2658 16 6 18 14 0 
242009 1447 1366 419 6 1228 341 11 554 2560 19 9 16 15 0 
241948 1440 1480 387 12 1196 331 7 544 2603 10 14 13 15 0 
241881 1391 1495 417 6 1251 292 2 569 2641 17 12 11 15 0 
241850 1375 1482 379 10 1258 330 13 573 2694 12 9 8 7 0 
241879 1386 1502 385 8 1309 339 9 525 2609 17 14 7 11 0 
241843 1403 1501 357 9 1221 321 5 573 2697 23 8 22 17 0 
242021 1372 1387 369 8 1253 331 6 569 2618 23 9 22 12 0 
241755 1349 1555 418 12 1261 313 9 568 2712 18 13 11 6 0 
241933 1377 1443 386 7 1243 297 7 555 2698 19 6 15 14 0 
241825 1365 1505 418 10 1268 310 6 555 2681 19 9 16 13 0 
241976 1389 1483 351 3 1259 306 6 569 2605 13 9 17 14 0 
241882 1417 1538 369 6 1233 370 8 563 2553 17 9 18 17 0 
241955 1455 1443 368 3 1259 331 7 543 2584 15 6 18 13 0 
241867 1453 1470 396 10 1266 307 5 528 2641 16 7 19 15 0 
241961 1394 1416 385 4 1200 343 6 552 2688 15 4 17 14 1 
242022 1396 1454 378 11 1216 360 8 541 2571 13 3 16 11 0 
241961 1399 1445 403 13 1231 304 9 567 2611 22 8 13 14 0 
241820 1401 1483 399 9 1257 311 1 564 2712 14 6 9 14 0 
241859 1375 1485 404 6 1235 323 7 527 2714 19 7 14 24 1 
241808 1497 1471 381 10 1250 317 4 564 2645 18 8 15 12 0 
241783 1429 1491 380 11 1246 337 7 587 2680 14 8 15 12 0 
241954 1430 1387 391 13 1237 335 6 583 2603 17 13 19 12 0 
241869 1361 1454 373 12 1257 301 6 590 2735 10 4 14 14 0 
241795 1358 1514 420 7 1249 351 6 558 2682 18 12 22 8 0 
242022 1475 1430 414 8 1175 291 6 584 2547 21 9 12 6 0 
241794 1357 1533 373 6 1273 313 6 596 2696 16 12 12 13 0 
242063 1390 1405 367 10 1246 326 8 548 2581 22 11 15 8 0 
241887 1464 1463 366 6 1230 331 7 529 2653 11 12 22 19 0 
241711 1440 1465 398 7 1255 317 5 610 2741 19 5 13 14 0 
241899 1424 1481 395 9 1238 296 3 554 2644 9 11 22 15 0 
242001 1396 1432 418 8 1197 329 6 511 2650 18 6 17 11 0 
241838 1406 1452 414 10 1269 353 4 554 2638 27 8 15 12 0 
241814 1384 1494 395 10 1277 304 7 591 2680 11 11 11 11 0 
241951 1362 1467 401 10 1263 334 5 534 2633 11 4 10 15 0 
242040 1404 1420 405 13 1231 329 6 552 2549 16 12 17 6 0 
241953 1367 1414 366 8 1209 325 4 571 2731 7 6 20 19 0 
241972 1374 1432 415 8 1249 311 3 569 2613 23 4 14 13 0 
241799 1424 1482 398 12 1240 363 7 549 2675 16 6 16 13 0 
241864 1386 1529 405 7 1216 351 7 562 2621 18 9 18 7 0 
241925 1427 1462 406 2 1221 314 10 582 2604 8 9 21 9 0 
241705 1397 1538 426 9 1239 338 4 567 2711 27 14 16 9 0 
241914 1407 1512 405 12 1282 338 10 547 2530 16 8 5 14 0 
241816 1473 1484 392 8 1226 305 4 539 2709 15 4 14 11 0 
241968 1333 1488 373 7 1219 315 7 543 2691 14 8 15 19 0 
241957 1447 1509 410 9 1176 332 7 521 2578 18 10 16 10 0 
241910 1402 1419 381 12 1218 340 6 573 2681 15 13 16 14 0 
241827 1382 1484 378 8 1226 350 5 538 2739 25 10 12 16 0 
241842 1421 1476 400 4 1210 333 8 568 2682 17 12 18 8 1 
241783 1466 1471 403 9 1273 311 1 570 2664 9 8 14 18 0 
241689 1425 1514 402 6 1241 363 6 578 2719 18 12 14 13 0 
241893 1402 1480 416 7 1224 320 5 533 2659 27 5 15 14 0 
242028 1345 1436 369 8 1240 320 7 562 2637 17 6 14 10 1 
241896 1471 1392 398 4 1246 283 3 592 2679 6 10 10 10 0 
241920 1372 1452 367 9 1276 347 8 578 2618 15 10 19 9 0 
241952 1412 1482 377 8 1225 334 3 503 2646 20 10 17 11 0 
241860 1424 1480 452 8 1213 310 3 562 2637 20 8 12 11 0 
241915 1356 1490 391 11 1246 318 4 543 2673 13 10 16 14 0 
241928 1386 1436 397 8 1195 317 11 624 2641 13 18 17 9 0 
241992 1425 1411 395 7 1182 326 6 601 2611 11 10 13 10 0 
241895 1375 1490 383 5 1316 332 6 528 2602 20 16 12 20 0 
241798 1432 1469 386 5 1245 322 6 618 2662 17 12 17 11 0 
241886 1377 1450 396 8 1214 372 7 564 2678 15 13 13 7 0 
241892 1468 1436 393 9 1239 327 5 505 2670 17 6 13 20 0 
241949 1384 1533 452 9 1200 323 2 563 2524 19 13 17 12 0 
241753 1480 1471 421 5 1280 328 11 600 2608 8 9 13 13 0 
241822 1412 1480 351 5 1270 317 9 569 2704 24 9 10 18 0 
241742 1421 1502 388 9 1299 329 4 571 2688 19 7 10 11 0 
241934 1438 1460 367 6 1246 314 2 516 2669 14 11 14 9 0 
241964 1435 1408 355 10 1194 340 8 577 2648 21 9 17 14 0 
241926 1418 1447 355 4 1271 351 6 572 2611 11 12 11 5 0 
241901 1360 1494 370 8 1251 326 7 561 2681 7 12 11 11 0 
241968 1327 1486 366 12 1208 312 9 549 2707 19 5 16 16 0 
241846 1358 1514 405 7 1267 319 6 567 2647 20 13 19 12 0 
241742 1455 1480 387 4 1359 274 8 559 2688 19 7 10 8 0 
