242034 1438 1503 308 11 1177 301 3 588 2600 10 9 13 5 0 
241914 1477 1456 341 4 1181 334 9 627 2594 22 9 15 17 0 
241828 1436 1444 307 13 1216 322 7 607 2759 14 16 16 15 0 
241890 1438 1487 307 6 1223 335 6 654 2600 25 5 13 11 0 
241862 1487 1455 331 6 1178 334 3 618 2673 21 8 13 11 0 
241866 1474 1532 332 3 1162 314 8 637 2622 17 11 15 7 0 
241885 1555 1444 311 7 1110 350 7 593 2681 16 12 16 13 0 
241808 1512 1504 316 6 1234 331 5 593 2647 17 6 6 15 0 
241815 1522 1438 318 7 1207 314 5 646 2684 14 7 15 8 0 
241888 1445 1466 335 8 1176 340 10 655 2621 12 13 15 15 1 
241900 1456 1458 339 7 1162 357 4 614 2641 15 22 14 11 0 
241961 1398 1459 321 9 1224 337 8 646 2581 21 9 15 11 0 
241774 1493 1471 332 8 1165 379 7 624 2693 17 9 12 16 0 
241942 1371 1452 333 7 1227 318 4 585 2716 18 6 7 14 0 
241971 1410 1464 312 9 1179 332 7 628 2631 20 14 14 9 0 
241961 1430 1475 302 4 1185 335 9 644 2609 17 8 11 10 0 
241903 1462 1510 314 9 1197 305 9 607 2631 19 9 14 11 0 
241864 1457 1462 303 9 1160 339 8 619 2720 19 8 14 18 0 
241913 1424 1474 352 5 1200 288 2 618 2671 16 7 16 14 0 
241861 1418 1536 323 6 1179 352 6 625 2639 11 7 20 17 0 
241803 1506 1448 318 13 1195 307 6 644 2687 22 10 15 26 0 
242007 1413 1445 325 5 1208 325 4 593 2624 16 8 12 15 0 
241865 1486 1463 294 13 1242 335 5 615 2637 9 9 16 11 0 
241814 1514 1475 335 9 1122 325 1 643 2718 12 3 18 11 0 
241735 1564 1453 349 11 1204 340 12 654 2612 20 11 18 17 0 
241903 1476 1423 349 11 1200 334 9 608 2646 13 7 9 11 1 
241802 1456 1397 316 9 1227 356 6 643 2736 11 7 21 13 0 
241747 1457 1471 330 7 1243 299 3 624 2774 14 7 15 9 0 
241817 1467 1475 324 7 1192 324 12 653 2675 19 9 5 21 0 
241989 1444 1422 322 8 1160 325 5 622 2658 14 5 17 9 0 
241961 1494 1416 340 9 1190 333 1 578 2621 20 12 17 8 0 
241998 1456 1466 352 8 1153 333 8 584 2594 14 12 10 12 0 
241881 1424 1486 321 4 1211 336 7 617 2656 25 8 15 9 0 
241953 1444 1458 341 6 1149 346 8 625 2623 14 4 18 11 0 
241926 1434 1467 300 11 1213 299 4 642 2663 12 5 17 7 0 
241724 1453 1484 347 11 1217 333 5 641 2724 18 6 20 17 0 
241780 1505 1495 302 9 1292 328 5 622 2598 22 11 14 17 0 
241912 1389 1448 347 4 1181 357 6 626 2693 13 2 13 9 0 
241940 1456 1430 324 5 1191 314 12 619 2652 13 12 23 9 0 
241969 1406 1504 335 9 1145 318 4 594 2665 14 5 16 16 0 
241932 1437 1458 326 5 1177 345 7 651 2609 18 15 13 7 0 
241915 1459 1446 343 6 1208 309 6 642 2607 21 8 19 11 0 
241926 1452 1483 343 11 1174 307 7 663 2589 10 10 15 10 0 
241876 1417 1534 342 7 1192 336 4 597 2650 11 10 12 12 0 
241906 1505 1507 316 7 1136 305 5 651 2608 16 12 14 12 0 
241900 1434 1484 344 9 1179 346 7 638 2616 12 4 15 12 0 
241730 1469 1561 346 17 1236 317 3 625 2643 19 10 15 9 0 
241844 1492 1468 333 7 1184 318 5 618 2668 21 10 19 13 0 
241775 1462 1494 318 7 1247 325 5 606 2708 21 11 10 11 0 
241901 1421 1483 311 8 1128 339 10 629 2699 25 13 16 16 1 
241896 1437 1504 326 6 1224 326 7 581 2641 21 10 15 6 0 
241845 1502 1444 330 7 1167 342 7 691 2615 12 7 15 16 0 
241982 1449 1458 299 8 1176 309 4 634 2635 19 7 14 6 0 
241802 1495 1482 351 7 1225 321 4 620 2640 20 6 15 12 0 
241968 1408 1503 298 7 1195 317 8 593 2646 18 12 17 10 0 
241888 1444 1465 336 3 1121 322 9 620 2741 11 14 17 9 0 
241887 1510 1455 303 5 1175 341 6 601 2681 17 6 7 6 0 
241816 1516 1498 353 8 1184 319 6 605 2656 9 10 8 12 0 
241862 1494 1493 285 11 1199 321 8 634 2630 21 6 20 16 0 
241865 1505 1478 342 12 1123 360 4 595 2659 22 5 17 13 0 
241988 1373 1458 319 8 1185 340 6 623 2649 15 9 16 11 0 
241930 1476 1433 332 7 1170 343 6 615 2638 16 7 12 15 0 
241758 1468 1505 333 11 1192 321 11 620 2720 22 11 12 16 0 
241837 1496 1474 350 4 1208 323 3 572 2679 13 10 22 9 0 
241946 1467 1433 343 8 1171 322 10 602 2650 10 11 12 15 0 
241853 1505 1428 321 7 1222 324 5 636 2639 20 11 13 16 0 
241780 1494 1467 327 10 1188 356 4 640 2678 21 9 15 11 0 
241964 1495 1453 298 6 1148 321 8 613 2641 13 8 16 16 0 
241859 1446 1554 348 5 1212 306 12 594 2615 14 6 9 20 0 
241841 1433 1495 328 10 1251 297 6 650 2643 15 2 14 15 0 
241750 1383 1476 340 11 1209 340 7 620 2799 22 9 16 18 0 
241872 1387 1496 340 8 1188 334 8 619 2708 7 8 16 8 1 
241923 1475 1457 313 6 1121 316 5 643 2687 17 9 13 15 0 
241867 1517 1509 332 14 1205 296 5 626 2568 22 9 16 14 0 
241816 1467 1465 300 8 1185 317 9 651 2721 23 8 16 14 0 
241838 1535 1515 307 6 1179 311 9 620 2625 15 11 15 14 0 
242005 1415 1475 325 6 1218 332 7 609 2573 13 3 11 8 0 
241890 1463 1417 321 5 1248 304 2 596 2701 20 7 11 14 1 
241845 1530 1482 333 6 1157 322 9 605 2660 21 5 13 12 0 
241913 1474 1457 335 2 1164 335 8 619 2644 10 10 21 8 0 
241909 1425 1521 317 6 1163 315 7 611 2679 16 8 9 14 0 
242092 1423 1425 319 10 1123 321 7 630 2602 20 8 10 10 0 
241848 1512 1506 331 10 1173 332 7 601 2633 10 6 17 14 0 
241753 1523 1454 331 6 1210 352 7 660 2657 15 12 11 9 0 
241956 1446 1484 323 10 1104 310 7 613 2690 17 11 19 10 0 
241886 1448 1426 333 8 1157 326 6 634 2729 18 8 11 10 0 
241811 1509 1524 315 9 1178 309 6 596 2691 18 9 11 14 0 
241898 1401 1473 312 5 1256 335 1 579 2682 24 7 13 14 0 
241837 1443 1424 336 11 1158 340 7 648 2746 20 9 14 7 0 
241966 1484 1422 313 8 1150 330 9 640 2628 15 7 10 18 0 
241752 1503 1478 323 9 1184 338 8 646 2706 17 10 20 6 0 
241806 1443 1515 344 5 1186 301 5 622 2725 15 11 16 6 0 
241843 1504 1529 336 4 1141 330 4 609 2649 15 8 12 16 0 
241751 1485 1500 342 8 1193 330 4 626 2709 16 8 16 12 0 
241887 1482 1482 322 9 1159 314 7 614 2672 19 8 17 8 0 
241750 1515 1437 301 10 1205 334 4 654 2734 19 7 17 13 0 
241821 1505 1484 311 10 1178 323 3 640 2656 24 12 21 12 0 
241889 1483 1509 300 9 1167 323 10 626 2616 21 10 19 18 0 
241989 1432 1452 354 9 1152 322 3 592 2640 19 9 13 14 0 
241905 1459 1496 330 11 1196 322 11 601 2617 17 5 17 13 0 
241818 1493 1496 312 7 1170 327 11 626 2692 14 8 12 14 0 
241895 1478 1471 342 7 1169 305 7 606 2666 14 9 18 13 0 
241904 1490 1470 307 6 1179 318 1 602 2677 12 8 17 9 0 
241920 1429 1506 318 7 1221 340 6 616 2580 12 11 21 13 0 
241954 1459 1480 298 12 1151 336 9 589 2657 19 11 12 12 1 
241766 1439 1475 330 10 1192 320 6 593 2814 17 15 11 12 0 
241827 1466 1531 292 8 1139 299 5 644 2721 27 13 17 11 0 
242012 1432 1494 323 7 1195 317 11 620 2528 21 9 18 13 0 
241960 1357 1487 312 6 1198 336 8 625 2665 15 4 17 10 0 
241895 1435 1489 358 8 1199 296 4 622 2644 17 10 11 12 0 
242005 1442 1437 320 5 1159 328 6 636 2609 20 8 17 8 0 
242120 1390 1442 361 6 1130 298 8 605 2585 17 15 17 6 0 
241924 1401 1458 326 6 1164 371 4 631 2662 15 12 11 15 0 
241775 1486 1471 357 7 1194 314 12 633 2679 29 12 16 15 0 
241861 1405 1485 331 7 1170 321 10 645 2703 16 10 20 16 0 
241980 1445 1438 321 6 1194 322 6 633 2605 16 6 17 11 0 
242091 1433 1424 318 8 1162 314 9 618 2580 15 1 16 11 0 
241841 1441 1510 305 7 1207 327 8 642 2662 18 3 17 12 0 
241868 1463 1496 314 4 1180 335 2 606 2685 10 7 16 14 0 
241968 1407 1497 321 10 1216 332 7 615 2578 20 7 12 10 0 
241916 1416 1474 319 7 1166 340 9 604 2695 21 7 18 7 1 
242023 1446 1442 352 6 1096 309 7 688 2590 15 6 15 5 0 
241907 1529 1450 329 7 1174 314 5 614 2611 19 8 18 15 0 
241934 1427 1447 325 8 1202 311 8 592 2692 21 7 10 16 0 
241819 1417 1498 348 5 1171 315 6 616 2746 20 10 18 11 0 
241841 1450 1497 295 10 1170 367 6 612 2700 14 10 9 19 0 
241890 1449 1385 356 6 1196 360 5 580 2725 15 3 15 15 0 
241980 1458 1423 323 11 1173 298 3 614 2669 19 6 13 10 0 
241740 1501 1470 308 7 1190 347 6 692 2690 14 5 14 16 0 
241812 1451 1457 327 7 1242 320 2 661 2674 16 7 7 17 0 
241933 1435 1481 334 8 1169 334 4 626 2629 16 8 13 10 0 
241953 1465 1463 352 12 1164 327 5 579 2633 18 5 11 13 0 
241768 1476 1435 348 9 1183 361 6 620 2729 27 10 15 13 0 
241729 1481 1426 350 11 1184 350 5 670 2739 11 12 15 17 0 
241899 1452 1406 303 4 1212 334 7 605 2733 7 8 18 12 0 
241791 1407 1498 330 10 1173 353 9 632 2752 15 10 13 7 0 
241899 1494 1497 309 13 1156 290 6 623 2670 15 7 12 9 0 
241849 1445 1455 323 7 1181 347 7 644 2698 18 10 9 7 0 
241843 1501 1458 314 7 1227 326 3 690 2588 16 8 10 9 0 
242034 1456 1412 293 8 1155 335 5 623 2620 21 12 14 12 0 
241825 1446 1503 327 11 1192 344 2 608 2683 14 11 15 18 1 
241868 1529 1476 315 6 1200 311 7 603 2637 12 9 16 11 0 
241803 1526 1477 343 9 1192 320 9 620 2650 9 4 22 16 0 
241803 1483 1455 326 11 1219 305 9 642 2691 22 11 13 10 0 
242148 1453 1405 306 9 1143 333 7 633 2512 19 3 17 12 0 
241780 1460 1487 324 10 1176 345 5 617 2747 17 11 15 6 0 
241789 1499 1472 345 9 1187 309 9 618 2702 14 17 17 13 0 
241884 1439 1494 333 7 1128 304 12 651 2694 16 12 11 15 0 
241983 1459 1470 333 8 1163 282 3 615 2634 15 10 13 10 2 
241888 1400 1485 324 10 1186 352 6 596 2705 15 16 8 9 0 
241803 1481 1445 368 9 1229 330 6 614 2658 23 12 15 7 0 
241996 1481 1515 324 7 1164 335 8 594 2526 13 11 15 11 0 
241860 1430 1493 331 7 1189 345 3 658 2644 15 7 11 7 0 
241887 1469 1458 319 13 1160 305 5 646 2678 18 9 18 15 0 
241911 1475 1466 290 5 1219 333 9 598 2633 16 11 20 14 0 
241964 1425 1461 333 4 1181 339 6 624 2609 10 11 14 19 0 
241934 1469 1480 323 13 1176 288 12 648 2594 19 9 18 17 0 
241754 1486 1437 315 10 1161 304 10 641 2834 17 6 13 12 0 
241828 1488 1475 348 9 1155 344 6 642 2659 14 8 10 14 0 
241799 1536 1558 318 5 1177 293 9 582 2676 13 7 12 15 0 
241957 1477 1478 304 7 1176 333 5 662 2560 16 3 11 11 0 
241852 1420 1542 334 9 1223 330 8 646 2583 16 7 18 12 0 
241909 1489 1423 312 6 1181 314 6 643 2664 15 10 12 16 0 
241851 1460 1503 332 3 1204 336 9 603 2637 15 9 22 16 0 
241920 1476 1473 346 3 1135 296 6 643 2663 13 4 12 10 0 
241996 1477 1425 335 6 1186 298 6 616 2603 17 4 13 18 0 
241937 1451 1483 325 10 1162 296 6 643 2631 21 17 13 5 0 
241866 1465 1474 342 8 1183 324 8 636 2649 20 5 11 9 0 
241742 1466 1493 301 13 1225 336 4 674 2697 13 12 11 13 0 
241866 1500 1467 330 5 1201 336 7 583 2652 16 10 12 15 0 
241921 1473 1510 315 4 1192 326 2 631 2569 25 9 12 10 1 
241914 1479 1430 325 14 1215 342 11 586 2629 18 5 24 8 0 
241786 1491 1501 332 5 1217 342 8 627 2645 18 4 12 12 0 
241909 1444 1469 337 9 1165 346 10 564 2685 23 9 19 11 0 
241841 1445 1465 307 9 1252 302 7 657 2653 21 12 14 15 0 
241822 1419 1475 326 10 1210 301 7 608 2774 17 6 17 8 0 
241868 1456 1498 308 9 1220 324 3 617 2642 11 11 21 12 0 
241991 1438 1428 313 8 1187 296 9 619 2656 19 7 15 14 0 
241921 1451 1458 321 6 1182 316 7 648 2645 11 12 15 7 0 
242116 1397 1476 301 8 1162 331 5 616 2554 8 6 10 10 0 
241785 1470 1527 347 6 1189 352 6 585 2686 20 8 8 11 0 
241857 1444 1421 340 13 1227 360 9 650 2643 14 4 10 8 0 
242008 1488 1408 294 4 1115 324 12 607 2684 14 9 21 12 0 
241873 1489 1524 302 5 1191 333 5 599 2631 19 5 16 8 0 
241917 1451 1548 303 7 1188 350 7 618 2563 24 3 12 9 0 
241733 1525 1460 322 7 1140 350 7 646 2747 26 11 8 18 0 
241865 1446 1488 317 8 1201 324 3 640 2661 15 3 20 9 0 
241814 1469 1505 326 5 1190 310 10 620 2688 17 19 10 17 0 
241864 1503 1548 321 8 1176 347 10 603 2567 17 10 17 9 0 
241741 1459 1476 324 7 1240 331 6 627 2733 19 11 11 15 0 
241781 1517 1428 360 5 1188 336 6 604 2727 12 5 16 15 0 
241969 1390 1454 333 7 1181 372 3 630 2623 13 5 12 8 0 
241954 1460 1469 308 5 1196 310 4 632 2608 19 10 16 9 0 
241891 1457 1487 315 9 1116 302 9 595 2762 19 13 10 15 0 
241869 1482 1482 332 6 1190 312 9 592 2679 17 7 14 9 0 
241969 1480 1476 344 5 1197 298 7 619 2560 15 8 17 5 0 
241916 1424 1457 328 9 1161 361 4 599 2692 11 8 19 11 0 
241875 1533 1479 312 7 1165 309 6 641 2631 13 8 8 13 0 
241826 1475 1444 331 10 1190 337 7 641 2681 25 4 14 15 0 
241924 1518 1463 321 9 1130 327 9 618 2645 7 12 8 9 0 
241896 1417 1517 315 6 1204 353 6 625 2602 17 5 23 14 0 
241826 1418 1465 335 13 1197 323 3 679 2696 13 9 9 14 0 
241948 1434 1509 320 4 1171 315 9 571 2680 16 6 13 4 0 
241853 1447 1480 319 3 1201 355 7 617 2668 13 15 9 13 0 
241849 1549 1459 325 5 1145 352 3 601 2650 20 15 10 17 0 
241836 1444 1479 327 8 1239 358 5 597 2648 15 10 16 18 0 
241887 1474 1449 338 15 1179 323 5 645 2621 25 11 17 11 0 
241865 1453 1463 381 7 1169 355 3 575 2688 16 6 8 11 0 
241859 1505 1479 322 9 1198 311 8 588 2672 19 7 15 8 0 
241924 1452 1477 302 11 1201 286 7 604 2673 17 8 23 15 0 
241954 1435 1486 346 12 1131 375 10 611 2596 13 7 11 13 0 
241801 1465 1453 322 6 1151 356 7 622 2778 13 6 11 9 0 
241900 1489 1481 330 11 1158 314 8 617 2642 18 5 16 11 0 
242027 1441 1421 333 7 1159 338 9 603 2611 16 9 16 10 0 
241974 1420 1502 337 7 1167 318 9 629 2582 24 10 10 11 0 
241966 1417 1492 350 6 1160 325 6 626 2606 11 7 13 15 0 
241793 1544 1464 341 6 1206 339 6 592 2664 15 10 14 6 0 
242051 1439 1429 306 9 1142 323 8 585 2659 11 11 16 11 0 
241820 1506 1465 314 12 1210 335 6 630 2643 19 6 22 12 0 
242045 1498 1496 332 8 1144 297 8 615 2509 21 6 9 12 0 
241994 1446 1472 336 6 1198 321 4 577 2602 15 8 10 11 0 
241838 1475 1440 335 6 1221 340 7 624 2662 17 5 23 7 0 
241880 1524 1440 300 9 1188 340 3 605 2661 14 10 12 14 0 
241925 1456 1523 315 5 1167 344 3 632 2560 23 14 23 10 0 
241744 1485 1560 321 5 1154 355 3 625 2697 20 9 8 14 0 
241864 1426 1533 344 13 1120 297 7 630 2710 21 6 15 14 0 
241966 1432 1406 331 5 1175 330 6 639 2655 22 7 12 14 0 
241886 1444 1489 292 8 1177 359 5 604 2696 14 6 8 12 0 
241894 1457 1510 298 9 1140 319 7 628 2674 21 7 21 15 0 
241891 1491 1502 323 12 1158 312 7 594 2668 8 10 17 7 0 
241796 1478 1504 328 4 1232 340 7 640 2626 10 8 17 10 0 
241885 1455 1476 331 7 1185 294 8 642 2670 21 6 16 4 0 
241913 1406 1527 315 3 1149 312 3 622 2697 19 9 13 12 0 
241709 1507 1494 355 7 1192 339 11 612 2713 16 10 24 11 0 
241864 1518 1411 336 9 1101 316 5 646 2733 23 9 17 12 0 
242051 1473 1477 317 10 1133 292 6 606 2593 13 4 18 6 1 
241933 1474 1508 313 11 1206 315 10 617 2558 15 12 19 9 0 
241816 1483 1494 336 10 1208 353 3 586 2661 16 7 12 15 0 
241916 1466 1474 355 5 1199 324 8 630 2568 19 3 16 17 0 
241812 1507 1382 366 4 1221 334 7 620 2689 24 12 14 8 0 
241933 1517 1451 335 6 1152 327 6 595 2630 16 12 12 8 0 
241882 1431 1508 340 11 1191 325 6 623 2623 16 9 18 16 1 
241897 1461 1487 334 8 1179 320 7 615 2627 26 11 20 8 0 
241774 1546 1464 319 12 1211 329 5 641 2654 20 6 10 8 1 
241950 1429 1502 298 10 1204 308 8 652 2588 14 6 16 15 0 
241973 1459 1400 326 9 1137 334 5 617 2683 25 8 14 10 0 
241833 1405 1519 329 7 1188 330 8 586 2739 13 9 18 16 0 
241879 1486 1462 316 6 1205 339 7 652 2592 15 10 19 12 0 
241951 1422 1507 336 4 1183 327 7 619 2586 22 7 12 17 0 
242033 1462 1496 321 5 1140 316 6 593 2584 17 3 12 12 0 
241773 1499 1494 341 10 1209 309 11 606 2698 12 10 16 12 0 
241837 1498 1497 312 11 1228 330 8 628 2602 14 8 17 10 0 
241866 1496 1496 315 6 1193 322 12 608 2638 17 6 16 9 0 
241974 1490 1512 339 7 1134 297 5 597 2599 14 10 9 13 0 
242065 1473 1465 300 5 1141 331 3 599 2561 22 11 17 7 0 
241850 1473 1502 335 3 1156 342 4 644 2640 21 5 17 8 0 
241749 1470 1468 289 6 1203 340 11 652 2767 18 5 10 12 0 
242095 1431 1481 290 13 1119 295 8 645 2560 17 6 29 11 0 
241819 1469 1473 317 5 1201 324 8 649 2692 15 4 13 11 0 
241936 1457 1461 321 7 1155 355 9 632 2615 20 9 11 12 0 
242005 1441 1402 302 8 1212 328 5 584 2653 33 5 9 13 0 
241718 1579 1478 352 7 1155 350 4 607 2702 21 9 11 6 1 
242013 1377 1442 318 12 1182 318 4 618 2670 14 8 12 12 0 
241747 1539 1486 305 10 1218 334 9 619 2686 15 5 14 13 0 
241898 1494 1465 309 4 1171 300 6 575 2729 23 8 10 8 0 
241947 1405 1461 320 7 1238 368 7 579 2617 17 8 14 12 0 
242036 1469 1430 299 8 1146 336 7 597 2628 19 3 12 10 0 
241924 1448 1454 315 9 1177 339 7 632 2649 14 11 12 9 0 
241925 1409 1427 319 10 1174 330 8 612 2726 21 6 18 15 0 
241991 1488 1474 305 4 1146 300 7 597 2645 12 9 10 12 0 
241966 1418 1524 329 9 1109 306 7 606 2681 15 8 13 9 0 
241839 1433 1516 328 8 1193 336 9 611 2675 17 9 17 9 0 
241901 1438 1500 293 8 1214 324 6 618 2652 21 7 14 4 0 
241868 1445 1450 306 11 1197 326 4 581 2756 16 13 19 8 0 
241848 1493 1424 301 6 1212 334 4 671 2652 18 6 14 17 0 
241915 1483 1456 304 5 1100 361 14 655 2653 18 8 9 18 1 
241786 1457 1478 361 8 1224 351 4 591 2700 15 6 13 6 0 
241796 1479 1524 319 10 1211 334 7 606 2667 15 7 15 10 0 
241899 1467 1475 361 5 1189 295 10 599 2650 16 8 14 12 0 
241866 1482 1444 352 6 1163 349 4 660 2619 16 12 12 15 0 
241805 1446 1460 327 11 1203 320 5 594 2775 20 3 14 17 0 
241894 1430 1527 339 8 1201 313 11 598 2625 23 7 17 7 0 
241882 1472 1513 355 4 1222 322 6 598 2557 19 14 18 18 0 
241945 1495 1466 315 9 1141 326 8 651 2603 11 2 17 11 0 
241997 1469 1518 346 7 1133 313 9 629 2533 11 9 20 6 0 
241863 1471 1495 313 9 1170 334 9 645 2643 16 6 14 12 0 
241784 1492 1439 339 6 1201 312 6 691 2675 25 8 13 9 0 
241978 1473 1457 304 6 1205 336 6 607 2573 18 11 15 11 0 
241795 1493 1528 346 7 1176 308 2 581 2714 10 14 14 12 0 
241745 1552 1504 319 8 1166 331 5 632 2684 17 9 18 10 0 
241843 1473 1487 337 4 1176 359 8 663 2590 18 8 15 19 0 
241904 1529 1482 335 12 1192 315 8 640 2539 16 10 12 6 0 
241848 1543 1475 337 9 1221 296 4 631 2589 16 16 4 11 0 
241943 1422 1442 354 4 1218 338 4 616 2607 16 6 12 18 0 
241770 1471 1501 290 5 1193 317 12 623 2771 19 2 14 11 1 
241855 1441 1510 335 11 1156 326 9 630 2680 12 12 18 5 0 
241833 1419 1544 336 12 1186 304 9 614 2687 27 2 13 14 0 
241934 1521 1489 328 3 1098 346 5 642 2584 20 11 9 10 0 
241851 1427 1503 314 12 1243 328 9 619 2645 16 8 13 12 0 
241882 1434 1469 339 9 1187 327 9 557 2733 18 9 11 16 0 
241857 1454 1506 307 8 1205 327 4 611 2673 16 9 12 11 0 
242060 1425 1478 332 9 1156 308 4 574 2602 13 7 19 13 0 
241829 1444 1528 327 5 1207 317 9 615 2670 21 9 8 11 0 
241913 1420 1460 336 8 1182 308 9 604 2703 21 13 8 15 0 
241945 1486 1489 332 7 1096 316 7 635 2620 25 6 23 13 0 
241855 1445 1522 327 12 1143 315 7 608 2715 20 8 14 9 0 
241893 1513 1464 322 10 1205 307 4 609 2615 14 11 21 12 0 
241875 1493 1456 323 14 1137 305 8 659 2677 12 10 13 18 0 
241825 1475 1453 338 4 1167 315 9 632 2729 12 8 18 15 0 
241954 1461 1510 320 7 1149 323 12 621 2591 22 11 15 4 0 
242068 1441 1483 330 9 1119 330 3 608 2565 18 12 9 5 0 
241910 1416 1471 299 8 1194 367 9 568 2706 12 11 20 9 0 
241932 1508 1450 335 7 1126 308 10 608 2673 13 4 14 12 0 
241705 1504 1478 359 14 1200 292 5 654 2728 13 13 18 17 0 
241877 1475 1458 354 9 1216 330 4 584 2633 15 12 21 12 0 
241936 1425 1466 292 8 1204 355 8 632 2627 13 12 10 12 0 
241900 1464 1440 297 4 1260 339 6 641 2596 18 10 12 13 0 
241797 1516 1493 320 10 1172 327 9 612 2684 13 9 20 17 1 
241851 1468 1475 303 8 1179 332 2 599 2711 19 9 26 18 0 
241912 1511 1444 347 8 1132 346 7 638 2610 14 8 11 12 0 
241971 1424 1474 351 10 1179 313 3 619 2600 12 12 15 17 0 
241968 1513 1426 374 5 1159 312 6 615 2570 19 5 17 11 0 
241888 1462 1526 339 4 1113 320 1 583 2705 20 9 18 12 0 
242051 1397 1431 294 10 1179 324 5 597 2657 19 7 16 13 0 
241937 1459 1456 312 7 1165 334 13 605 2667 9 8 19 9 0 
241890 1439 1511 359 9 1164 310 6 630 2629 19 6 15 13 0 
241812 1475 1412 356 10 1200 327 3 634 2717 16 8 18 12 0 
241878 1511 1412 332 10 1161 336 5 663 2631 20 6 18 17 0 
241831 1501 1490 307 8 1174 333 11 611 2656 26 15 18 19 0 
242028 1364 1534 291 6 1133 348 8 612 2647 8 7 5 9 0 
242079 1420 1441 310 6 1133 350 10 608 2596 14 7 13 12 1 
241893 1448 1476 347 7 1111 334 6 581 2744 18 7 15 13 0 
241862 1468 1441 318 16 1212 302 7 606 2700 18 11 23 16 0 
241814 1482 1472 335 5 1189 324 9 625 2705 14 6 12 8 0 
241921 1441 1479 331 9 1179 304 5 575 2718 12 10 8 8 0 
241868 1412 1479 351 10 1196 302 8 610 2713 14 7 16 14 0 
241921 1442 1470 339 7 1187 345 5 635 2608 11 9 15 6 0 
241846 1498 1455 323 12 1169 325 8 596 2709 16 9 18 16 0 
241901 1494 1468 312 5 1178 330 9 643 2603 21 13 11 12 0 
241775 1532 1589 313 4 1118 349 7 605 2659 21 6 8 14 0 
241940 1457 1515 304 10 1162 316 6 563 2676 16 5 14 16 0 
241855 1434 1522 348 9 1200 314 11 596 2654 21 5 14 17 0 
241872 1505 1466 331 12 1187 303 8 634 2625 22 10 13 12 0 
241829 1463 1508 347 12 1166 340 6 602 2663 22 9 19 14 0 
241959 1493 1439 318 6 1162 324 5 645 2580 26 11 14 18 0 
241851 1508 1457 350 11 1202 325 5 632 2611 17 14 9 8 0 
241851 1429 1529 324 14 1132 343 5 647 2670 19 10 14 13 0 
241947 1443 1485 327 4 1122 352 10 605 2652 18 10 13 12 0 
241828 1542 1516 321 13 1142 303 8 644 2626 20 10 14 13 0 
241905 1469 1493 300 9 1149 350 8 619 2630 21 7 23 17 0 
241963 1423 1450 315 9 1221 338 4 592 2626 17 12 23 7 0 
241875 1475 1498 326 9 1184 330 5 601 2651 19 6 13 8 0 
241966 1470 1473 316 2 1157 356 6 627 2582 15 7 17 6 0 
241749 1498 1487 312 9 1171 286 3 636 2793 23 7 14 12 0 
241912 1460 1470 316 10 1226 318 3 607 2623 22 9 13 10 1 
241998 1464 1444 347 13 1150 289 7 612 2621 23 8 15 9 0 
241870 1423 1501 333 13 1222 333 8 651 2595 18 9 13 11 0 
241801 1491 1518 335 5 1188 307 6 609 2684 20 7 19 10 0 
241686 1503 1505 341 5 1201 336 2 639 2720 20 11 14 17 0 
241937 1449 1504 302 7 1160 313 9 600 2668 21 7 11 12 0 
241725 1510 1531 364 8 1185 342 4 623 2653 13 15 17 10 0 
241939 1457 1521 343 7 1172 293 6 576 2629 12 9 15 21 0 
242022 1439 1534 314 7 1105 332 9 616 2570 18 7 16 11 0 
241961 1472 1465 318 8 1144 316 8 633 2619 22 5 18 11 0 
241811 1423 1600 309 8 1117 319 6 630 2719 18 7 15 18 0 
241830 1436 1447 345 10 1184 325 9 611 2769 11 5 12 6 0 
241968 1418 1486 321 10 1172 300 7 640 2634 15 5 13 11 0 
241790 1468 1525 328 7 1131 316 4 616 2752 19 13 11 19 1 
241801 1496 1517 315 9 1218 342 8 556 2692 15 7 16 8 0 
241882 1432 1484 348 2 1239 299 9 602 2656 11 7 14 15 0 
241926 1460 1463 349 12 1183 332 7 584 2631 18 7 16 11 1 
242142 1385 1460 325 6 1195 311 1 571 2555 14 7 13 15 0 
242116 1358 1422 368 6 1119 295 7 630 2624 17 8 16 14 0 
241914 1441 1437 301 13 1185 319 6 648 2683 18 10 14 11 0 
241952 1447 1406 314 12 1194 330 5 639 2660 15 8 9 9 0 
241844 1422 1466 327 6 1214 313 6 657 2708 7 9 12 9 0 
242033 1480 1433 315 15 1138 350 7 562 2621 18 10 11 7 0 
241856 1484 1460 336 4 1169 348 7 616 2662 16 12 20 10 0 
242003 1414 1446 326 10 1164 314 9 605 2661 21 5 9 12 1 
241914 1483 1441 333 9 1168 313 3 582 2713 15 8 11 7 0 
241738 1506 1465 332 13 1203 352 10 631 2707 11 8 15 9 0 
241805 1494 1472 317 7 1240 340 4 641 2634 14 9 11 12 0 
241748 1516 1484 336 10 1228 330 8 567 2721 16 10 13 13 0 
241811 1453 1433 356 5 1250 297 4 631 2707 18 11 16 8 0 
241861 1519 1419 309 9 1235 322 6 638 2634 20 7 17 4 0 
241913 1437 1518 324 8 1183 339 9 577 2631 18 8 16 18 1 
241972 1492 1452 325 5 1182 346 7 584 2587 11 9 15 13 0 
241984 1452 1447 289 13 1139 350 6 630 2633 15 10 18 14 0 
241715 1473 1500 321 18 1253 374 7 648 2630 23 5 13 20 0 
241867 1483 1503 341 4 1209 353 7 633 2552 17 10 14 7 0 
241875 1476 1548 338 8 1159 315 10 630 2582 20 7 22 10 0 
241832 1480 1499 326 12 1171 317 4 605 2712 17 8 10 7 0 
241884 1407 1512 354 12 1158 330 4 623 2656 18 5 22 15 0 
241862 1416 1444 362 10 1217 362 5 608 2660 8 8 27 11 0 
241843 1473 1512 322 3 1192 317 5 639 2642 19 6 17 10 0 
241869 1456 1518 318 8 1148 320 8 627 2657 24 10 23 14 0 
241917 1510 1461 348 7 1164 349 7 621 2561 17 8 11 19 0 
241858 1421 1491 333 9 1140 340 3 654 2703 12 8 17 11 0 
241866 1509 1476 309 6 1136 350 6 643 2640 21 7 22 9 0 
242038 1373 1403 314 7 1167 307 4 644 2695 15 12 13 8 0 
241947 1447 1420 327 8 1186 302 10 604 2707 8 9 15 10 0 
241847 1499 1457 317 10 1188 344 4 622 2649 23 12 13 15 0 
241904 1457 1482 317 7 1171 341 3 610 2656 13 13 16 10 0 
241836 1415 1478 304 8 1241 350 9 640 2675 17 4 9 14 0 
241825 1427 1558 323 9 1176 356 4 618 2653 16 10 12 13 0 
241913 1398 1497 376 5 1156 342 12 637 2604 16 10 22 12 0 
242037 1427 1466 304 12 1099 322 9 632 2648 9 10 14 11 0 
241886 1454 1501 309 10 1154 342 5 644 2641 21 10 13 10 0 
241783 1425 1577 342 6 1129 323 7 650 2707 17 12 12 10 0 
241866 1491 1500 324 8 1120 349 6 620 2683 8 4 11 10 0 
241729 1506 1476 328 9 1163 325 2 599 2818 16 5 11 13 0 
241876 1484 1475 348 10 1179 341 2 614 2624 16 13 9 9 0 
241849 1517 1472 304 5 1150 350 5 620 2670 18 14 14 12 0 
241977 1477 1455 294 11 1179 297 4 579 2683 14 8 13 9 0 
241861 1523 1422 339 7 1145 312 7 610 2717 22 9 14 12 0 
241942 1506 1455 344 6 1141 315 3 585 2663 14 8 11 7 0 
241890 1476 1427 324 5 1210 333 10 616 2656 18 8 19 8 0 
241770 1469 1455 314 9 1251 354 6 646 2666 21 8 16 15 0 
241878 1465 1409 324 12 1245 348 5 621 2643 17 10 13 10 0 
241814 1524 1443 299 9 1220 339 8 654 2643 11 11 12 13 0 
241766 1497 1513 331 7 1168 364 6 600 2702 15 9 11 11 0 
241740 1455 1540 307 10 1198 322 6 639 2728 24 9 13 9 0 
241824 1512 1445 339 6 1153 325 10 642 2689 19 5 16 15 0 
241861 1462 1491 337 16 1177 316 6 619 2663 17 10 10 15 0 
241884 1449 1467 331 15 1214 324 11 594 2664 12 10 15 10 0 
241870 1507 1439 307 12 1199 309 8 643 2664 11 7 17 7 0 
241845 1465 1492 339 5 1138 329 11 621 2694 17 11 13 20 0 
242092 1405 1454 323 3 1122 311 8 629 2599 18 15 9 11 1 
241956 1468 1451 346 10 1156 326 6 614 2623 13 6 13 12 0 
241867 1521 1483 346 6 1139 301 10 594 2683 17 8 12 13 0 
242003 1469 1475 337 9 1174 317 12 590 2564 16 6 18 9 1 
241837 1423 1498 328 16 1220 324 10 616 2679 22 1 16 10 0 
241965 1421 1430 343 10 1183 328 7 618 2638 14 12 14 17 0 
241833 1505 1460 341 12 1206 336 9 602 2653 13 4 16 10 0 
241813 1454 1579 315 10 1131 314 8 614 2695 19 8 19 21 0 
241971 1413 1433 333 12 1213 339 5 630 2603 16 8 14 10 0 
242035 1383 1458 314 4 1150 306 3 622 2681 14 7 11 12 0 
241804 1446 1475 326 5 1200 305 2 672 2714 15 10 17 9 0 
241907 1418 1469 336 2 1235 320 8 617 2638 16 13 11 10 0 
241829 1456 1456 344 9 1232 311 10 583 2708 22 9 15 16 0 
241821 1445 1472 341 7 1185 323 7 629 2716 14 10 21 8 1 
241694 1486 1493 350 9 1243 303 10 610 2745 24 12 10 11 0 
241977 1425 1491 322 8 1175 342 7 597 2630 11 2 8 5 0 
241951 1477 1387 336 5 1166 330 4 632 2662 16 11 10 13 0 
241963 1449 1416 336 7 1131 327 6 598 2708 20 10 12 17 0 
241785 1458 1450 368 10 1194 332 11 662 2676 18 13 12 11 0 
242080 1434 1479 312 8 1186 350 4 589 2514 12 11 11 10 0 
242130 1376 1465 315 11 1177 300 7 628 2539 17 8 12 15 0 
241920 1490 1417 312 11 1231 324 7 618 2625 7 8 13 17 0 
241903 1466 1511 363 5 1189 333 6 616 2551 18 8 19 12 0 
242033 1465 1391 333 10 1128 313 13 641 2592 26 17 21 16 1 
241898 1497 1481 321 5 1144 316 9 627 2646 21 10 11 14 0 
241818 1512 1449 318 15 1181 347 2 601 2701 22 10 10 14 0 
241986 1418 1444 338 6 1210 327 4 638 2583 16 7 9 14 0 
241863 1499 1497 294 5 1188 330 3 589 2675 18 6 18 15 0 
241739 1504 1539 310 4 1184 334 7 594 2735 16 5 18 11 0 
241871 1438 1440 328 5 1195 286 8 660 2714 15 8 20 12 0 
241820 1415 1487 353 8 1152 340 8 661 2688 20 17 22 9 0 
241953 1465 1442 334 10 1175 344 6 633 2592 13 6 14 13 0 
241940 1418 1470 342 4 1155 328 5 656 2631 19 8 6 17 1 
242017 1447 1426 350 10 1140 331 8 630 2591 14 13 9 14 0 
241792 1498 1418 337 9 1207 333 9 612 2747 15 1 10 12 0 
241971 1397 1438 304 5 1242 353 7 619 2599 24 11 18 12 0 
241967 1398 1492 328 6 1181 339 9 657 2572 18 7 19 7 0 
241910 1446 1477 337 9 1184 352 5 631 2597 13 8 16 15 0 
241891 1470 1414 316 15 1176 351 5 621 2680 17 12 18 14 0 
241971 1510 1429 350 14 1157 316 6 577 2618 17 4 14 17 0 
241969 1462 1488 313 3 1107 328 6 630 2624 26 9 16 19 0 
241977 1441 1422 318 12 1170 363 2 573 2673 18 7 11 13 0 
241835 1487 1514 351 2 1126 354 11 615 2648 24 9 16 8 0 
241969 1440 1454 333 12 1131 321 6 606 2691 12 5 12 8 0 
241938 1410 1490 334 9 1156 339 7 620 2631 26 13 17 10 0 
242029 1448 1444 333 12 1193 318 4 648 2529 20 6 10 6 0 
241815 1480 1489 299 8 1233 332 6 635 2655 12 9 11 16 0 
241786 1488 1483 368 7 1202 331 3 634 2642 14 8 19 15 0 
241892 1472 1478 339 5 1189 325 9 555 2695 12 8 15 6 0 
241801 1516 1481 316 6 1245 288 3 634 2647 20 8 19 16 0 
241969 1511 1402 300 5 1209 338 6 609 2583 25 14 15 14 0 
241939 1467 1446 302 9 1183 320 2 627 2660 21 7 10 7 0 
241893 1400 1420 347 7 1241 324 10 612 2696 16 8 10 16 0 
241811 1503 1546 336 9 1168 311 5 588 2667 23 10 15 8 0 
241880 1447 1507 358 9 1216 354 10 582 2583 10 14 16 14 0 
241987 1485 1468 302 16 1157 301 6 591 2630 18 7 17 15 0 
241999 1481 1391 280 7 1185 317 6 615 2673 13 6 8 19 0 
241861 1482 1456 316 11 1225 328 4 594 2671 17 10 10 14 1 
241837 1476 1486 358 10 1187 337 6 599 2649 10 10 24 11 0 
241876 1491 1496 331 10 1164 324 8 609 2637 19 6 16 13 0 
241887 1454 1481 343 6 1130 369 2 614 2669 11 10 10 14 0 
241699 1467 1482 340 7 1245 320 5 679 2696 22 5 19 14 0 
242063 1416 1519 293 6 1125 316 10 568 2639 13 7 16 9 0 
241783 1441 1497 349 6 1168 300 4 628 2758 22 8 19 17 0 
241796 1481 1523 335 8 1186 341 8 618 2650 21 6 12 15 0 
241822 1418 1532 333 6 1196 337 7 600 2688 22 10 19 10 0 
241955 1417 1482 303 6 1155 320 10 630 2656 23 4 20 19 0 
241830 1500 1395 366 9 1157 320 10 654 2700 18 11 18 12 0 
241906 1439 1449 341 5 1158 324 8 571 2745 13 14 16 11 0 
242029 1404 1494 307 5 1109 324 6 624 2642 10 11 15 20 0 
241925 1447 1539 286 8 1148 318 7 620 2645 20 6 20 11 0 
241816 1518 1479 322 7 1163 319 1 618 2697 15 18 13 14 0 
241855 1442 1514 310 2 1206 338 4 626 2631 21 16 21 13 1 
