95377 803 795 168 5 663 117 5 287 1746 8 7 11 8 0 
95312 797 778 196 3 700 119 6 251 1792 16 7 9 13 1 
95353 716 830 206 5 687 121 2 269 1763 16 6 12 14 0 
95284 806 823 208 7 630 116 4 302 1773 19 4 12 12 0 
95382 766 785 169 8 680 115 7 280 1757 15 10 12 14 0 
95352 774 798 206 7 677 122 1 292 1726 14 6 12 13 0 
95381 793 855 180 5 657 97 9 250 1734 10 4 13 12 0 
95230 751 862 198 5 699 118 5 273 1822 10 8 11 8 0 
95344 799 807 173 4 664 118 8 275 1765 18 9 11 5 0 
95381 809 824 181 8 632 114 4 287 1720 13 5 10 12 0 
95328 763 812 177 5 705 93 5 273 1802 11 5 9 12 0 
95445 732 811 187 9 624 110 3 253 1769 18 16 16 7 0 
95444 741 796 175 5 639 110 2 270 1770 12 8 16 11 1 
95396 782 828 178 6 698 116 5 279 1667 11 6 17 11 0 
95396 747 858 178 5 689 113 5 252 1708 13 7 16 13 0 
95507 734 791 174 8 670 125 4 263 1680 18 5 8 13 0 
95381 800 809 186 5 641 117 10 276 1734 11 9 9 12 0 
95429 753 801 178 5 630 105 2 281 1770 18 4 11 12 1 
95426 733 805 197 4 630 121 4 285 1749 18 6 10 12 0 
95421 723 833 175 6 689 115 1 304 1689 21 6 6 11 0 
95464 745 798 171 3 627 110 8 280 1750 13 4 15 12 0 
95386 821 793 190 3 691 109 0 271 1686 18 7 12 12 1 
95368 760 867 172 3 652 104 4 264 1764 10 9 14 9 0 
95425 754 803 180 7 673 126 5 285 1697 18 7 11 9 0 
95406 778 822 184 5 634 128 2 298 1696 17 10 11 9 0 
95497 754 801 177 5 628 103 3 262 1709 29 6 13 13 0 
95325 759 845 165 9 675 111 8 273 1786 12 7 16 9 0 
95389 773 808 157 7 678 122 4 251 1768 12 8 13 10 0 
95418 733 853 177 7 663 111 4 246 1736 16 10 13 12 1 
95378 739 830 192 4 672 103 8 271 1760 13 6 11 13 0 
95377 795 821 184 8 654 111 5 250 1745 15 9 15 11 0 
95370 817 852 169 5 660 98 9 283 1694 13 8 8 14 0 
95330 761 840 168 6 682 116 3 297 1751 12 10 9 14 1 
95261 817 837 176 6 699 111 6 281 1765 15 9 10 7 0 
95388 798 811 193 4 673 120 5 276 1702 10 4 8 8 0 
95402 739 840 191 5 621 119 5 294 1736 14 6 15 13 0 
95415 797 814 172 6 658 110 4 261 1718 18 5 10 12 0 
95426 763 850 177 9 628 109 4 255 1739 13 4 16 7 0 
95423 716 860 172 6 711 99 6 284 1688 10 7 9 9 0 
95338 745 878 176 4 640 145 3 269 1752 10 9 15 16 0 
95217 767 846 177 6 703 122 9 297 1820 5 10 7 14 0 
95343 761 836 179 8 644 114 6 297 1765 13 5 18 11 0 
95422 743 850 172 7 653 113 4 262 1747 8 5 5 9 0 
95313 755 847 199 10 687 101 9 289 1744 15 8 8 15 0 
95260 821 836 163 1 702 125 4 294 1746 16 11 12 9 0 
95389 740 823 196 4 679 123 1 258 1749 11 3 15 9 0 
95321 833 833 200 4 658 124 7 275 1707 13 5 13 6 1 
95273 749 854 164 8 695 98 3 294 1817 14 5 13 13 0 
95402 747 818 180 4 682 112 2 305 1695 17 13 12 11 0 
95381 734 771 169 11 663 125 0 278 1818 13 11 16 10 0 
95479 722 836 174 5 685 111 3 275 1671 15 7 10 7 0 
95413 748 836 182 5 676 133 5 278 1675 17 8 14 10 0 
95278 753 831 197 4 692 103 5 281 1794 22 7 16 17 0 
95454 740 842 167 6 612 109 1 241 1780 11 6 12 18 1 
95475 739 751 175 6 681 114 5 261 1765 7 3 7 11 0 
95425 731 871 187 11 595 121 7 282 1734 10 5 12 9 0 
95307 802 823 174 6 678 98 1 276 1775 20 10 15 15 0 
95351 768 828 164 4 640 103 5 259 1842 10 1 14 11 0 
95279 768 831 195 3 682 125 2 278 1787 16 5 15 14 0 
95442 752 812 192 3 688 129 4 282 1648 18 12 5 13 0 
95343 774 844 180 4 706 103 7 278 1716 17 6 13 9 0 
95449 766 804 193 5 616 130 3 266 1727 15 8 6 12 0 
95264 806 831 175 8 682 104 5 280 1809 13 9 7 7 0 
95482 729 832 153 10 675 100 6 272 1699 11 8 14 9 0 
95270 756 835 186 7 722 115 3 266 1803 10 7 8 12 0 
95362 760 846 176 8 681 104 3 263 1751 8 6 19 13 0 
95349 769 825 181 2 671 107 3 248 1798 12 12 11 12 0 
95341 753 824 192 6 652 133 3 288 1775 12 3 6 12 0 
95339 710 852 194 9 659 103 2 280 1797 19 9 13 14 0 
95351 765 823 168 8 641 130 1 259 1797 22 6 15 13 1 
95305 777 840 153 3 661 111 11 282 1822 10 6 12 7 0 
95387 791 798 186 6 679 95 5 273 1724 20 8 12 16 0 
95216 778 849 200 5 744 110 7 279 1773 13 3 11 12 0 
95279 779 833 196 7 710 99 6 294 1752 13 5 16 11 0 
95353 803 819 217 4 654 110 2 285 1717 6 8 13 9 0 
95353 793 799 161 6 675 116 6 312 1739 9 6 13 12 0 
95549 720 815 170 4 645 104 5 263 1690 5 6 12 12 0 
95367 737 839 158 5 690 104 3 272 1769 18 10 9 19 0 
95407 774 810 187 7 656 125 1 254 1733 15 9 8 14 0 
95254 748 859 163 5 697 105 2 268 1851 17 5 14 12 0 
95276 807 850 181 5 668 94 4 254 1815 16 10 10 10 0 
95271 767 837 175 3 691 130 4 297 1778 4 9 17 17 0 
95326 754 844 169 7 669 107 3 264 1816 12 8 10 11 0 
95507 746 801 159 6 615 114 3 275 1739 9 7 9 10 0 
95342 741 810 168 2 699 119 4 262 1817 17 2 8 9 0 
95277 769 853 169 11 733 123 6 271 1747 12 8 14 7 0 
95324 782 866 192 5 666 100 5 288 1727 15 5 9 16 0 
95295 756 868 169 6 692 124 5 257 1781 19 6 11 11 0 
95454 771 777 201 7 631 92 1 297 1735 13 2 10 9 0 
95352 742 848 175 4 669 118 3 216 1826 18 8 11 10 0 
95393 755 828 188 9 653 128 5 233 1761 17 7 9 14 0 
95471 762 779 180 9 688 100 8 266 1694 14 8 8 13 0 
95412 741 829 175 4 651 127 9 268 1747 9 3 12 13 0 
95367 750 801 212 5 682 121 6 275 1742 16 3 16 4 0 
95405 756 825 192 9 645 110 5 259 1741 14 10 11 18 0 
95402 792 824 152 13 614 108 8 278 1757 14 10 16 11 1 
95366 770 786 197 10 679 115 4 275 1747 14 6 16 15 0 
95341 733 838 190 7 690 111 3 263 1774 19 8 10 13 0 
95408 770 793 190 6 682 117 8 278 1707 10 3 13 15 0 
95322 781 860 177 8 686 100 4 247 1768 15 5 12 15 0 
95382 772 842 195 5 652 105 2 284 1716 11 6 14 14 0 
95365 769 819 198 12 642 99 13 292 1725 21 11 19 15 0 
95420 763 862 176 5 650 101 5 256 1725 11 4 14 8 0 
95336 783 851 191 9 632 118 3 287 1752 10 6 15 7 0 
95430 707 816 188 6 657 118 5 276 1753 15 6 12 11 0 
95388 727 804 180 5 649 117 3 283 1805 15 4 8 12 0 
95437 771 847 185 6 652 134 2 257 1661 17 8 10 13 0 
95317 752 856 189 12 649 106 3 269 1804 16 9 12 6 0 
95351 743 810 183 7 686 110 5 284 1779 16 2 9 15 0 
95390 759 876 180 4 639 117 6 270 1716 17 4 10 11 1 
95307 745 864 168 4 696 124 1 305 1727 31 7 10 11 0 
95358 763 821 192 5 650 102 5 268 1792 9 6 12 17 0 
95431 736 853 200 7 679 89 5 252 1698 24 7 10 9 0 
95358 773 834 175 7 655 111 3 287 1749 18 8 11 11 0 
95322 747 880 164 6 685 122 4 267 1754 16 6 12 15 0 
95334 762 851 185 10 644 106 10 277 1772 16 7 12 14 0 
95531 720 808 181 5 673 122 0 282 1643 13 5 10 7 0 
95246 781 823 193 7 743 100 1 316 1742 13 6 13 16 0 
95362 736 891 178 8 672 113 3 238 1744 17 5 19 14 0 
95410 748 838 196 7 647 120 7 250 1739 12 4 11 11 0 
95355 804 838 179 8 715 103 7 234 1715 14 9 13 6 0 
95321 749 887 192 8 688 105 6 253 1750 9 7 17 8 0 
95393 770 812 197 8 658 93 5 282 1744 16 3 7 11 1 
95512 698 829 154 5 651 104 4 268 1737 5 3 19 11 0 
95419 747 786 168 9 620 117 7 292 1792 10 7 12 13 1 
95283 766 831 193 2 668 119 6 290 1798 17 8 12 7 0 
95339 751 881 182 4 695 112 7 243 1740 16 5 12 12 1 
95381 753 829 179 10 697 120 4 282 1703 16 3 13 10 0 
95351 769 854 160 3 687 120 5 285 1716 16 10 14 10 0 
95396 745 813 207 4 616 116 7 293 1754 12 3 16 18 0 
95280 798 844 164 7 650 102 5 276 1833 11 8 11 11 0 
95354 766 873 148 7 672 109 3 282 1747 16 5 7 11 0 
95402 768 793 194 3 705 121 2 236 1723 16 8 18 11 0 
95316 762 812 188 8 696 104 5 294 1766 15 6 19 9 0 
95433 754 827 144 6 679 115 5 284 1697 17 6 15 18 0 
95343 807 797 199 6 707 97 4 285 1709 8 5 18 15 0 
95238 731 841 178 7 728 123 4 294 1810 17 6 14 9 0 
95341 729 874 177 7 667 140 3 288 1730 13 4 13 14 0 
95254 775 906 173 6 705 116 3 277 1746 15 4 8 12 0 
95401 738 799 181 8 663 129 5 253 1777 21 5 11 9 0 
95441 731 835 164 7 648 116 7 261 1760 6 4 9 11 0 
95398 772 845 187 7 672 118 4 278 1681 11 4 14 9 0 
95352 775 852 184 7 650 110 4 283 1736 15 4 16 12 0 
95378 770 831 171 7 671 115 3 288 1722 16 3 9 16 0 
95294 789 873 178 6 628 109 1 254 1807 15 11 19 16 0 
95347 755 851 188 5 729 113 4 275 1692 10 5 12 14 0 
95406 768 833 165 5 653 88 6 284 1748 18 4 9 13 0 
95220 801 885 188 3 697 122 3 283 1754 15 4 11 14 0 
95330 813 827 200 6 668 117 3 291 1697 19 0 16 13 0 
95289 762 846 182 9 693 119 6 287 1757 19 2 19 10 0 
95341 755 873 195 8 686 121 4 257 1719 17 5 12 7 0 
95333 724 828 188 6 663 108 3 289 1800 15 11 21 10 1 
95431 708 845 175 4 714 107 5 253 1705 17 8 12 16 0 
95436 710 813 189 9 681 112 5 279 1718 19 5 14 10 0 
95344 753 892 177 10 641 116 5 261 1743 14 5 21 18 0 
95360 762 830 180 4 629 130 3 286 1774 10 7 15 10 0 
95352 783 839 187 7 693 116 4 285 1696 15 5 12 6 0 
95263 768 847 176 10 663 106 8 295 1817 16 5 17 9 0 
95425 732 827 204 8 645 101 5 237 1768 16 3 15 14 0 
95415 726 834 183 4 650 124 5 258 1758 16 3 14 10 0 
95311 789 833 182 8 705 105 3 259 1754 25 4 15 7 0 
95378 770 875 182 5 662 128 4 265 1680 19 6 16 10 0 
95422 757 826 205 5 679 104 6 276 1669 15 4 18 14 0 
95445 716 800 196 9 676 122 1 266 1722 16 9 8 14 0 
95347 728 848 174 9 677 109 7 272 1788 14 3 11 13 0 
95343 746 793 197 3 649 111 5 273 1836 13 3 15 13 0 
95310 801 821 189 8 695 129 3 265 1737 6 13 11 12 0 
95314 777 811 178 1 683 102 4 290 1797 12 8 12 11 0 
95522 744 817 183 4 635 103 3 257 1679 17 5 17 14 0 
95297 790 814 189 6 693 119 3 257 1781 17 9 10 15 0 
95385 745 804 169 5 660 121 2 274 1783 16 7 14 15 0 
95442 735 824 172 5 635 126 9 253 1762 8 9 12 8 0 
95287 783 861 184 2 706 107 3 263 1764 17 2 12 9 0 
95338 803 813 189 2 667 99 3 297 1734 23 7 12 13 0 
95338 783 858 183 6 658 116 4 268 1741 8 14 16 7 0 
95260 754 879 167 7 688 104 3 247 1837 16 8 14 16 0 
95348 770 867 184 6 665 105 6 244 1762 15 10 12 6 0 
95344 743 836 167 5 714 129 6 279 1729 16 11 14 7 0 
95391 760 811 206 5 668 98 2 286 1735 12 6 9 11 0 
95427 773 792 162 4 674 114 2 308 1702 20 4 13 5 0 
95402 753 831 178 7 662 116 6 279 1739 11 1 7 8 0 
95319 756 853 161 8 710 129 6 287 1723 11 12 16 9 0 
95317 737 800 212 6 687 116 7 271 1799 11 5 17 15 0 
95407 739 829 192 9 679 113 5 253 1723 18 9 14 10 0 
95430 724 825 164 2 699 114 5 284 1706 17 12 10 8 0 
95312 785 814 202 10 676 116 8 267 1769 16 5 12 8 0 
95317 773 839 181 9 672 109 1 255 1810 14 5 7 8 0 
95327 773 824 193 10 685 113 5 325 1705 18 7 8 7 0 
95379 768 837 172 4 689 108 3 279 1725 14 6 6 10 0 
95361 770 789 184 14 669 122 4 278 1756 25 8 9 11 0 
95432 740 795 186 4 666 97 5 285 1741 17 2 17 13 0 
95442 758 849 175 5 662 108 3 279 1673 14 12 11 9 0 
95311 776 848 207 11 674 103 4 258 1759 14 9 15 11 0 
95357 801 793 189 6 686 105 6 274 1748 10 6 13 6 0 
95401 755 830 186 1 617 108 1 272 1785 19 3 11 11 0 
95352 766 822 182 7 681 102 0 305 1737 13 8 16 9 0 
95457 800 779 182 8 614 94 4 252 1775 14 7 10 4 0 
95358 768 846 173 5 652 114 6 285 1749 17 4 11 12 0 
95360 763 858 155 9 696 121 4 275 1719 15 8 8 9 0 
95258 808 825 179 9 696 98 1 277 1795 27 7 6 14 0 
95509 720 807 176 4 656 113 6 232 1721 16 9 12 19 0 
95350 772 889 171 3 662 97 7 265 1743 6 8 17 9 1 
95338 793 829 170 6 664 116 6 262 1763 15 9 17 12 0 
95402 745 904 202 7 596 106 6 253 1726 14 9 17 13 0 
95284 770 880 178 9 648 105 5 294 1770 23 10 13 11 0 
95420 775 814 177 3 665 129 1 259 1715 11 7 7 17 0 
95356 742 880 182 8 662 110 5 241 1776 11 8 7 12 0 
95327 802 864 179 2 707 96 7 258 1705 18 9 14 12 0 
95374 735 816 173 10 659 117 5 282 1784 14 11 8 12 0 
95463 715 827 176 10 652 108 11 254 1737 13 8 11 15 0 
95260 780 798 185 5 677 117 8 281 1835 16 7 18 13 0 
95406 754 797 193 5 691 109 7 253 1742 14 4 7 18 0 
95398 810 809 164 2 640 118 2 253 1759 18 4 9 14 0 
95377 781 806 189 6 705 109 4 268 1707 14 8 10 16 0 
95360 826 864 166 1 668 119 5 262 1683 12 7 17 10 0 
95375 749 844 189 5 719 102 2 256 1707 24 8 11 9 0 
95301 773 827 171 3 702 102 3 298 1778 18 5 9 10 0 
95458 767 805 185 1 625 119 2 267 1727 14 8 10 12 0 
95319 751 839 183 8 649 108 5 278 1821 11 6 12 10 0 
95395 764 842 184 9 677 101 11 271 1706 19 4 9 8 0 
95381 753 830 189 7 703 98 6 278 1722 8 5 11 9 0 
95388 778 841 175 6 682 100 4 266 1712 16 6 14 12 0 
95195 753 850 191 11 661 116 6 285 1895 15 3 11 8 0 
95398 780 798 187 13 624 121 8 270 1758 15 5 12 11 0 
95472 715 798 195 8 708 105 3 269 1693 3 7 16 8 0 
95408 790 828 170 3 645 123 6 269 1714 12 10 7 15 0 
95343 756 790 171 11 684 110 4 282 1812 12 6 13 6 0 
95275 804 825 186 5 712 119 1 273 1752 13 7 12 16 0 
95375 805 791 169 4 630 128 4 255 1794 15 4 12 14 0 
95467 787 785 179 3 657 106 6 274 1696 13 5 10 12 0 
95369 765 832 193 6 675 84 6 279 1746 14 9 13 9 0 
95300 772 798 195 6 715 124 9 261 1775 14 3 18 10 0 
95392 738 851 179 7 678 108 7 275 1707 13 8 22 14 1 
95394 730 829 171 3 671 124 3 265 1761 16 4 14 15 0 
95254 749 828 239 3 672 119 0 299 1795 10 8 9 15 0 
95412 755 852 171 10 595 126 6 290 1740 16 4 14 9 0 
95399 781 845 171 10 643 119 3 268 1725 14 7 8 7 0 
95347 758 836 200 5 651 115 5 281 1742 23 7 17 13 0 
95414 743 862 158 5 613 111 2 253 1803 9 8 10 9 0 
95270 802 880 164 7 669 100 7 259 1790 19 5 13 15 0 
95452 772 836 182 7 683 103 2 246 1690 12 1 9 5 0 
95446 740 785 173 5 691 117 4 273 1720 14 6 12 14 0 
95323 767 847 184 8 663 127 1 231 1796 16 8 17 11 1 
95262 811 828 184 8 675 100 4 296 1782 13 9 17 11 0 
95274 804 842 159 8 715 101 8 302 1737 16 9 16 9 0 
95392 717 851 180 6 665 117 5 281 1742 13 10 10 11 0 
95465 765 788 191 8 680 101 4 280 1677 14 5 13 9 0 
95268 770 877 199 10 682 113 4 274 1764 9 10 10 10 0 
95338 750 854 165 4 647 130 7 285 1768 15 10 15 12 0 
95411 721 855 189 5 657 117 8 264 1740 11 6 7 9 0 
95403 758 796 178 5 674 111 7 241 1759 22 10 17 19 0 
95283 803 851 214 6 657 106 10 272 1757 16 9 9 7 0 
95396 741 861 221 5 626 103 4 273 1714 22 6 18 10 0 
95363 728 839 190 4 661 153 3 283 1730 12 11 10 13 0 
95407 734 821 160 1 660 101 4 276 1782 14 6 22 12 0 
95372 763 838 197 7 683 124 4 268 1700 13 8 13 10 0 
95385 773 805 203 3 648 131 2 280 1726 14 9 13 8 0 
95406 747 823 186 7 678 112 1 240 1745 17 11 16 11 0 
95329 776 825 194 6 702 102 5 268 1749 13 7 13 10 1 
95363 744 817 179 7 682 109 4 262 1781 15 6 11 20 0 
95441 756 834 187 4 676 113 5 265 1674 18 6 13 8 0 
95364 732 769 192 6 669 110 7 277 1833 8 3 17 13 0 
95340 765 843 192 8 703 94 4 272 1731 14 9 13 12 0 
95328 721 843 191 7 719 121 6 290 1736 12 5 12 9 0 
95321 784 785 178 7 642 112 0 288 1832 19 6 11 14 1 
95410 748 869 180 12 655 102 4 256 1699 20 10 20 15 0 
95391 770 869 159 10 656 112 4 278 1705 22 4 10 9 1 
95333 819 826 193 11 671 141 4 272 1687 14 8 10 11 0 
95342 702 855 186 5 661 109 7 285 1812 9 8 12 7 0 
95503 739 779 180 10 649 118 3 275 1703 10 8 14 9 0 
95354 744 863 174 7 676 103 3 277 1754 19 5 9 12 0 
95369 770 800 176 8 697 130 5 258 1738 15 6 11 17 0 
95309 779 849 200 10 652 108 1 270 1775 13 5 15 14 0 
95401 757 798 157 5 647 129 5 266 1797 14 3 11 10 0 
95371 764 819 186 10 623 96 3 268 1808 19 7 15 11 0 
95377 774 831 168 4 655 111 7 271 1760 9 7 17 9 0 
95444 740 805 178 10 658 114 4 274 1720 18 4 18 13 0 
95283 763 847 195 7 689 112 4 312 1743 15 6 14 10 0 
95452 782 818 177 5 630 99 7 254 1719 18 6 17 16 0 
95431 737 771 197 11 695 117 6 257 1730 17 7 10 14 0 
95357 776 792 186 8 676 114 3 275 1773 12 4 7 17 0 
95267 749 820 171 9 691 146 6 296 1806 13 8 8 10 0 
95395 708 804 176 6 689 104 4 280 1788 18 7 13 8 0 
95209 763 844 194 4 666 123 7 281 1855 12 7 15 19 1 
95414 760 845 162 5 593 124 3 269 1778 17 5 9 16 0 
95369 773 779 203 6 671 100 1 289 1759 19 6 13 12 0 
95441 764 813 165 8 635 103 3 277 1735 24 10 12 10 0 
95422 713 798 192 7 672 116 3 242 1779 16 11 13 16 0 
95274 775 791 177 6 664 120 7 271 1863 17 12 16 7 0 
95450 758 800 177 4 665 125 6 285 1690 11 7 13 9 0 
95411 755 800 151 7 671 103 7 284 1755 18 7 15 15 1 
95345 749 832 197 11 665 99 4 289 1761 16 8 13 11 0 
95366 785 817 183 4 646 110 5 260 1790 11 6 7 10 0 
95292 807 872 163 7 691 126 2 266 1728 13 7 14 11 1 
95458 760 801 169 5 643 114 3 274 1724 14 10 15 10 0 
95354 742 844 195 11 678 89 3 264 1774 21 1 10 14 0 
95332 758 864 201 7 674 109 3 280 1735 14 7 7 9 0 
95444 732 844 177 9 633 89 3 254 1763 15 7 12 17 1 
95344 759 829 192 3 683 113 7 274 1750 15 5 17 9 0 
95431 735 821 173 9 681 104 2 278 1722 13 5 12 14 0 
95359 798 818 211 3 665 104 2 241 1753 14 4 16 12 0 
95439 741 839 177 12 686 108 4 245 1704 14 6 17 8 0 
95352 777 786 173 9 699 108 3 243 1805 17 5 11 12 0 
95387 756 818 207 2 676 97 2 262 1746 9 5 18 15 0 
95478 779 842 167 10 622 115 5 265 1677 10 7 10 13 0 
95353 738 816 173 3 695 95 3 322 1756 10 9 15 12 0 
95368 802 777 167 12 700 106 5 282 1737 15 7 13 9 0 
95370 754 890 171 9 664 124 4 254 1717 18 5 7 13 0 
95324 785 853 193 8 667 110 6 255 1750 13 6 10 20 0 
95426 795 766 190 9 665 125 8 276 1697 9 5 13 16 0 
95406 775 830 169 7 637 112 3 259 1762 13 9 9 8 1 
95399 738 815 179 8 659 130 5 269 1761 15 5 7 10 0 
95252 794 851 170 9 665 119 5 292 1786 18 10 16 13 0 
95401 739 864 195 4 683 115 7 274 1668 15 7 16 12 0 
95304 770 866 177 10 666 113 6 249 1803 8 8 12 8 0 
95373 745 838 188 1 670 101 3 250 1794 10 4 13 10 0 
95355 755 869 160 6 715 111 5 269 1703 14 10 14 14 0 
95405 762 832 180 5 650 125 2 234 1764 15 4 9 13 0 
95228 773 882 152 9 676 119 11 256 1846 23 2 10 13 0 
95306 772 834 173 5 673 112 2 291 1794 12 5 8 13 0 
95320 744 858 194 4 665 115 1 282 1770 17 7 10 13 0 
95388 771 806 175 7 691 111 6 270 1724 13 14 13 11 0 
95545 691 816 195 4 665 90 4 270 1684 18 0 10 8 0 
95263 752 890 190 4 659 104 7 288 1796 18 8 15 6 0 
95371 708 856 200 6 687 125 6 258 1746 12 7 8 10 0 
95326 752 858 169 3 674 111 5 280 1787 9 7 13 6 0 
95378 748 857 161 6 702 116 3 263 1720 13 8 16 9 0 
95349 750 852 196 1 638 95 6 295 1777 14 4 12 11 0 
95299 755 899 181 5 677 106 5 291 1731 13 9 9 20 0 
95315 784 910 165 7 676 123 7 268 1697 21 7 11 9 0 
95556 720 775 160 6 662 106 5 289 1679 15 3 11 13 0 
95269 731 849 166 5 676 125 2 300 1830 15 4 15 12 1 
95210 804 834 205 10 719 104 4 273 1797 12 2 12 14 0 
95331 769 832 213 9 685 96 2 273 1747 12 5 17 9 0 
95312 810 878 190 5 682 103 8 253 1704 16 10 14 15 0 
95350 761 808 200 4 647 128 5 273 1793 16 2 8 5 0 
95380 754 831 188 11 678 117 4 259 1730 14 7 17 10 0 
95328 769 834 167 4 697 107 3 265 1772 15 7 18 14 0 
95454 766 844 182 2 650 98 9 272 1685 10 6 10 12 0 
95309 776 845 180 4 655 100 5 282 1797 20 7 8 12 0 
95464 751 798 182 4 684 106 7 252 1702 20 4 15 11 0 
95317 745 806 188 6 672 113 2 305 1792 22 6 14 12 0 
95201 791 857 221 4 670 120 7 278 1802 17 5 22 5 0 
95325 771 876 174 11 640 124 5 266 1774 9 8 7 10 0 
95364 756 835 203 6 677 105 5 283 1729 10 8 12 7 0 
95343 754 839 187 4 654 108 2 255 1807 13 9 14 11 0 
95397 714 826 199 4 713 108 4 272 1716 16 6 12 13 0 
95441 747 787 161 4 657 109 3 286 1772 12 4 9 8 0 
95320 819 842 200 5 664 114 7 272 1718 16 5 11 7 0 
95455 783 801 157 7 642 126 4 255 1724 14 3 13 16 0 
95351 737 885 144 8 714 91 6 282 1749 9 6 12 6 0 
95536 731 809 165 6 654 88 4 247 1713 15 7 11 14 0 
95370 777 826 161 5 705 109 3 296 1706 14 5 10 11 2 
95371 747 827 184 7 673 125 4 289 1733 15 5 14 6 0 
95472 773 778 160 6 697 103 5 279 1673 17 8 12 17 0 
95471 758 837 171 6 650 101 4 273 1696 9 3 11 10 0 
95201 798 873 197 9 663 107 5 272 1817 18 10 14 16 0 
95381 752 800 181 2 703 111 6 248 1772 12 3 15 14 0 
95435 738 834 166 11 668 108 5 283 1700 19 10 10 13 0 
95276 749 829 166 10 723 113 7 264 1823 12 6 11 11 0 
95367 781 827 180 9 634 129 4 282 1753 12 4 5 13 0 
95302 797 849 178 8 657 128 9 281 1746 8 11 14 12 0 
95329 783 802 166 3 700 92 6 277 1803 12 7 9 11 0 
95414 769 822 166 6 659 111 4 277 1730 13 10 9 10 0 
95351 735 814 157 3 640 133 0 276 1844 13 5 16 13 0 
95402 762 808 186 3 717 121 5 304 1653 7 5 13 14 0 
95389 805 843 193 8 645 92 7 241 1727 20 6 11 13 0 
95383 776 801 196 6 677 112 6 278 1722 11 6 11 15 0 
95335 771 833 174 6 645 129 5 279 1777 10 5 15 16 0 
95370 741 840 190 8 657 129 3 251 1763 19 11 7 11 0 
95454 749 791 181 7 654 115 4 270 1737 12 4 12 10 0 
95433 729 819 184 3 665 110 4 263 1747 12 4 14 13 0 
95330 794 816 179 8 678 97 2 286 1760 20 6 14 10 0 
95336 783 815 175 5 673 117 2 256 1794 14 6 11 13 0 
95406 759 802 182 6 663 136 2 284 1709 17 6 13 15 0 
95348 772 875 169 3 643 107 3 255 1776 15 3 17 14 0 
95305 823 854 195 6 640 94 2 265 1766 17 4 14 15 0 
95344 776 841 190 6 633 100 6 286 1772 13 7 17 9 0 
95372 749 789 211 10 716 128 1 258 1720 14 9 17 6 0 
95350 799 851 177 9 636 96 5 251 1788 9 5 13 11 0 
95403 753 807 160 6 664 115 5 304 1740 10 9 13 11 0 
95372 722 800 203 6 648 139 4 286 1757 18 6 17 22 0 
95320 761 852 166 7 662 121 2 299 1751 17 7 17 18 0 
95315 804 806 168 7 690 125 9 272 1752 24 3 12 13 0 
95353 765 847 163 10 640 117 2 288 1766 14 9 15 11 0 
95337 743 866 171 5 676 97 5 284 1778 12 5 10 11 0 
95254 770 828 176 4 722 109 2 279 1817 8 6 12 13 0 
95281 822 847 184 3 683 112 5 268 1742 17 6 15 15 0 
95388 753 839 187 9 625 123 7 273 1752 14 8 13 9 0 
95408 736 846 158 7 617 100 4 251 1826 14 9 13 10 1 
95398 745 792 185 9 683 117 8 289 1728 11 3 15 17 0 
95403 724 841 152 2 648 123 5 255 1804 19 3 10 11 0 
95434 742 830 162 8 620 120 4 284 1756 11 5 13 11 0 
95402 770 806 186 7 700 121 5 265 1693 12 5 12 16 0 
95372 715 831 187 8 678 88 11 278 1784 14 6 14 14 0 
95304 732 851 190 8 722 117 2 308 1718 21 2 14 11 0 
95157 823 864 185 4 682 116 7 262 1856 16 10 11 7 0 
95441 768 850 172 9 632 122 1 283 1683 12 7 8 12 0 
95301 752 828 184 6 716 121 6 251 1787 18 8 10 12 0 
95372 721 830 177 7 692 106 6 301 1741 11 11 7 18 0 
95278 731 892 173 3 667 119 2 295 1799 13 10 9 9 0 
95296 759 840 179 10 729 109 9 267 1757 12 7 13 13 0 
95272 835 867 165 2 659 113 5 284 1752 11 6 15 14 0 
95410 752 785 166 9 651 99 9 276 1802 16 5 11 9 0 
95416 756 842 183 8 705 106 2 242 1697 7 4 15 16 1 
95468 780 797 172 3 656 99 6 266 1713 16 8 12 4 0 
95291 852 827 166 3 678 101 5 288 1733 23 4 21 8 0 
95349 739 857 188 8 679 88 5 282 1770 10 6 10 9 0 
95264 795 897 176 7 658 104 6 298 1737 16 10 16 16 0 
95337 764 856 174 3 680 118 6 275 1738 14 6 17 12 0 
95292 777 831 170 5 670 115 5 265 1831 15 3 10 11 0 
95445 738 795 190 9 647 130 5 291 1698 16 7 15 14 0 
95369 744 859 171 8 684 105 5 264 1752 14 6 12 7 0 
95410 766 865 165 8 626 94 4 265 1753 16 11 10 7 0 
95376 729 837 181 0 659 108 8 294 1768 5 8 9 18 0 
95353 831 831 165 4 683 132 3 252 1708 12 4 12 10 0 
95356 769 816 195 7 673 109 4 258 1764 15 11 15 8 0 
95293 764 816 179 5 736 132 6 249 1787 10 7 9 7 0 
95403 738 817 183 3 678 107 3 278 1741 15 8 13 13 0 
95380 776 829 180 8 662 126 5 308 1672 10 13 13 17 1 
95398 823 823 180 7 679 94 6 242 1700 11 5 19 13 0 
95237 741 772 210 4 678 113 4 296 1900 16 8 9 11 1 
95239 795 873 179 4 697 112 4 269 1777 12 6 16 17 0 
95324 696 841 195 9 723 117 3 271 1788 6 4 10 13 0 
95386 755 806 187 5 684 135 4 272 1732 13 3 8 10 0 
95286 757 873 177 6 685 111 5 283 1770 12 9 10 14 2 
95327 768 837 185 6 669 117 6 280 1754 17 2 18 14 0 
95368 803 786 183 9 651 126 7 289 1735 13 12 10 8 0 
95359 723 855 167 6 638 128 2 281 1794 15 12 9 11 0 
95382 781 824 178 5 672 112 6 270 1725 11 12 7 15 0 
95477 738 826 170 6 640 111 2 278 1708 18 6 10 10 0 
95319 751 828 179 8 689 120 5 289 1774 11 6 13 8 0 
95297 756 822 165 5 696 125 8 287 1801 19 4 8 7 0 
95355 763 835 169 3 693 105 3 246 1797 12 3 12 4 0 
95426 730 846 169 7 650 122 2 306 1702 9 6 13 12 0 
95430 746 795 172 4 673 110 3 278 1750 9 6 13 11 0 
95340 762 803 175 7 660 100 10 253 1850 13 4 9 14 0 
95238 808 833 203 5 649 132 1 297 1790 13 9 15 7 0 
95365 796 823 166 6 626 109 5 280 1790 15 3 6 10 0 
95401 767 810 153 3 663 121 3 286 1750 13 5 14 11 0 
95242 794 831 162 7 706 103 1 282 1834 11 8 8 11 0 
95397 763 849 177 5 656 97 2 251 1757 14 5 16 11 0 
95460 789 770 162 2 677 120 3 244 1735 12 8 7 11 0 
95254 765 871 191 5 713 119 5 262 1775 15 4 15 6 0 
95468 780 823 175 8 651 107 3 264 1675 17 6 11 12 0 
95335 791 845 165 8 637 101 7 290 1770 15 5 19 12 0 
95363 780 807 182 6 670 117 5 267 1753 13 7 16 14 0 
95410 750 781 202 5 667 99 4 293 1743 13 4 16 13 0 
95534 712 829 171 1 654 98 6 248 1705 11 5 13 13 0 
95299 793 816 173 8 681 110 4 280 1793 13 11 11 8 0 
95480 769 802 171 10 615 112 5 250 1731 13 4 16 21 1 
95429 760 775 173 4 684 104 3 276 1736 13 6 23 14 0 
95338 775 847 173 5 685 102 5 255 1776 10 5 11 13 0 
95320 760 834 189 14 686 106 2 283 1770 12 3 14 7 0 
95272 759 841 203 14 693 116 4 258 1804 10 4 12 10 0 
95371 750 837 195 11 647 107 5 281 1761 9 2 8 16 0 
95423 741 837 177 8 661 95 2 272 1759 9 6 6 4 0 
95426 755 838 170 4 656 105 5 260 1739 14 8 14 6 0 
95238 806 808 207 6 678 97 6 277 1840 13 4 9 11 0 
95361 789 851 174 4 671 120 5 267 1717 11 8 10 12 0 
95261 758 858 195 4 714 121 3 242 1799 11 7 11 16 0 
95351 792 829 164 6 653 117 10 302 1733 14 7 7 15 0 
95277 836 853 183 7 659 116 3 270 1745 17 7 16 11 0 
95454 759 845 159 3 663 100 3 279 1705 11 4 6 9 0 
95344 736 799 197 9 669 104 10 283 1809 12 2 14 12 0 
95366 744 858 181 5 696 106 3 290 1704 15 7 13 12 0 
95489 754 808 154 3 649 117 1 268 1719 12 4 12 10 0 
95410 714 830 171 5 675 116 0 288 1751 14 3 8 15 0 
95394 770 796 192 6 628 113 5 288 1757 15 6 17 12 1 
95434 733 818 167 4 681 104 4 255 1744 15 8 16 17 0 
95285 727 851 172 9 664 122 6 277 1832 25 7 11 12 0 
95347 772 869 194 8 667 112 5 296 1685 16 5 15 9 0 
95403 766 831 198 4 652 116 3 274 1708 15 5 15 10 0 
95355 744 857 180 4 650 110 1 273 1779 15 6 13 13 0 
95335 747 849 169 8 674 115 3 284 1773 12 7 12 12 0 
95433 764 847 178 4 671 120 7 272 1657 17 4 16 10 0 
95381 763 809 192 11 664 87 1 267 1773 20 11 12 9 0 
95329 799 781 158 5 706 133 8 309 1724 16 6 17 9 0 
95458 718 807 185 10 664 98 7 284 1723 14 10 13 9 0 
95284 786 820 186 6 677 108 4 265 1816 16 4 17 11 0 
95373 743 832 200 4 672 103 5 284 1722 23 8 15 16 0 
95319 811 845 189 5 638 118 3 285 1746 11 6 7 17 0 
95323 723 788 163 7 699 125 2 275 1846 15 4 10 20 0 
95393 732 843 184 4 688 104 1 243 1750 15 14 14 15 0 
95436 728 823 168 6 637 115 6 291 1733 21 9 11 16 0 
95470 712 812 188 9 671 106 5 269 1715 13 7 10 13 0 
95299 793 851 204 6 672 107 2 239 1775 14 10 17 11 0 
95452 741 855 151 4 677 104 6 260 1705 16 3 12 14 0 
95465 747 850 171 9 668 110 6 283 1661 8 5 12 5 0 
95451 736 799 180 3 643 115 3 262 1762 15 8 9 14 0 
95407 750 830 167 9 660 106 5 270 1739 18 13 12 13 1 
95389 813 820 172 2 632 92 4 271 1766 14 6 7 12 0 
95436 743 806 173 4 670 107 3 270 1750 14 6 9 9 0 
95324 767 846 190 4 684 123 1 263 1763 16 2 8 9 0 
95369 787 826 167 9 687 117 5 274 1723 16 7 5 8 0 
95410 740 827 160 7 672 119 5 254 1767 12 3 15 9 0 
95261 798 852 181 10 675 124 1 267 1788 12 6 11 14 0 
95372 742 851 176 4 662 108 6 266 1762 17 6 10 18 0 
95354 781 828 162 3 699 106 4 286 1731 13 12 8 13 0 
95298 781 839 201 7 677 125 6 259 1761 16 9 10 10 1 
