95304 811 812 129 6 634 97 2 359 1797 15 9 15 10 0 
95433 762 796 151 6 600 121 7 334 1729 20 11 24 6 0 
95267 842 851 143 5 646 125 5 318 1755 15 8 14 6 0 
95421 828 808 117 4 659 92 3 299 1737 14 5 8 5 0 
95204 816 885 140 7 650 105 8 358 1776 19 4 18 10 0 
95318 795 798 144 8 683 112 6 348 1734 20 7 14 13 0 
95371 802 821 133 5 643 98 5 313 1760 17 12 11 9 0 
95256 796 890 154 4 641 110 6 308 1789 16 8 12 10 0 
95367 782 804 146 7 617 114 4 340 1769 16 11 15 8 0 
95466 770 826 135 5 601 98 4 358 1689 23 6 11 8 0 
95476 797 817 135 10 595 120 5 312 1693 14 6 10 9 1 
95437 800 780 148 10 540 118 2 279 1845 16 8 12 5 0 
95364 772 851 146 7 625 112 2 314 1756 13 8 16 14 0 
95446 778 794 155 4 615 111 7 321 1734 13 6 10 6 0 
95376 773 852 135 9 629 128 4 342 1707 20 3 9 13 0 
95408 762 857 132 5 598 129 5 316 1745 20 6 10 7 0 
95319 809 763 154 7 667 127 2 328 1783 10 7 13 11 0 
95236 859 850 138 9 628 116 4 351 1772 12 3 12 10 0 
95441 834 829 119 6 630 96 5 325 1668 13 5 13 16 0 
95417 825 847 165 6 590 105 3 304 1702 11 6 16 3 0 
95374 774 844 152 5 621 90 2 324 1763 20 4 11 16 0 
95277 852 826 112 7 610 104 8 330 1828 16 3 16 11 0 
95350 844 819 141 5 602 98 5 326 1759 20 5 12 14 0 
95437 779 855 124 11 594 114 7 338 1693 13 8 11 16 0 
95353 826 868 149 11 622 118 4 317 1695 10 4 12 11 0 
95394 833 845 123 6 602 102 3 296 1757 9 6 18 6 0 
95428 792 773 138 8 629 113 8 304 1763 11 8 13 12 0 
95314 830 902 129 10 636 117 5 316 1707 7 3 15 9 0 
95385 737 840 135 7 630 119 4 327 1781 16 5 11 3 0 
95283 852 858 126 7 650 105 5 333 1743 11 8 12 6 1 
95345 798 848 137 10 585 111 8 328 1781 19 9 9 11 1 
95320 819 819 134 6 617 118 5 316 1806 16 3 11 10 0 
95420 815 825 162 8 620 121 4 322 1653 15 12 12 11 0 
95290 781 872 146 7 626 116 2 330 1788 13 5 13 11 0 
95424 811 812 111 5 617 119 4 311 1742 13 13 7 10 1 
95379 844 850 133 4 620 105 3 319 1701 13 4 20 5 0 
95390 820 834 150 10 592 127 3 314 1719 16 7 13 5 0 
95426 782 800 127 10 632 131 3 325 1716 15 5 17 11 0 
95350 779 831 125 9 655 103 8 311 1793 9 6 8 13 0 
95273 810 854 120 8 664 116 4 310 1786 17 3 20 15 0 
95313 798 832 149 7 595 116 3 325 1822 14 7 12 7 0 
95284 778 837 159 8 652 109 3 337 1800 9 10 7 7 0 
95455 773 874 129 7 611 117 3 273 1715 15 9 11 8 0 
95340 797 835 149 5 601 109 3 342 1777 11 11 8 12 0 
95375 797 856 134 8 609 114 7 316 1739 15 9 9 12 0 
95311 826 843 119 7 628 113 1 334 1771 21 5 13 8 0 
95365 816 797 133 10 646 128 4 340 1715 15 11 8 12 0 
95317 811 861 120 4 594 108 3 324 1810 20 10 11 7 0 
95316 841 907 139 4 612 93 3 325 1722 16 4 8 10 0 
95358 809 843 136 5 641 120 6 309 1717 15 10 18 13 0 
95314 786 808 141 4 667 110 3 297 1822 13 10 15 10 0 
95265 799 852 132 7 637 134 7 333 1792 17 5 9 11 0 
95470 817 790 135 7 601 117 0 306 1713 15 6 10 13 0 
95349 816 840 128 5 606 114 4 326 1779 11 7 9 6 0 
95350 811 832 113 11 667 120 5 330 1721 18 3 10 9 0 
95360 827 825 140 3 583 131 2 337 1754 11 6 12 9 0 
95395 775 876 143 6 592 118 6 329 1711 18 8 15 8 0 
95500 800 838 130 9 590 97 2 295 1689 15 8 13 14 0 
95298 844 840 141 8 639 106 3 330 1743 15 5 17 10 1 
95235 810 898 137 7 606 118 9 326 1814 11 5 10 14 0 
95267 833 854 136 9 633 118 4 346 1751 16 9 15 9 0 
95266 857 844 122 5 607 103 4 333 1823 10 4 11 11 0 
95223 832 833 134 7 639 114 4 333 1832 11 9 14 15 0 
95304 821 842 126 9 634 126 10 291 1795 14 8 12 8 0 
95260 796 815 130 6 634 117 3 330 1858 14 8 13 16 0 
95421 798 796 133 7 635 123 8 340 1699 13 3 13 11 0 
95374 831 833 122 6 625 110 4 318 1725 14 12 17 9 0 
95333 815 842 144 12 591 114 5 369 1743 12 5 8 7 0 
95292 838 857 127 4 680 99 7 316 1734 9 8 17 12 0 
95425 764 835 128 8 620 137 2 318 1717 12 9 13 12 0 
95422 774 826 153 5 597 117 4 310 1754 12 7 8 11 0 
95413 822 800 122 7 594 122 8 318 1744 22 7 8 13 0 
95376 834 832 126 6 594 113 1 322 1757 16 4 11 8 0 
95304 786 830 122 5 606 123 5 327 1839 20 5 17 10 1 
95372 813 820 144 2 635 121 4 302 1746 13 6 18 4 0 
95295 806 808 150 4 648 123 4 349 1765 15 8 19 6 0 
95392 803 837 128 8 634 112 4 335 1709 7 6 13 12 0 
95363 789 811 143 6 654 114 4 333 1735 13 6 15 14 0 
95278 809 838 150 5 626 103 5 325 1810 14 10 18 9 0 
95340 785 868 151 8 666 102 4 288 1737 22 7 10 12 0 
95325 830 849 140 5 615 107 8 310 1753 17 8 19 14 0 
95329 827 843 116 8 641 104 4 321 1764 15 7 12 9 0 
95412 818 833 137 7 585 118 2 305 1743 17 9 10 4 0 
95356 783 794 137 5 646 111 1 327 1783 17 12 15 13 0 
95373 821 805 142 3 631 110 4 294 1775 11 8 10 13 0 
95446 728 874 134 4 603 117 5 295 1749 19 3 12 11 0 
95276 799 844 161 7 613 117 2 336 1792 17 8 15 13 0 
95219 841 872 146 5 644 108 8 350 1754 20 9 15 9 0 
95364 840 833 146 3 636 110 3 334 1684 14 8 17 8 0 
95438 805 831 139 9 634 84 4 303 1718 10 2 13 10 0 
95391 820 794 121 8 621 110 2 309 1775 16 13 14 6 0 
95386 763 832 138 6 618 123 6 339 1757 13 3 8 8 0 
95414 812 820 129 9 607 109 3 334 1718 15 10 10 10 0 
95378 832 834 139 7 600 106 3 293 1762 13 6 15 12 0 
95388 779 846 134 7 638 110 2 329 1715 24 6 10 12 0 
95444 816 784 137 4 638 113 3 302 1724 9 5 9 12 0 
95245 808 882 138 3 645 133 4 318 1779 14 6 15 10 0 
95348 799 825 126 6 675 108 6 315 1745 17 8 13 9 0 
95273 856 811 138 4 640 114 2 322 1802 13 7 12 6 0 
95325 788 832 147 2 641 100 2 348 1771 12 6 13 13 0 
95275 801 894 134 7 632 105 5 302 1801 14 9 10 11 0 
95315 775 888 122 6 665 120 3 325 1730 12 12 14 13 0 
95372 779 855 134 5 631 104 6 333 1740 16 6 14 5 0 
95412 800 768 132 3 609 123 5 311 1797 16 6 8 10 0 
95385 783 835 142 7 638 132 6 318 1715 16 3 10 10 0 
95351 820 842 135 4 615 105 5 286 1786 13 11 19 8 0 
95411 800 827 148 4 661 103 5 307 1683 18 2 17 14 0 
95337 816 892 125 9 598 90 6 306 1769 13 12 16 11 0 
95464 799 805 140 4 610 112 7 311 1715 11 2 12 8 0 
95267 839 852 118 6 658 116 8 303 1783 16 6 16 12 0 
95389 818 827 117 6 615 110 3 294 1776 15 3 15 12 0 
95418 791 750 136 6 623 114 3 334 1781 11 12 12 9 0 
95449 793 868 132 8 652 112 4 288 1644 18 12 9 11 0 
95292 822 887 147 8 598 117 7 351 1727 19 9 7 9 0 
95335 813 821 123 8 611 140 3 325 1782 17 5 6 11 0 
95316 820 808 140 3 683 105 2 359 1715 22 4 6 17 0 
95440 775 837 128 8 622 113 3 332 1692 19 5 13 13 0 
95308 772 863 140 2 640 115 4 344 1779 15 4 8 6 0 
95352 803 838 133 5 635 107 8 325 1747 20 2 12 13 0 
95318 839 862 123 5 563 87 5 318 1828 17 5 16 14 0 
95409 809 827 125 2 604 105 4 284 1772 16 15 21 7 0 
95232 818 866 133 10 617 125 8 321 1817 18 5 20 10 0 
95309 806 875 138 6 588 114 10 353 1750 19 7 9 16 0 
95259 805 858 123 7 642 101 6 356 1799 12 10 14 8 0 
95461 787 813 128 5 587 107 6 322 1736 17 2 11 18 0 
95398 778 822 127 6 659 112 4 320 1720 19 10 15 10 0 
95359 816 842 144 7 660 108 6 301 1721 15 6 7 8 0 
95385 803 864 135 3 587 115 6 322 1735 17 4 10 14 0 
95337 822 846 124 6 643 121 5 305 1750 10 5 20 6 0 
95416 760 878 122 2 644 98 3 317 1721 13 7 13 6 0 
95383 834 838 130 4 627 97 5 334 1708 16 7 9 8 0 
95430 831 808 129 8 624 104 3 304 1716 13 4 14 12 0 
95377 823 813 121 7 592 100 2 334 1778 20 7 12 14 0 
95362 823 856 135 7 615 103 6 309 1737 15 6 15 11 0 
95428 788 836 144 5 632 118 7 299 1689 15 13 17 9 0 
95270 816 866 127 6 630 123 2 349 1760 20 5 15 11 0 
95300 830 876 132 12 598 119 6 327 1750 11 10 15 14 0 
95297 840 823 126 5 628 114 1 344 1777 16 8 13 8 0 
95429 791 780 137 9 708 109 4 336 1652 6 8 18 13 0 
95334 799 827 141 5 627 95 10 335 1776 20 7 18 6 0 
95332 787 779 142 8 642 114 3 375 1770 18 9 13 8 0 
95395 843 781 132 2 636 119 13 299 1740 12 8 9 11 0 
95471 787 774 120 9 612 109 7 332 1731 15 10 11 12 0 
95396 801 830 150 7 609 103 3 326 1728 18 6 10 13 0 
95338 811 788 133 4 608 129 5 327 1806 21 7 13 10 0 
95258 823 824 143 6 630 120 11 328 1804 17 7 11 18 0 
95254 857 883 143 8 637 112 3 311 1749 16 5 13 9 0 
95324 809 815 138 9 678 107 6 333 1741 12 7 12 9 0 
95312 759 822 137 11 655 142 6 351 1757 13 5 17 13 0 
95252 853 874 133 8 630 125 2 294 1786 17 6 5 15 0 
95423 781 829 136 6 632 110 8 285 1727 24 12 14 13 0 
95309 792 832 141 7 640 109 8 319 1795 13 4 19 12 0 
95294 819 836 158 6 631 104 5 337 1761 14 7 14 14 0 
95247 831 840 115 8 656 120 4 318 1815 17 6 14 9 0 
95426 756 838 145 7 612 105 6 334 1728 16 6 13 8 0 
95377 784 845 122 5 644 116 4 324 1735 24 5 8 7 0 
95195 837 858 148 3 633 126 5 309 1836 13 8 20 9 0 
95357 835 858 142 4 626 122 3 324 1687 13 5 12 12 0 
95390 871 810 141 5 627 116 4 314 1678 13 6 18 7 0 
95429 825 771 152 6 582 106 4 326 1760 12 3 14 10 0 
95196 819 881 131 6 649 110 7 321 1832 20 5 14 9 0 
95371 803 835 125 6 619 120 1 290 1787 16 6 10 11 0 
95335 831 887 134 10 659 100 3 285 1719 14 4 10 8 1 
95473 752 857 119 7 616 93 3 315 1727 12 6 15 5 0 
95450 809 794 131 5 615 131 2 320 1699 14 8 14 8 0 
95362 752 836 131 6 631 118 2 335 1782 21 7 10 7 0 
95299 797 846 148 10 610 143 6 327 1766 25 4 13 6 0 
95285 819 880 140 4 616 98 2 309 1798 19 10 11 9 0 
95419 780 828 136 7 590 115 6 305 1766 17 10 11 10 0 
95371 837 788 128 8 624 96 4 311 1788 16 5 11 13 0 
95281 813 874 152 8 630 113 5 343 1733 12 10 14 11 1 
95336 822 804 136 10 620 121 2 334 1773 11 5 13 13 0 
95353 799 841 130 10 650 127 8 268 1782 11 3 10 8 0 
95312 781 834 157 3 609 130 4 310 1811 17 11 9 12 0 
95479 814 811 140 8 586 107 7 311 1691 12 8 12 14 0 
95405 832 782 147 4 622 120 5 334 1707 15 6 10 11 0 
95369 874 822 140 4 591 127 3 319 1715 11 6 9 10 0 
95367 808 816 160 4 640 129 6 299 1734 11 7 11 8 0 
95310 803 884 140 3 607 126 6 305 1767 17 9 10 13 0 
95340 792 849 138 1 622 99 3 313 1795 18 9 10 11 0 
95444 764 821 131 4 624 118 6 314 1728 16 1 18 11 0 
95375 795 827 131 4 627 120 1 333 1729 21 7 21 9 0 
95279 807 856 131 6 640 105 4 296 1834 22 7 5 8 0 
95381 814 824 132 9 620 113 4 323 1737 15 4 9 15 0 
95341 803 818 127 10 651 119 2 300 1777 14 8 17 13 0 
95327 864 788 135 14 600 106 9 335 1786 13 5 10 7 1 
95396 811 839 118 1 650 113 6 333 1686 18 10 5 13 1 
95241 797 841 147 6 652 133 1 327 1806 14 8 12 15 0 
95422 800 819 130 5 601 107 2 328 1749 11 7 11 8 0 
95377 828 817 131 7 624 105 3 311 1754 15 5 10 13 0 
95444 773 844 131 9 587 105 5 329 1728 16 13 13 3 0 
95300 824 882 110 5 650 119 3 341 1713 21 11 9 12 0 
95379 841 842 154 9 632 113 3 307 1676 18 3 14 9 0 
95397 840 797 126 6 640 113 1 321 1720 11 4 8 16 0 
95234 827 821 104 7 694 114 1 350 1809 11 7 15 6 0 
95382 841 849 122 7 603 112 3 328 1723 11 5 6 8 0 
95413 794 840 110 8 612 117 4 306 1755 13 6 13 9 0 
95487 768 788 144 3 647 100 3 322 1699 11 10 9 8 1 
95357 802 828 109 7 647 107 4 347 1757 13 6 7 9 0 
95390 781 848 122 7 654 131 5 316 1694 14 12 15 11 0 
95530 795 798 105 7 588 113 6 326 1685 8 8 16 15 0 
95419 796 796 136 4 603 117 3 332 1743 19 9 11 11 1 
95303 806 854 160 5 615 123 3 326 1756 21 4 15 9 0 
95378 829 822 133 7 586 106 2 340 1745 15 11 12 14 0 
95210 852 849 110 4 686 128 6 306 1790 23 7 15 13 1 
95328 765 873 164 5 634 114 2 309 1760 13 7 16 9 1 
95404 761 827 122 10 582 143 6 316 1778 16 9 17 9 0 
95436 787 801 119 8 654 98 2 308 1738 16 7 13 13 0 
95250 856 813 111 6 642 128 6 349 1791 20 4 9 15 0 
95333 829 835 150 7 643 110 2 315 1727 16 6 15 12 0 
95360 739 827 122 3 657 138 3 343 1758 14 5 16 15 0 
95375 790 837 143 5 631 106 8 328 1724 14 5 25 9 0 
95257 801 874 124 8 631 114 2 355 1792 12 5 12 13 0 
95371 844 826 129 8 612 124 3 335 1709 11 8 12 8 0 
95363 812 828 131 8 634 105 5 313 1757 22 3 6 13 0 
95462 816 802 120 5 553 108 2 336 1747 19 6 16 8 0 
95552 777 813 116 3 605 92 2 372 1616 16 6 19 11 0 
95308 789 837 146 10 653 112 3 337 1754 19 12 13 7 0 
95398 814 799 125 3 585 113 7 315 1797 9 7 19 9 0 
95291 831 859 155 4 628 106 3 313 1760 17 9 12 12 0 
95327 875 818 132 7 650 106 2 318 1719 14 9 15 8 0 
95358 772 859 149 12 618 122 4 306 1746 21 4 17 12 0 
95270 803 817 137 4 621 98 1 332 1873 21 6 7 10 0 
95418 805 800 113 6 657 109 4 303 1741 18 6 12 8 0 
95363 792 853 134 4 641 99 4 300 1751 23 8 18 9 1 
95373 832 819 145 4 637 102 7 285 1754 14 5 15 8 0 
95410 777 779 147 5 629 127 7 323 1749 17 6 16 8 0 
95385 837 801 126 5 582 112 9 349 1750 16 6 13 9 0 
95415 806 802 131 8 629 122 4 302 1742 15 10 9 5 0 
95290 801 866 143 7 702 115 4 315 1702 18 6 13 18 0 
95280 836 832 140 4 645 99 5 317 1804 10 9 9 10 0 
95367 817 834 138 5 596 106 4 329 1752 18 6 12 16 0 
95359 799 827 140 6 586 113 9 322 1786 19 5 16 13 0 
95358 814 831 125 9 578 109 5 325 1802 16 9 7 12 0 
95336 783 888 128 6 609 123 3 321 1760 17 5 9 12 0 
95365 781 834 133 5 617 102 2 337 1778 15 8 14 7 2 
95520 779 804 146 8 584 124 3 286 1688 19 9 14 16 0 
95392 801 782 148 4 623 117 4 303 1792 11 8 6 9 0 
95415 821 810 118 7 572 111 11 325 1764 13 4 15 14 0 
95335 825 877 144 3 650 122 6 295 1695 14 11 15 8 0 
95359 775 838 135 2 666 119 8 339 1709 14 11 16 9 0 
95266 829 841 137 3 645 109 4 336 1790 17 3 9 11 0 
95377 820 816 132 5 600 126 5 334 1736 20 6 8 15 0 
95322 810 869 148 8 596 126 7 314 1754 19 3 14 10 0 
95464 803 801 154 8 600 110 7 325 1696 7 9 7 9 0 
95488 768 817 118 5 602 122 3 305 1729 10 10 13 10 0 
95272 841 831 127 4 636 130 8 306 1800 23 5 12 5 0 
95439 784 813 134 6 613 116 5 327 1721 12 7 11 12 0 
95314 829 864 135 3 609 110 2 336 1746 24 6 13 9 0 
95266 818 856 157 4 639 131 7 315 1761 14 6 12 14 0 
95335 831 807 145 5 628 111 5 298 1796 15 4 9 11 0 
95440 771 843 122 3 605 117 5 283 1764 15 8 16 8 0 
95349 782 844 132 3 619 118 5 346 1752 20 6 13 11 0 
95351 755 872 128 4 666 120 2 305 1749 22 8 11 7 0 
95296 809 876 136 11 685 118 4 282 1738 19 6 10 10 0 
95389 824 821 123 8 595 93 3 337 1752 24 11 11 9 0 
95251 806 874 145 2 654 120 7 323 1779 18 5 4 12 0 
95285 790 788 142 9 649 128 7 332 1822 20 10 11 7 0 
95315 801 793 150 5 663 98 7 361 1755 17 8 17 10 0 
95275 853 822 109 6 677 123 5 310 1780 15 5 15 5 0 
95319 782 874 137 7 649 99 4 321 1771 13 7 9 8 0 
95401 808 838 118 9 590 117 6 310 1757 15 4 13 14 0 
95269 844 822 141 7 611 148 7 290 1816 19 5 11 10 0 
95352 819 847 121 7 647 104 7 334 1714 18 6 15 9 0 
95437 819 777 140 8 598 114 2 313 1747 12 9 13 11 0 
95494 807 815 136 1 600 111 3 308 1684 12 6 13 10 0 
95389 814 820 156 5 635 104 6 315 1722 14 3 11 6 0 
95355 846 830 121 7 594 115 7 339 1742 15 4 12 13 0 
95370 805 865 134 7 581 123 4 310 1756 18 8 5 14 0 
95511 781 794 125 4 605 110 5 314 1708 12 8 12 11 0 
95262 814 859 146 4 671 117 7 303 1771 18 8 12 8 0 
95295 828 848 129 8 625 130 6 329 1766 12 8 10 6 0 
95492 831 783 131 4 614 114 0 320 1674 11 6 12 8 0 
95444 768 814 135 5 644 114 9 309 1721 14 7 12 4 0 
95355 776 816 148 6 639 100 3 336 1776 13 7 14 10 1 
95236 877 803 138 6 684 118 6 316 1771 19 4 16 6 0 
95451 805 836 139 7 608 104 2 300 1698 18 7 11 14 0 
95381 847 813 118 12 660 102 6 302 1710 13 6 16 14 0 
95338 848 790 140 5 629 114 1 301 1794 11 8 12 9 0 
95187 837 896 155 7 648 125 6 349 1737 18 9 14 12 0 
95475 780 827 124 3 601 118 2 283 1741 16 6 12 12 0 
95340 815 860 141 7 635 113 4 310 1733 15 5 11 11 0 
95385 852 822 149 3 598 113 4 333 1689 23 6 15 8 0 
95282 805 848 137 3 617 112 6 340 1808 18 3 17 4 0 
95474 772 781 139 7 609 115 3 311 1744 17 8 9 11 0 
95342 814 846 141 6 624 123 5 306 1745 20 8 11 9 0 
95421 828 792 163 8 608 119 7 348 1665 16 3 14 8 0 
95285 824 840 125 5 630 110 1 297 1836 10 8 12 17 0 
95408 818 867 133 4 574 117 7 333 1704 12 3 9 11 0 
95447 801 811 134 1 618 102 4 325 1709 17 7 17 7 0 
95317 816 835 145 5 655 99 6 292 1778 22 6 18 6 0 
95350 800 837 130 9 613 105 6 331 1771 16 11 7 14 0 
95424 802 814 133 9 615 106 6 341 1705 20 10 7 8 0 
95267 838 831 138 5 606 110 5 338 1807 19 7 15 14 0 
95464 750 849 143 3 594 120 6 332 1702 14 5 10 8 0 
95485 835 834 127 7 585 117 3 294 1674 11 9 11 8 0 
95479 807 826 138 4 609 103 5 325 1656 17 8 8 15 0 
95357 810 832 139 2 639 116 5 316 1738 18 6 16 6 0 
95411 800 836 123 3 603 99 4 315 1771 9 6 13 7 0 
95258 821 878 133 3 632 126 7 338 1767 8 5 12 12 0 
95352 831 861 122 6 590 122 3 320 1750 14 7 14 8 0 
95279 825 845 139 9 680 108 13 299 1758 8 9 15 13 0 
95301 786 861 139 6 637 122 5 338 1749 21 8 19 7 1 
95331 824 837 105 4 630 126 6 282 1815 11 3 14 12 0 
95438 810 823 130 9 646 97 8 302 1705 4 5 9 14 0 
95321 847 839 134 7 626 121 5 291 1750 20 5 20 14 0 
95331 794 802 138 7 630 123 5 342 1788 8 8 13 11 0 
95263 817 810 140 7 693 115 4 333 1778 12 7 10 11 0 
95323 822 843 149 5 603 113 7 309 1773 11 10 17 15 0 
95355 820 831 137 6 613 112 4 318 1772 12 5 7 8 0 
95378 792 809 123 7 619 109 7 337 1783 15 5 8 8 0 
95399 827 829 150 6 587 108 4 320 1725 13 9 15 8 0 
95464 804 803 117 7 608 113 6 290 1734 16 12 13 12 1 
95431 800 802 136 6 638 109 7 332 1698 16 9 10 6 0 
95449 815 777 137 3 606 105 4 331 1737 16 7 6 7 0 
95233 840 847 135 7 673 126 4 307 1791 14 6 9 8 0 
95439 778 844 134 3 579 110 5 316 1751 16 6 10 9 0 
95352 887 777 122 6 604 114 2 329 1755 18 10 15 8 1 
95320 822 824 123 5 618 117 4 303 1818 21 2 12 11 0 
95382 831 780 146 7 602 113 3 336 1754 19 8 9 10 0 
95444 782 800 128 6 610 119 3 312 1755 11 5 10 15 0 
95243 820 843 121 7 620 131 5 345 1828 14 3 13 7 0 
95367 784 820 136 12 642 108 6 333 1741 16 7 13 15 0 
95424 835 813 130 7 625 122 6 289 1711 16 3 6 13 0 
95486 754 800 144 5 589 102 4 301 1773 13 5 12 12 0 
95375 807 822 146 3 616 121 9 309 1748 13 3 14 14 0 
95331 895 813 124 2 607 114 4 304 1777 9 7 9 4 0 
95309 781 811 135 10 644 103 3 357 1807 14 7 10 9 0 
95305 790 855 153 2 623 125 1 314 1800 11 3 10 8 0 
95423 771 833 150 4 627 107 6 289 1746 19 5 12 8 0 
95337 852 820 132 5 641 134 7 323 1702 18 9 11 9 0 
95211 870 798 128 8 649 117 5 318 1847 16 11 15 7 0 
95480 788 836 143 7 624 100 3 289 1690 11 7 10 12 0 
95333 837 809 139 6 621 115 4 282 1807 17 11 6 13 0 
95314 835 855 143 4 632 125 2 303 1741 15 9 12 10 0 
95354 796 822 141 8 663 120 5 319 1725 20 4 13 10 0 
95356 845 824 125 4 585 119 8 329 1765 17 3 9 11 0 
95411 800 813 131 5 631 92 3 304 1763 17 6 14 10 0 
95313 825 839 141 6 665 117 2 313 1735 19 8 8 9 0 
95416 760 837 140 8 610 140 8 293 1753 10 4 7 13 1 
95421 827 827 135 2 601 109 8 322 1694 21 8 12 12 1 
95396 792 813 158 8 608 108 5 325 1751 15 7 5 9 0 
95385 803 818 120 3 644 102 1 340 1729 15 10 13 16 1 
95322 849 824 129 10 651 99 5 309 1753 18 2 17 12 0 
95284 855 821 128 7 637 123 4 305 1788 23 5 11 9 0 
95348 810 820 130 7 634 112 4 337 1759 15 4 12 8 0 
95394 784 829 141 4 619 109 7 307 1769 8 4 14 11 0 
95370 793 823 140 3 643 112 2 328 1743 11 12 12 8 0 
95420 790 792 144 5 611 122 4 325 1737 17 3 17 13 0 
95405 808 796 136 4 603 116 2 310 1773 24 4 10 8 1 
95352 828 813 151 4 641 105 1 326 1740 9 14 5 11 0 
95435 819 804 115 5 572 96 5 337 1775 10 4 14 9 0 
95272 824 856 136 8 621 101 7 304 1831 15 4 9 12 0 
95389 800 828 141 5 621 111 3 315 1742 19 8 9 9 0 
95423 770 883 131 8 626 98 4 296 1722 10 4 11 13 1 
95320 804 835 126 8 627 111 5 312 1805 18 6 13 10 0 
95331 790 822 140 7 666 109 1 324 1757 21 7 17 8 0 
95463 785 790 139 8 587 117 2 324 1749 12 6 8 9 1 
95450 786 792 136 6 607 114 3 314 1760 10 9 6 7 0 
95249 827 840 138 10 656 126 2 313 1794 15 8 11 11 0 
95302 829 823 127 7 609 116 2 323 1818 17 5 14 8 0 
95419 793 816 141 6 616 114 6 307 1730 21 5 15 11 0 
95313 848 796 155 3 629 112 5 337 1762 12 7 11 10 0 
95363 822 857 132 7 624 113 5 298 1742 10 2 13 12 0 
95313 869 843 125 8 559 119 4 325 1779 13 10 17 15 1 
95450 757 838 135 8 606 102 3 300 1754 14 9 7 17 0 
95323 821 887 117 6 653 111 4 330 1705 11 6 15 11 0 
95374 764 854 133 9 618 112 2 331 1744 23 9 9 18 0 
95464 814 750 148 8 607 107 6 326 1723 18 5 10 14 0 
95200 814 857 126 5 627 125 8 351 1828 21 12 12 14 0 
95401 779 803 123 6 643 129 3 301 1771 12 11 14 4 0 
95388 775 828 141 7 614 110 6 306 1785 14 2 17 7 0 
95328 881 822 142 3 591 109 4 301 1762 19 5 19 14 0 
95359 760 857 151 4 640 117 1 313 1763 16 7 8 4 0 
95351 778 805 118 9 646 128 6 346 1771 21 3 9 9 0 
95365 772 859 134 4 588 116 5 347 1772 11 2 16 8 1 
95438 819 805 130 8 581 118 4 315 1750 13 4 11 4 0 
95262 818 894 142 7 641 104 2 315 1770 17 10 11 7 0 
95322 816 878 129 4 623 97 3 336 1758 9 6 8 11 0 
95367 822 841 139 9 655 102 2 308 1705 9 17 10 14 0 
95340 767 828 125 9 602 124 1 328 1832 18 5 15 6 0 
95450 785 847 115 7 636 98 5 299 1712 14 5 14 13 0 
95386 850 778 143 2 631 90 8 294 1772 22 4 4 16 0 
95294 805 850 127 6 631 115 4 322 1806 14 8 10 8 0 
95360 797 783 139 4 646 118 3 327 1780 18 3 11 11 0 
95318 822 836 134 4 650 112 6 319 1759 12 7 10 11 0 
95345 834 781 158 10 655 97 9 322 1740 17 4 17 11 0 
95361 829 845 126 8 625 102 6 324 1733 13 8 11 9 0 
95295 779 826 151 2 625 125 6 334 1811 22 6 7 11 0 
95434 811 815 116 4 609 121 4 324 1715 20 8 12 7 0 
95357 830 785 133 2 670 113 2 314 1744 19 8 13 10 0 
95348 816 797 137 9 613 106 4 333 1797 11 5 13 11 0 
95359 835 817 110 8 622 117 10 347 1737 17 4 11 6 0 
95404 773 830 140 7 598 112 4 343 1749 13 7 10 10 0 
95372 790 837 142 2 663 119 5 309 1721 14 1 14 11 0 
95338 851 809 139 7 606 95 6 342 1758 15 9 11 13 1 
95453 849 832 130 3 609 119 4 322 1637 14 3 15 10 0 
95319 829 827 120 3 644 111 3 295 1800 21 9 13 6 0 
95266 867 857 145 3 614 118 5 333 1743 17 5 15 12 0 
95414 852 813 150 7 602 110 7 292 1711 17 6 11 8 0 
95319 817 839 141 8 637 114 1 330 1750 14 5 14 11 0 
95269 819 849 155 4 660 111 4 319 1772 17 5 7 9 0 
95510 724 856 129 1 557 113 2 319 1753 13 6 10 7 0 
95360 842 820 138 5 597 98 4 321 1777 17 6 9 6 0 
95352 780 839 106 8 623 108 6 299 1825 19 9 16 10 0 
95401 810 820 147 7 671 104 7 305 1689 16 5 12 6 0 
95203 828 847 139 6 651 126 5 316 1825 15 12 14 13 0 
95432 754 841 149 4 611 118 2 323 1724 15 4 12 10 1 
95356 819 801 155 6 638 117 4 324 1733 17 7 13 10 0 
95288 843 839 147 10 597 128 7 302 1805 15 3 11 5 0 
95355 777 895 107 4 610 114 5 336 1758 17 3 9 10 0 
95367 835 827 121 8 604 118 3 345 1729 18 5 11 9 0 
95330 772 869 131 5 663 114 7 323 1750 13 2 11 10 0 
95323 750 842 149 6 627 109 4 306 1827 23 12 11 11 0 
95319 810 837 158 4 656 124 6 313 1732 9 10 8 14 0 
95387 828 862 137 6 624 119 7 316 1684 13 4 7 6 0 
95415 811 816 115 4 659 100 7 296 1742 11 5 8 11 0 
95205 847 869 140 9 647 129 5 316 1792 16 8 8 9 0 
95377 828 852 132 4 611 113 4 292 1754 12 6 9 6 0 
95388 844 817 137 9 628 104 3 331 1685 17 10 13 14 0 
95359 797 820 149 2 633 113 10 318 1741 18 8 14 18 0 
95428 787 784 118 5 637 122 4 323 1757 16 4 7 8 0 
95303 828 811 141 6 613 122 3 339 1786 14 7 16 11 0 
95335 835 799 137 10 618 127 7 316 1772 17 4 17 6 0 
95322 811 823 130 11 639 122 5 301 1792 18 5 8 13 0 
95347 864 861 129 8 583 124 0 320 1720 13 7 10 14 0 
95248 836 806 114 7 655 110 5 323 1854 14 9 15 4 0 
95342 829 806 108 10 659 117 10 320 1758 11 7 18 5 0 
95322 773 880 141 4 632 102 4 311 1794 14 4 11 8 0 
95344 816 842 126 5 629 131 6 300 1751 20 7 16 7 0 
95232 811 882 129 4 670 103 4 321 1792 17 7 18 10 0 
95464 772 811 145 7 637 127 6 313 1673 16 5 9 15 0 
95283 803 858 174 8 611 109 6 329 1765 18 11 12 13 0 
95489 815 811 139 6 603 104 1 307 1696 8 3 9 9 0 
95282 832 901 134 8 619 121 3 334 1720 15 8 12 11 0 
95294 782 864 142 9 650 97 11 321 1785 16 5 10 14 0 
95295 786 773 148 5 663 118 4 314 1854 18 4 10 8 0 
95199 874 843 149 3 636 90 1 317 1842 17 3 14 12 0 
95438 784 796 137 7 617 107 6 323 1752 11 3 14 5 0 
95349 865 792 124 5 647 101 6 338 1731 17 8 9 8 0 
95264 779 853 139 6 662 98 6 323 1829 20 6 8 7 0 
95410 789 831 124 7 643 106 3 340 1710 16 4 6 11 0 
95316 787 801 150 6 648 100 2 337 1803 14 8 14 14 0 
95268 829 823 142 8 614 110 2 339 1825 11 5 16 8 0 
95467 797 777 130 9 620 109 2 321 1717 8 9 21 13 0 
95313 841 841 103 5 645 125 4 315 1766 14 8 11 9 0 
95347 825 765 128 6 669 125 4 331 1753 15 9 17 6 0 
95408 803 860 122 6 626 104 3 330 1701 18 4 6 9 0 
95452 774 796 122 8 630 121 9 290 1758 13 5 13 9 0 
95292 821 851 123 5 632 117 4 323 1777 23 9 9 14 0 
95375 810 818 124 4 627 92 5 329 1767 22 4 12 10 1 
95315 834 833 135 5 610 94 4 320 1801 19 7 15 8 0 
95456 778 834 139 7 614 105 7 285 1722 20 12 11 10 0 
95292 810 800 141 7 658 137 4 336 1778 13 4 15 5 0 
95397 806 811 138 4 641 114 1 351 1689 14 8 15 10 1 
95351 816 834 138 9 665 116 4 313 1707 21 3 13 10 0 
95436 783 875 106 4 572 91 6 321 1756 20 7 14 9 0 
95362 837 788 160 7 605 96 1 331 1780 11 4 11 7 0 
95229 836 840 130 6 647 111 2 289 1856 22 3 14 15 0 
95228 839 868 127 9 615 117 6 322 1818 19 7 12 13 0 
95412 829 822 121 8 631 95 5 276 1755 14 8 14 10 0 
95295 808 859 126 10 683 106 7 285 1764 21 9 13 14 0 
95439 825 811 136 7 603 108 8 309 1709 12 5 16 12 0 
95484 769 798 127 2 637 119 2 299 1709 19 6 17 12 0 
95334 798 826 137 11 619 138 7 321 1758 17 6 13 15 0 
95415 846 807 119 6 628 134 5 323 1666 12 6 13 20 0 
95279 837 887 139 3 650 131 3 322 1707 18 4 9 11 0 
95383 824 823 141 6 638 110 2 320 1718 13 6 9 7 0 
95324 817 824 126 7 625 98 1 365 1771 14 3 15 10 0 
95262 802 841 146 6 636 111 3 296 1855 18 3 11 10 0 
95388 772 851 156 4 669 108 3 313 1697 9 7 14 9 0 
95315 809 814 126 9 657 103 2 327 1787 20 7 12 12 0 
95486 801 805 139 8 609 94 4 288 1721 17 6 14 8 0 
95270 876 816 150 5 625 123 3 345 1746 11 9 13 8 0 
95391 800 822 140 4 625 117 7 315 1742 17 2 10 8 0 
95329 843 837 132 7 647 113 4 314 1727 14 7 14 12 0 
95244 876 826 137 1 659 120 5 308 1778 14 8 18 6 0 
95428 836 836 134 4 624 128 3 297 1671 16 2 11 10 0 
95478 811 765 130 3 618 119 3 376 1661 11 7 11 7 0 
95492 775 812 133 5 617 107 5 292 1714 15 12 10 11 0 
95355 822 823 137 8 645 115 3 302 1756 10 9 11 4 0 
95240 768 878 149 7 658 117 6 368 1768 9 8 17 7 0 
95283 782 865 128 5 601 120 4 350 1806 17 9 17 13 0 
95398 797 818 134 4 616 120 4 328 1746 19 2 9 5 0 
95347 799 895 127 6 610 122 7 315 1731 22 0 10 9 0 
95269 831 895 134 4 606 107 6 332 1759 21 8 18 10 0 
95429 796 869 137 4 582 111 4 283 1751 13 6 9 6 0 
95422 787 800 134 4 624 124 3 329 1729 18 7 8 11 0 
95302 837 830 138 6 632 111 2 332 1760 18 6 12 14 0 
95307 861 815 107 5 620 127 4 311 1804 11 5 14 9 0 
95410 741 828 139 7 626 112 1 315 1779 13 10 8 11 0 
95530 781 844 110 7 564 121 7 314 1678 13 6 10 15 0 
95387 807 854 130 4 619 117 6 314 1714 18 12 12 6 0 
95338 850 827 152 6 626 126 2 331 1693 17 5 15 12 0 
95368 859 814 132 6 650 114 7 288 1725 16 3 11 7 0 
95511 770 874 129 7 597 82 2 312 1675 20 4 9 8 0 
95261 837 825 138 10 644 111 3 310 1824 14 8 7 8 0 
95429 820 809 140 14 632 119 6 282 1713 18 1 11 6 0 
95239 791 833 137 9 655 109 6 337 1846 11 8 11 8 0 
95305 813 839 125 9 663 107 4 324 1765 21 8 8 9 0 
