95271 769 895 151 10 640 110 5 316 1783 23 5 11 11 0 
95426 781 806 139 4 656 114 5 298 1738 10 5 7 11 0 
95224 800 844 170 14 708 129 3 299 1766 19 6 10 8 0 
95331 805 840 152 4 668 122 3 307 1727 15 5 8 13 0 
95391 798 842 146 4 626 107 6 270 1757 23 8 12 10 0 
95324 849 805 159 5 629 124 3 303 1747 18 8 15 11 0 
95408 779 842 150 7 663 115 6 281 1704 15 7 13 10 0 
95392 799 829 160 7 601 96 4 296 1772 14 4 13 13 0 
95323 781 878 133 7 641 120 3 322 1748 12 8 15 9 0 
95317 777 873 166 3 648 115 4 313 1732 21 6 16 9 0 
95463 774 857 154 8 658 97 3 291 1653 13 7 11 11 0 
95300 794 795 178 7 639 116 7 297 1814 15 13 12 13 0 
95472 727 844 170 4 641 121 8 294 1675 14 7 14 9 0 
95344 823 814 151 7 645 110 5 309 1748 12 9 15 7 1 
95347 750 829 171 8 622 120 8 271 1825 17 6 14 12 0 
95364 780 843 167 9 643 115 3 276 1759 14 6 14 7 0 
95231 786 892 158 5 659 103 2 275 1843 12 10 12 12 0 
95439 787 785 158 7 612 114 5 295 1751 19 4 12 12 0 
95472 722 776 139 9 654 113 6 285 1764 21 10 16 13 0 
95385 721 821 180 9 636 110 5 303 1789 9 10 12 10 0 
95310 781 849 192 3 681 102 4 271 1763 17 4 11 12 0 
95345 797 809 169 7 633 128 7 320 1745 13 4 13 10 0 
95396 765 828 129 7 653 105 4 292 1778 18 8 9 8 0 
95428 804 810 162 6 637 101 2 277 1729 16 9 13 6 0 
95346 806 854 137 5 641 105 8 283 1771 15 8 11 9 1 
95297 774 868 149 6 659 119 3 314 1768 10 9 12 12 0 
95272 811 826 155 4 671 111 3 301 1810 11 5 14 6 0 
95449 788 790 149 8 608 116 3 297 1747 15 8 12 10 0 
95377 803 825 164 8 616 119 4 311 1728 16 6 8 15 0 
95293 792 848 148 3 641 121 5 284 1823 13 8 17 4 0 
95360 755 834 164 4 658 114 4 308 1758 16 4 12 9 0 
95328 831 845 158 10 661 96 5 304 1718 14 6 9 15 0 
95448 751 810 153 8 665 130 3 319 1679 11 7 8 8 0 
95366 797 803 155 7 622 96 1 311 1800 13 7 9 13 0 
95417 813 794 145 4 620 119 8 282 1752 20 4 9 13 0 
95452 820 809 151 7 650 94 5 276 1693 12 8 15 8 0 
95236 799 879 162 4 671 126 4 275 1790 17 8 10 19 0 
95371 790 798 143 6 644 107 2 316 1775 19 7 16 6 0 
95391 771 796 146 8 687 113 5 315 1718 15 10 10 15 0 
95319 814 857 175 10 661 128 2 263 1732 11 6 10 11 1 
95439 797 835 156 7 636 114 7 273 1690 14 5 17 10 0 
95353 767 845 161 7 664 126 3 295 1730 12 7 18 12 0 
95223 807 849 185 5 705 93 3 310 1774 19 9 7 11 0 
95395 797 822 154 4 670 112 4 312 1687 12 4 10 17 0 
95424 746 839 177 7 612 111 3 295 1736 18 3 16 13 0 
95473 731 782 167 3 633 114 8 296 1740 16 6 15 16 0 
95387 798 759 161 8 669 109 6 275 1781 14 7 9 17 0 
95365 770 887 146 9 631 106 3 299 1745 11 7 13 8 0 
95317 816 845 152 2 656 103 6 327 1732 10 6 17 11 0 
95361 783 819 151 7 646 111 2 301 1764 16 9 17 13 0 
95333 764 814 176 8 658 122 3 324 1750 21 3 17 7 0 
95325 769 840 168 6 635 135 4 306 1775 12 4 12 9 0 
95351 814 795 142 7 619 126 6 281 1814 16 9 15 5 0 
95372 763 870 154 6 659 115 8 285 1722 22 2 9 13 0 
95398 765 849 154 7 628 104 1 297 1744 18 9 8 18 0 
95393 797 828 158 8 667 102 8 299 1690 16 8 17 9 0 
95458 754 802 146 4 668 118 4 287 1721 8 5 14 10 1 
95357 744 863 160 2 608 100 6 337 1774 18 5 10 15 1 
95443 749 836 161 5 647 109 2 305 1694 18 4 15 12 0 
95361 720 840 152 2 684 109 2 314 1781 7 6 13 9 0 
95516 828 813 122 8 621 115 3 281 1656 17 2 11 7 0 
95299 789 814 169 4 665 129 2 280 1815 10 4 10 10 0 
95385 809 838 138 7 641 112 4 296 1730 14 2 11 13 0 
95321 811 803 172 6 654 108 7 288 1777 22 8 15 8 0 
95420 767 807 188 6 661 99 2 276 1727 16 6 16 9 0 
95348 805 804 155 8 645 122 2 323 1751 12 3 12 10 0 
95415 720 835 145 9 668 114 3 320 1728 18 8 8 9 0 
95320 794 840 175 7 630 104 9 303 1774 14 5 13 12 0 
95435 777 811 154 5 645 106 6 294 1740 11 2 7 7 0 
95238 833 815 159 9 726 133 3 313 1730 10 9 15 7 0 
95442 773 839 140 8 663 111 5 290 1692 10 6 9 12 0 
95384 786 873 152 4 626 100 3 316 1707 16 8 16 9 0 
95307 795 823 186 10 655 121 6 313 1751 11 3 10 9 0 
95399 753 841 148 6 615 115 2 294 1783 11 6 15 12 0 
95351 797 834 157 8 672 109 7 288 1727 15 10 12 13 0 
95379 764 809 159 8 667 96 5 286 1792 7 9 12 7 0 
95352 788 865 158 7 631 119 1 319 1722 18 5 6 9 0 
95334 773 845 150 7 666 133 7 286 1756 14 5 14 10 0 
95405 758 812 154 9 646 112 4 292 1765 15 6 12 10 0 
95332 791 844 166 5 668 117 7 289 1726 20 9 15 11 0 
95197 863 837 169 4 652 116 8 275 1839 7 7 11 15 0 
95442 809 856 148 9 616 101 3 298 1677 16 5 8 11 1 
95375 795 854 180 5 660 104 4 305 1676 14 7 10 11 0 
95268 810 850 174 5 658 113 2 314 1753 12 13 17 11 0 
95332 805 806 156 6 598 128 3 305 1805 14 8 19 15 0 
95220 811 887 160 4 664 116 3 314 1770 13 15 10 13 0 
95307 791 798 169 7 659 111 1 307 1812 10 11 11 5 1 
95310 834 834 148 8 666 105 4 283 1755 19 7 16 11 0 
95393 814 768 164 4 634 89 4 299 1791 9 6 11 14 0 
95417 766 797 162 10 655 93 3 268 1782 9 8 15 15 0 
95339 753 840 174 10 690 123 5 290 1721 18 5 20 12 0 
95353 785 846 189 2 650 126 4 308 1691 17 8 13 8 0 
95354 798 838 156 8 629 113 2 286 1762 27 9 12 6 0 
95280 836 814 159 8 646 130 6 318 1770 7 7 7 12 0 
95424 721 802 152 5 666 114 9 305 1763 15 2 7 15 0 
95371 798 829 158 5 651 106 1 316 1717 12 6 21 9 0 
95369 776 883 149 2 664 104 5 295 1708 18 3 15 9 0 
95244 767 836 138 4 681 115 7 317 1852 15 3 8 12 1 
95252 745 879 138 7 649 125 4 293 1862 18 1 14 13 0 
95326 809 799 170 5 628 122 3 283 1809 15 10 9 11 1 
95415 752 792 163 5 682 100 3 294 1744 12 7 17 14 0 
95391 768 831 146 8 648 105 3 313 1747 19 3 9 9 0 
95357 792 891 152 8 617 110 5 291 1733 19 3 11 11 0 
95420 777 831 149 6 602 114 6 254 1794 18 6 14 9 0 
95400 825 854 140 6 615 109 3 291 1714 8 10 13 12 0 
95322 774 867 166 4 634 95 7 324 1748 17 9 19 14 0 
95266 789 838 176 12 662 110 4 284 1811 18 7 13 10 0 
95352 794 886 150 4 658 91 5 289 1730 11 6 15 9 0 
95392 773 877 161 9 649 97 4 265 1716 15 9 17 16 0 
95293 778 864 145 8 681 123 4 301 1754 24 5 10 8 2 
95151 806 886 159 6 666 114 7 306 1846 14 9 11 19 0 
95356 804 824 180 7 629 104 1 274 1766 15 10 15 15 0 
95310 793 849 155 8 678 99 4 308 1756 18 6 6 10 0 
95309 804 830 157 7 644 105 1 305 1788 14 7 19 10 0 
95378 784 784 155 9 649 100 8 319 1770 10 7 11 16 0 
95380 716 810 136 12 686 93 6 304 1798 24 9 14 12 0 
95421 789 782 155 6 630 110 4 297 1766 12 5 9 13 1 
95364 805 795 160 5 632 98 6 283 1827 10 2 11 2 0 
95323 755 882 157 13 609 121 8 320 1758 20 11 10 13 0 
95359 748 853 159 6 670 117 6 300 1732 15 10 13 12 0 
95368 766 821 140 9 645 121 5 288 1802 9 8 9 9 0 
95367 810 820 156 7 679 113 4 293 1701 18 8 14 10 0 
95338 796 858 160 7 652 116 7 260 1770 12 3 7 14 0 
95371 824 819 139 3 674 109 6 303 1694 14 13 20 11 0 
95304 785 867 171 6 640 114 2 315 1747 25 5 10 9 0 
95410 800 855 154 8 642 108 2 278 1699 15 5 13 11 0 
95415 806 855 150 1 628 115 4 295 1681 15 8 12 15 0 
95383 787 790 138 8 683 123 4 279 1760 12 7 14 12 0 
95426 806 799 146 3 648 115 4 313 1694 20 5 11 10 0 
95347 744 874 168 9 650 110 2 309 1735 16 9 15 12 0 
95370 800 860 150 6 628 106 5 279 1737 15 7 25 12 0 
95313 767 827 168 4 625 115 2 289 1836 15 7 18 14 0 
95377 740 862 156 5 664 111 5 328 1709 11 6 13 13 0 
95333 810 862 161 7 645 126 4 287 1710 17 8 18 12 0 
95377 783 853 153 6 637 110 7 281 1744 14 11 12 12 0 
95486 792 777 174 7 643 102 6 289 1678 18 3 15 10 0 
95361 758 836 173 9 650 115 1 292 1759 16 8 10 12 0 
95435 703 831 164 9 641 106 5 309 1748 17 10 14 8 0 
95457 779 782 158 6 630 101 4 285 1740 19 8 24 7 0 
95318 818 797 144 6 669 109 6 322 1768 15 13 11 4 0 
95398 767 842 145 8 667 105 5 287 1735 12 8 11 10 0 
95344 800 836 174 8 655 121 8 326 1692 17 4 8 7 0 
95371 775 814 164 2 664 111 1 302 1748 13 5 13 17 0 
95360 805 853 152 12 664 106 2 282 1718 16 10 10 10 0 
95312 858 864 172 3 590 112 5 287 1755 18 6 9 9 0 
95320 783 833 176 10 654 119 8 310 1739 19 7 10 12 0 
95361 773 820 140 6 661 103 2 303 1793 13 6 12 7 0 
95454 777 820 147 3 630 109 2 266 1742 17 7 17 9 0 
95392 784 827 163 5 600 135 6 295 1752 10 10 8 13 0 
95426 797 795 145 8 625 129 8 268 1755 13 9 12 9 1 
95363 755 835 163 2 675 113 7 297 1755 14 5 9 7 0 
95424 809 796 175 8 670 112 6 297 1655 17 6 14 11 0 
95240 742 885 178 8 667 103 7 283 1833 20 11 10 13 0 
95355 780 844 156 5 644 117 5 317 1729 13 8 13 14 0 
95323 768 886 150 10 623 129 4 310 1754 16 7 9 11 0 
95342 771 838 151 6 654 95 3 325 1769 18 3 14 11 0 
95409 738 839 166 6 619 106 5 325 1737 20 5 12 13 0 
95310 824 807 154 10 665 114 6 275 1794 17 10 11 3 0 
95397 777 880 151 8 636 120 11 302 1678 9 6 14 11 0 
95414 788 802 165 7 618 97 4 257 1804 11 3 18 12 0 
95408 781 837 159 7 652 96 5 303 1717 9 5 11 10 0 
95386 747 801 164 4 710 125 2 293 1730 17 9 6 6 0 
95285 761 846 151 3 617 139 3 317 1834 22 4 8 10 0 
95391 793 820 156 7 625 122 7 312 1727 15 5 12 8 0 
95380 747 823 151 9 657 94 5 300 1789 15 7 14 9 0 
95366 772 838 164 3 665 108 3 296 1732 22 8 18 5 0 
95423 745 864 158 7 655 114 7 298 1698 12 3 5 10 1 
95407 729 802 173 10 605 115 2 301 1808 20 5 13 10 0 
95407 806 775 160 7 603 135 5 288 1771 13 7 16 7 0 
95312 790 822 167 6 627 102 3 312 1801 19 8 14 17 0 
95198 760 916 152 7 662 118 5 314 1822 18 10 13 5 0 
95376 782 823 161 8 649 117 5 308 1730 8 11 12 10 0 
95274 775 844 142 9 679 117 4 316 1800 11 12 11 6 0 
95406 762 879 140 6 624 117 10 316 1702 12 5 8 13 0 
95349 771 821 152 4 637 102 6 319 1795 15 10 9 10 0 
95309 792 823 151 7 645 109 7 325 1776 20 8 15 13 0 
95430 809 808 140 7 588 116 9 314 1733 16 7 12 10 1 
95472 780 803 158 9 652 104 3 288 1694 9 7 11 10 0 
95388 807 848 172 6 642 134 5 292 1658 12 4 15 17 0 
95330 758 843 147 5 643 115 3 316 1790 17 4 17 12 0 
95308 770 889 160 6 643 106 6 315 1747 14 4 18 14 0 
95395 765 817 184 7 640 99 5 275 1763 16 8 14 12 0 
95394 789 783 167 3 642 110 5 318 1744 16 4 17 8 0 
95411 788 838 156 6 602 114 7 287 1735 17 6 19 14 0 
95264 818 765 177 8 662 128 5 286 1842 11 10 11 13 0 
95445 769 855 133 5 647 122 6 298 1669 16 9 11 15 0 
95252 793 863 155 4 647 142 8 312 1773 20 7 12 12 0 
95392 765 819 155 6 653 136 2 301 1726 10 11 15 9 0 
95358 802 841 161 7 628 96 6 282 1769 17 12 10 11 0 
95373 786 864 150 8 617 109 6 276 1769 11 4 15 12 0 
95326 813 845 163 8 655 121 3 287 1737 14 2 16 10 0 
95470 740 822 156 4 619 99 1 296 1747 11 9 15 11 0 
95378 806 809 147 8 657 118 4 291 1735 15 7 14 11 0 
95376 803 806 159 7 642 132 6 267 1751 14 9 18 10 0 
95287 797 853 145 6 619 104 7 325 1797 18 9 20 13 0 
95459 815 794 122 4 590 121 8 314 1727 17 4 8 16 1 
95326 742 843 156 6 713 122 2 267 1767 14 8 16 17 1 
95232 842 865 159 9 638 136 3 271 1801 17 1 10 16 0 
95273 830 895 156 2 618 102 5 298 1789 12 4 9 7 0 
95217 795 824 175 6 684 139 11 350 1745 20 9 12 13 0 
95302 797 865 154 8 646 107 5 323 1742 16 10 12 13 0 
95393 762 866 149 4 603 129 4 321 1724 10 5 18 12 0 
95497 762 822 148 2 607 105 6 276 1735 13 4 13 10 0 
95429 758 804 160 11 641 96 7 276 1770 19 4 17 8 0 
95435 756 775 162 8 617 110 4 301 1782 14 3 16 17 0 
95442 759 825 155 7 631 109 5 304 1722 18 7 8 7 1 
95361 780 832 147 6 663 108 10 303 1743 19 6 7 15 0 
95273 818 833 172 8 693 123 3 283 1766 9 6 10 3 0 
95300 752 851 173 7 636 103 4 306 1821 16 5 16 10 0 
95333 799 854 147 8 645 117 3 308 1749 15 7 7 8 0 
95369 787 870 162 4 640 107 6 279 1740 13 2 14 7 0 
95382 779 857 152 10 654 108 3 273 1744 10 3 15 10 0 
95308 859 843 162 6 576 137 9 299 1754 21 7 9 10 0 
95368 759 832 172 8 669 113 2 285 1751 18 3 10 9 1 
95306 831 842 175 7 662 123 1 283 1711 18 4 17 18 2 
95348 793 819 164 4 636 126 5 298 1764 14 2 11 16 0 
95249 819 872 153 3 677 115 4 278 1794 10 4 10 12 0 
95356 778 843 163 6 668 101 8 273 1755 18 8 11 12 0 
95385 815 806 155 5 677 99 3 271 1747 12 5 13 7 0 
95394 791 841 157 3 643 125 5 278 1724 12 6 12 9 0 
95288 773 872 172 9 642 105 5 319 1772 14 2 16 11 0 
95471 771 853 145 4 599 98 5 289 1723 15 7 8 12 0 
95253 795 840 175 1 652 124 7 287 1817 17 6 12 14 0 
95301 806 830 154 7 643 102 3 293 1802 18 4 13 23 1 
95368 775 870 157 8 641 103 3 276 1742 13 6 24 14 0 
95317 817 802 160 7 638 121 6 304 1790 13 7 5 13 0 
95413 742 849 178 4 647 110 4 330 1671 16 7 21 8 0 
95295 809 823 153 3 664 86 5 313 1806 16 7 13 7 0 
95326 843 822 157 7 634 134 5 303 1721 17 6 17 8 0 
95339 778 886 161 2 658 108 5 310 1717 12 6 11 7 0 
95265 821 843 146 4 672 102 4 292 1796 17 6 15 17 0 
95251 827 826 143 4 655 101 7 331 1808 13 8 13 13 0 
95246 822 793 147 5 674 122 5 312 1833 17 2 11 11 0 
95329 819 835 144 9 684 98 7 294 1726 16 15 10 14 0 
95393 780 827 165 5 663 115 5 276 1717 19 5 17 13 0 
95230 795 875 167 7 670 113 5 290 1794 21 8 11 14 0 
95374 780 803 137 5 639 105 2 290 1821 17 3 16 8 0 
95298 749 864 158 9 664 111 1 282 1826 15 6 9 8 0 
95414 795 791 165 5 647 116 5 283 1752 7 4 10 6 0 
95451 802 758 173 5 648 114 10 273 1727 14 5 9 11 0 
95299 793 865 165 7 669 111 6 303 1743 10 8 10 11 0 
95421 812 796 171 6 614 110 5 291 1738 9 7 9 11 0 
95423 794 830 171 6 651 109 6 280 1681 16 7 15 11 0 
95478 750 785 181 6 652 110 7 283 1696 21 8 17 6 0 
95307 772 838 147 3 668 122 5 299 1801 9 7 9 13 0 
95443 763 814 161 12 620 103 5 301 1736 13 8 12 9 0 
95341 791 822 156 8 634 103 6 305 1786 18 10 10 9 1 
95385 817 803 159 2 631 99 4 313 1752 12 3 9 11 0 
95361 792 847 152 6 616 130 4 285 1769 12 6 13 7 0 
95340 754 843 180 5 640 120 4 324 1738 12 7 18 15 0 
95338 789 835 140 5 630 108 1 318 1792 13 5 12 14 0 
95317 811 862 167 8 605 120 8 283 1767 25 10 8 9 0 
95464 786 822 150 6 612 114 4 312 1697 7 6 12 8 0 
95408 758 798 146 3 639 109 6 297 1792 19 5 14 6 0 
95334 810 852 164 8 591 110 3 298 1786 14 8 13 9 0 
95384 774 826 170 4 662 112 4 308 1703 12 11 14 16 0 
95442 762 832 178 9 622 126 5 286 1700 15 5 12 6 0 
95346 751 846 171 3 685 107 1 277 1771 11 8 13 10 0 
95320 748 833 165 7 676 130 6 272 1808 14 4 9 8 0 
95398 774 829 155 8 664 100 7 308 1710 10 8 18 11 0 
95418 748 841 166 3 615 121 5 309 1724 17 9 13 11 0 
95457 784 795 153 4 618 117 4 303 1717 12 8 14 14 0 
95279 847 792 184 7 633 119 6 304 1782 20 3 14 10 0 
95223 813 841 175 2 657 108 4 285 1835 20 6 15 16 0 
95342 739 794 166 1 682 120 4 295 1811 12 7 15 12 0 
95374 769 862 165 2 646 130 1 302 1711 14 2 8 14 0 
95400 769 806 148 3 652 122 8 311 1730 17 7 15 12 0 
95372 789 877 153 8 634 110 5 310 1699 19 7 11 6 0 
95364 788 808 178 4 649 96 2 328 1749 10 8 6 10 0 
95430 775 797 130 7 649 97 6 308 1755 19 7 13 6 1 
95398 807 860 180 8 624 97 3 313 1668 15 7 11 9 0 
95380 797 831 168 5 685 102 3 299 1679 16 10 11 14 0 
95271 823 848 176 6 666 110 7 285 1759 20 3 12 14 0 
95298 806 841 164 6 660 110 3 296 1783 9 4 14 6 0 
95368 783 829 160 9 628 115 0 303 1745 18 14 14 13 1 
95431 781 803 161 6 635 102 5 301 1729 22 6 5 13 0 
95458 719 884 143 3 584 128 3 284 1738 19 12 9 16 0 
95378 789 853 171 10 629 128 5 298 1696 10 8 13 12 0 
95414 736 813 169 7 644 106 4 285 1769 20 5 18 10 0 
95304 799 828 149 5 677 129 4 294 1773 11 6 9 12 0 
95401 794 827 163 3 694 107 5 271 1687 20 8 8 12 0 
95390 775 835 137 7 648 124 9 287 1739 17 11 11 10 0 
95365 813 807 153 4 674 119 3 274 1741 18 8 11 10 0 
95402 740 841 143 6 610 124 3 321 1771 17 5 6 11 0 
95382 754 794 168 5 647 132 2 310 1762 20 3 9 12 0 
95333 765 817 152 5 617 124 8 317 1823 19 3 6 11 0 
95450 765 823 147 5 642 105 5 328 1685 18 8 9 10 0 
95448 782 837 148 5 641 104 5 295 1690 15 6 11 13 0 
95550 757 815 159 5 625 91 5 267 1686 12 7 8 13 0 
95403 787 797 164 4 647 106 7 293 1745 18 4 15 10 0 
95384 781 830 154 6 608 116 4 296 1776 16 7 11 11 0 
95320 840 795 140 2 653 128 7 298 1776 14 4 16 7 0 
95370 764 821 151 9 660 112 4 302 1765 16 9 6 11 0 
95434 814 756 145 11 621 138 5 298 1727 17 11 10 13 0 
95279 805 811 160 6 619 119 3 293 1848 24 10 10 13 0 
95279 778 821 143 9 680 93 5 310 1833 12 3 20 14 0 
95295 821 827 176 8 623 119 6 282 1789 22 3 13 16 0 
95309 793 806 181 9 669 86 4 285 1816 10 5 12 15 0 
95321 808 827 164 8 689 107 7 315 1712 12 8 14 8 0 
95454 772 836 162 4 611 117 6 279 1723 14 6 8 8 0 
95333 817 799 131 6 676 106 6 309 1787 15 4 9 2 0 
95324 795 885 143 11 613 115 4 312 1751 16 7 11 13 0 
95338 760 845 147 6 659 131 5 301 1753 19 6 17 13 0 
95328 775 806 152 8 682 126 2 325 1757 11 5 9 13 1 
95348 756 890 161 11 654 121 4 270 1727 18 8 19 13 0 
95299 810 826 162 10 644 125 5 264 1814 10 4 14 13 0 
95282 789 877 163 4 625 110 4 305 1800 13 6 11 11 0 
95432 761 805 161 8 638 119 3 278 1754 13 5 11 12 0 
95422 779 869 141 3 650 113 2 282 1703 14 5 9 8 0 
95277 767 848 123 4 708 102 3 310 1811 16 6 12 13 0 
95362 776 797 161 8 677 107 3 287 1769 18 8 10 17 0 
95365 774 776 177 5 666 121 7 317 1752 11 6 5 18 0 
95440 750 799 141 5 656 118 7 322 1716 15 7 16 8 0 
95459 798 792 163 7 596 108 5 315 1715 11 9 15 7 0 
95354 772 833 133 1 671 112 8 308 1750 20 6 17 15 0 
95422 743 833 152 7 643 114 6 281 1769 12 3 8 7 0 
95331 807 833 152 10 672 111 7 289 1737 16 11 15 9 0 
95375 765 831 149 5 689 122 5 307 1708 12 7 14 11 0 
95346 840 844 160 6 621 107 6 290 1737 11 8 14 10 0 
95315 728 841 175 9 664 112 3 295 1816 11 8 13 10 0 
95328 766 850 152 16 652 107 2 291 1799 13 8 8 8 0 
95442 784 870 140 8 574 125 8 298 1705 10 9 18 9 0 
95261 814 823 158 4 706 129 6 301 1749 16 9 14 10 0 
95384 812 831 160 6 614 140 5 304 1706 12 8 10 7 1 
95383 761 833 156 5 656 112 0 319 1751 11 1 7 5 0 
95297 756 820 154 6 672 105 7 307 1824 16 10 14 12 0 
95402 777 822 159 8 635 121 6 283 1750 11 4 15 7 0 
95340 791 849 168 6 648 102 1 310 1727 16 10 17 15 0 
95319 769 854 178 4 653 97 2 298 1779 12 10 16 8 1 
95388 759 836 163 4 690 102 4 282 1723 17 7 13 11 1 
95342 788 829 157 6 691 108 5 300 1726 16 4 15 13 0 
95303 743 862 161 7 694 102 10 295 1775 17 4 18 9 0 
95375 776 837 168 4 639 101 4 276 1777 13 4 14 12 0 
95285 785 870 155 6 701 117 4 277 1751 20 5 16 8 0 
95275 817 857 172 6 640 105 4 296 1786 14 8 13 7 0 
95411 753 854 167 8 618 111 5 275 1750 22 9 10 7 0 
95324 842 882 156 11 658 105 7 311 1665 15 4 12 8 0 
95252 786 806 169 6 633 104 5 347 1846 19 5 16 6 0 
95392 762 838 141 5 685 108 2 284 1735 18 8 9 13 0 
95427 782 809 148 3 633 101 6 304 1747 13 5 13 9 0 
95315 826 804 156 8 618 92 6 320 1812 16 4 17 6 0 
95373 787 837 174 4 662 110 5 300 1701 12 5 16 14 0 
95336 777 817 162 2 698 105 1 334 1716 16 8 17 11 0 
95451 798 792 140 9 678 102 8 275 1696 16 10 12 13 0 
95400 786 852 138 2 622 122 3 319 1712 21 3 9 11 0 
95343 788 819 163 11 622 118 8 301 1786 10 8 12 11 0 
95316 769 890 150 6 657 97 3 301 1761 17 8 15 10 0 
95405 791 818 154 2 680 100 4 307 1702 11 6 10 10 0 
95300 782 830 159 8 654 109 3 311 1788 24 6 11 15 0 
95404 772 813 148 3 639 105 5 295 1778 15 4 11 8 0 
95361 783 816 172 8 655 98 3 295 1774 9 5 12 9 0 
95384 782 792 162 0 674 99 4 304 1756 14 5 15 9 0 
95329 763 907 142 8 625 112 2 321 1738 18 7 15 13 0 
95429 776 794 182 8 678 107 3 254 1722 16 8 15 8 0 
95342 758 903 134 7 678 106 4 281 1751 15 4 9 8 0 
95198 831 838 167 5 592 118 1 309 1897 20 5 11 8 0 
95456 801 824 164 4 629 106 7 277 1695 12 6 12 7 0 
95377 777 897 148 10 624 100 2 333 1689 14 7 13 9 0 
95405 780 798 151 10 595 114 4 284 1811 12 8 15 13 0 
95368 789 794 170 6 667 116 5 284 1755 8 12 15 11 0 
95320 808 834 154 8 656 132 4 298 1731 18 5 13 19 0 
95336 767 827 169 9 643 120 5 296 1789 16 4 13 6 0 
95368 773 857 167 8 650 115 3 319 1697 15 1 17 10 0 
95362 781 788 156 8 685 124 7 293 1742 17 7 16 14 0 
95440 712 883 147 8 631 126 3 280 1714 14 9 22 11 0 
95309 752 858 172 7 619 111 7 283 1837 17 9 8 11 0 
95356 812 779 162 9 638 101 6 302 1796 15 8 9 7 0 
95353 831 792 148 5 638 113 2 310 1767 18 4 12 7 0 
95264 851 869 160 3 621 113 4 282 1797 18 1 9 8 0 
95368 793 801 139 5 641 104 6 316 1783 13 9 10 12 0 
95408 835 779 137 7 655 137 4 254 1748 11 7 8 10 0 
95384 751 816 150 4 658 120 7 313 1755 11 8 14 9 0 
95455 724 757 132 6 634 123 5 315 1794 18 7 14 16 0 
95433 780 781 151 11 602 121 5 286 1786 12 8 13 11 0 
95214 767 882 171 2 641 117 5 326 1839 16 4 9 7 0 
95346 826 868 155 7 664 99 2 314 1675 18 4 14 8 0 
95182 821 902 155 5 633 128 4 289 1830 20 14 10 7 0 
95393 769 842 156 7 626 113 1 289 1759 19 1 14 11 0 
95399 790 815 151 3 645 117 2 287 1752 16 5 10 8 0 
95290 793 829 161 6 643 119 5 329 1777 17 8 14 9 0 
95276 787 833 158 7 656 127 5 293 1808 17 9 14 10 0 
95414 789 801 160 5 650 112 1 301 1714 18 13 9 13 0 
95321 802 828 165 5 679 116 8 307 1720 17 5 15 12 0 
95247 796 895 187 3 657 94 5 328 1738 17 9 12 12 0 
95343 811 865 158 7 658 104 3 283 1724 16 6 11 10 1 
95315 807 828 171 7 603 111 4 313 1797 10 5 18 11 0 
95326 762 902 152 3 628 124 3 303 1760 11 9 8 8 1 
95189 818 895 154 6 660 114 2 278 1832 19 11 11 11 0 
95333 763 851 156 1 650 116 4 273 1808 18 5 14 8 0 
95419 770 785 165 6 651 132 4 301 1722 15 5 18 7 0 
95323 778 863 153 2 685 126 4 269 1757 10 9 14 7 0 
95372 808 834 162 5 620 125 5 301 1731 13 2 10 11 1 
95300 786 883 167 6 667 119 3 277 1742 19 4 9 18 0 
95222 813 867 151 10 673 124 7 306 1791 14 3 7 12 0 
95270 723 880 156 3 680 109 2 295 1844 13 6 6 13 0 
95382 820 877 153 8 654 96 6 259 1712 7 5 14 7 0 
95261 803 801 171 6 678 102 1 321 1811 15 3 14 12 1 
95473 783 800 167 4 634 111 4 293 1684 16 6 13 12 0 
95366 794 850 153 8 660 100 7 320 1711 12 5 6 8 0 
95282 774 833 171 6 656 110 6 337 1775 15 5 14 16 0 
95364 709 856 192 5 620 99 7 287 1806 20 6 17 12 0 
95284 795 817 164 5 679 124 7 285 1790 20 5 16 9 0 
95253 795 820 158 6 708 109 6 297 1791 20 7 22 8 0 
95391 771 840 150 7 640 100 1 305 1742 15 6 14 18 0 
95359 786 851 157 7 649 115 5 285 1738 16 5 17 10 0 
95404 812 819 150 3 695 103 7 267 1696 15 8 11 10 0 
95368 814 819 158 9 665 131 4 272 1713 19 3 14 11 0 
95382 766 833 173 4 656 122 2 323 1682 17 12 14 14 0 
95453 787 851 132 11 666 107 6 288 1652 22 6 11 8 0 
95274 841 833 164 12 649 106 3 299 1765 21 7 14 12 0 
95262 817 817 160 4 631 117 5 303 1843 10 9 13 9 0 
95282 800 864 169 9 611 110 5 322 1785 14 7 11 11 0 
95287 804 869 169 8 650 94 2 325 1740 13 5 19 15 0 
95376 766 825 179 8 662 101 1 315 1736 8 6 8 9 0 
95335 769 811 155 5 674 116 4 312 1771 13 7 12 16 0 
95390 766 809 155 8 659 112 3 300 1751 20 9 9 9 0 
95269 835 824 168 9 645 111 2 308 1798 11 4 9 7 0 
95408 792 801 151 8 606 103 0 317 1757 20 6 20 11 0 
95333 764 868 178 8 632 100 2 298 1770 15 10 13 9 0 
95440 794 823 141 6 646 113 7 308 1684 7 7 12 12 0 
95289 779 884 141 7 652 114 8 284 1801 11 10 11 9 0 
95347 790 840 165 6 661 106 4 334 1708 12 6 7 14 0 
95334 768 805 133 3 657 119 4 329 1788 20 9 19 12 0 
95436 797 836 169 9 644 127 8 243 1685 16 4 13 13 0 
95382 761 807 151 2 640 113 1 321 1782 14 6 8 12 0 
95251 868 825 166 5 653 116 4 312 1758 17 7 9 9 0 
95377 770 838 131 4 649 122 4 335 1732 14 2 12 10 0 
95342 789 847 153 4 677 103 7 296 1740 19 4 10 9 0 
95303 794 861 145 6 647 111 3 315 1780 12 5 7 11 0 
95287 851 842 165 7 630 99 6 313 1763 17 6 7 7 0 
95381 811 857 135 3 651 105 7 292 1717 18 4 9 10 0 
95311 819 812 161 5 673 109 7 309 1749 13 7 14 11 0 
95339 796 815 152 7 633 115 5 308 1793 10 6 8 13 0 
95433 778 825 138 1 600 132 6 309 1737 15 5 11 10 0 
95396 797 842 128 8 629 107 5 278 1746 23 10 17 14 0 
95358 785 834 151 10 661 120 4 295 1749 12 4 9 7 1 
95292 815 873 175 7 682 125 4 297 1681 15 10 13 11 0 
95375 777 809 154 6 640 122 8 303 1772 12 3 6 13 0 
95334 797 870 142 7 631 131 7 270 1774 11 4 11 11 0 
95389 752 824 154 5 629 99 9 311 1796 10 5 8 9 0 
95450 780 822 148 6 653 127 7 322 1644 11 5 13 12 0 
95285 796 851 173 4 676 124 6 301 1746 12 4 16 6 0 
95290 784 857 166 5 608 113 5 321 1812 13 6 13 7 0 
95362 826 790 150 5 662 114 6 279 1765 8 8 14 11 0 
95392 726 862 162 4 646 119 2 294 1744 19 5 16 9 0 
95425 822 823 146 5 631 100 7 299 1698 17 5 13 9 0 
95336 773 873 165 5 631 102 4 286 1771 15 10 11 18 0 
95317 765 846 174 8 654 104 4 303 1779 14 6 14 12 0 
95471 802 797 138 7 620 116 2 330 1681 14 3 9 10 0 
95440 775 810 163 5 645 114 3 302 1711 15 5 12 0 0 
95315 798 881 181 5 598 108 10 314 1753 13 7 9 8 0 
95480 750 812 138 5 608 111 6 288 1760 14 4 15 9 0 
95344 776 843 145 9 675 132 8 289 1740 11 4 14 10 0 
95181 789 864 150 7 704 100 5 304 1848 15 11 14 8 0 
95350 772 821 145 8 661 129 6 289 1781 9 5 10 14 0 
95470 779 746 141 7 632 112 2 296 1772 15 11 6 11 0 
95320 750 829 165 7 661 105 6 299 1810 13 12 13 9 1 
95448 765 799 168 2 630 101 2 293 1759 9 3 12 9 0 
95325 772 844 153 2 667 115 2 284 1793 16 7 16 4 0 
95363 728 905 145 7 670 114 3 278 1741 16 6 14 9 1 
95323 785 818 160 4 658 105 4 326 1779 14 4 10 10 0 
95379 807 804 145 5 668 102 7 312 1737 16 3 9 6 0 
95446 760 805 137 5 663 110 5 283 1741 18 6 8 13 0 
95358 745 824 166 6 657 112 4 312 1772 18 6 14 6 0 
95342 761 850 165 5 640 108 4 287 1790 24 4 10 10 0 
95404 792 837 157 3 605 130 4 277 1737 21 6 17 10 0 
95416 771 860 151 2 638 102 2 291 1730 10 5 14 8 0 
95411 806 853 135 7 644 105 2 298 1706 11 4 9 9 0 
95400 759 828 143 6 619 121 8 297 1763 19 12 15 10 0 
95275 795 879 158 5 634 122 4 289 1784 23 4 13 14 1 
95436 759 862 150 11 596 122 7 281 1736 11 5 8 16 0 
95305 777 787 155 9 619 101 4 364 1836 13 4 15 11 0 
95383 779 804 157 5 664 112 0 292 1764 8 9 11 12 0 
95348 790 853 168 6 665 96 5 305 1719 13 5 16 11 0 
95394 756 817 159 7 634 104 10 312 1765 20 4 12 6 0 
95352 778 811 143 6 663 91 5 300 1808 13 7 12 11 0 
95257 803 879 162 10 667 120 6 313 1738 16 5 13 11 0 
95434 863 790 159 3 637 121 8 268 1681 15 3 10 8 0 
95385 754 861 170 7 588 107 3 309 1762 21 11 13 9 0 
95394 795 794 150 7 647 112 3 326 1721 11 12 19 9 0 
95356 819 785 177 9 653 105 6 274 1768 16 6 14 12 0 
95428 794 798 162 3 623 125 6 310 1709 13 2 13 13 1 
95341 774 850 166 5 610 125 10 320 1755 14 8 7 15 0 
95282 831 853 185 7 660 126 3 313 1703 10 3 14 10 0 
95384 765 856 154 4 659 115 6 281 1726 16 11 11 12 0 
95382 795 838 146 4 641 106 2 272 1781 13 3 8 9 0 
95403 806 824 168 9 656 93 3 284 1709 14 7 14 10 0 
95449 777 822 152 5 680 110 4 277 1686 12 7 9 10 0 
95480 709 856 147 7 626 115 4 287 1717 17 10 15 10 0 
95241 821 811 161 6 679 112 3 305 1812 18 7 14 10 0 
95519 750 807 141 5 648 112 3 292 1679 14 11 16 3 0 
95321 790 861 162 4 617 118 3 328 1759 14 2 16 5 0 
95423 734 811 161 3 636 107 9 290 1780 14 9 10 12 1 
95321 769 834 184 2 628 97 2 294 1825 24 6 5 9 0 
95336 771 800 154 9 651 104 8 314 1818 11 3 11 10 0 
95384 775 808 156 3 622 134 4 315 1746 14 9 16 14 0 
95327 825 820 147 12 613 124 1 299 1788 10 7 13 14 0 
95351 829 821 139 5 656 101 2 293 1759 7 9 11 16 1 
95497 819 788 155 11 614 116 11 287 1658 13 9 13 9 0 
95301 799 802 177 9 671 116 2 318 1754 16 7 21 7 0 
