100000 0 0 0 0 0 0 0 0 0 0 0 0 0 0 
100000 0 0 0 0 0 0 0 0 0 0 0 0 0 0 
100000 0 0 0 0 0 0 0 0 0 0 0 0 0 0 
100000 0 0 0 0 0 0 0 0 0 0 0 0 0 0 
13950 82190 250 257 475 268 262 449 486 483 900 10 8 10 2 
95339 800 801 175 7 670 125 0 300 1730 16 9 14 14 0 
100000 0 0 0 0 0 0 0 0 0 0 0 0 0 0 
100000 0 0 0 0 0 0 0 0 0 0 0 0 0 0 
100000 0 0 0 0 0 0 0 0 0 0 0 0 0 0 
13920 82380 271 241 423 231 245 421 492 489 861 6 9 7 4 
95451 725 849 204 6 658 112 1 231 1721 15 8 9 10 0 
100000 0 0 0 0 0 0 0 0 0 0 0 0 0 0 
100000 0 0 0 0 0 0 0 0 0 0 0 0 0 0 
100000 0 0 0 0 0 0 0 0 0 0 0 0 0 0 
100000 0 0 0 0 0 0 0 0 0 0 0 0 0 0 
100000 0 0 0 0 0 0 0 0 0 0 0 0 0 0 
95462 748 761 221 2 670 132 5 256 1688 17 6 15 17 0 
95527 669 816 206 6 683 128 3 218 1704 13 5 14 8 0 
100000 0 0 0 0 0 0 0 0 0 0 0 0 0 0 
100000 0 0 0 0 0 0 0 0 0 0 0 0 0 0 
95292 809 816 195 6 659 117 3 293 1764 17 4 9 16 0 
100000 0 0 0 0 0 0 0 0 0 0 0 0 0 0 
95373 704 852 186 10 700 115 1 261 1754 8 9 13 14 0 
100000 0 0 0 0 0 0 0 0 0 0 0 0 0 0 
100000 0 0 0 0 0 0 0 0 0 0 0 0 0 0 
100000 0 0 0 0 0 0 0 0 0 0 0 0 0 0 
100000 0 0 0 0 0 0 0 0 0 0 0 0 0 0 
100000 0 0 0 0 0 0 0 0 0 0 0 0 0 0 
95276 747 886 190 6 717 144 2 252 1734 16 7 9 14 0 
