47659 576 288 73 4 305 75 2 166 826 13 1 3 9 0 
47535 605 314 80 4 349 50 0 169 871 10 0 8 5 0 
47555 631 266 79 1 348 55 3 156 881 13 3 3 6 0 
47618 636 300 61 1 309 55 4 143 853 9 4 4 3 0 
47529 605 326 80 2 333 61 0 141 897 10 3 2 11 0 
47497 638 331 80 3 334 53 5 156 880 14 0 2 7 0 
47587 608 277 76 5 336 52 1 165 878 5 3 3 4 0 
47554 618 305 83 2 326 53 1 151 878 12 7 9 1 0 
47566 615 302 78 3 330 67 4 167 850 10 0 5 3 0 
47594 585 310 71 4 310 55 2 153 895 9 2 6 4 0 
47575 637 289 65 3 277 65 7 163 896 10 3 6 4 0 
47567 603 285 78 3 318 60 4 163 892 12 4 4 7 0 
47558 648 310 81 2 313 52 6 152 862 11 0 2 3 0 
47586 612 298 87 3 329 48 3 130 888 7 3 4 2 0 
47593 611 300 93 2 310 50 2 161 857 10 3 7 1 0 
47534 595 340 72 5 348 47 2 160 873 9 1 5 9 0 
47573 592 307 83 6 343 64 2 150 847 16 4 3 10 0 
47676 596 307 82 4 321 30 6 132 821 14 1 4 6 0 
47567 647 311 78 2 284 58 1 144 885 9 2 5 7 0 
47571 616 281 80 5 325 59 2 148 890 9 3 7 4 0 
47616 605 316 70 3 313 56 4 163 828 16 3 2 5 0 
47534 602 298 83 4 313 51 7 151 926 15 4 6 6 0 
47596 617 313 73 3 314 53 7 142 850 13 4 9 6 0 
47626 606 265 74 4 325 54 2 178 842 14 2 3 5 0 
47531 595 295 88 5 343 52 6 168 887 9 4 8 9 0 
47584 614 310 67 3 333 61 2 165 849 4 3 4 1 0 
47535 581 307 86 6 316 58 2 157 928 14 0 4 6 0 
47545 622 314 91 7 317 55 5 150 873 6 4 6 5 0 
47570 644 302 76 1 306 48 2 152 879 11 1 5 3 0 
47544 630 317 78 4 312 57 3 136 886 9 7 5 12 0 
47658 607 291 95 2 290 66 5 164 799 10 0 9 4 0 
47538 636 304 74 3 340 58 2 141 882 10 2 3 7 0 
47518 619 319 81 4 314 49 4 160 904 11 4 7 5 1 
47590 565 305 91 7 327 58 6 154 870 13 2 5 7 0 
47543 608 303 91 7 320 61 2 161 884 8 2 3 7 0 
47539 644 327 92 7 352 54 3 126 836 8 0 3 9 0 
47555 618 285 76 4 323 74 5 141 886 13 5 8 7 0 
47494 648 312 78 5 351 55 2 153 885 5 2 2 8 0 
47530 631 314 67 4 349 54 7 143 879 7 1 6 8 0 
47473 637 307 87 3 348 46 4 146 919 12 2 8 8 0 
47617 660 262 78 4 311 59 4 146 838 11 2 4 4 0 
47604 610 311 77 3 311 55 1 140 864 17 3 3 1 0 
47566 618 311 89 3 323 55 5 154 856 11 2 3 4 0 
47523 616 297 90 1 333 65 5 153 894 13 0 6 4 0 
47640 599 280 71 1 319 61 4 152 839 17 4 8 5 0 
47545 624 288 87 5 311 61 3 162 886 12 7 5 4 0 
47570 601 301 72 4 311 46 0 148 919 18 1 4 5 0 
47461 621 323 85 4 340 61 3 171 902 12 1 5 11 0 
47635 634 265 69 3 305 55 3 137 869 13 4 4 4 0 
47476 650 332 90 4 312 52 7 141 916 5 3 5 7 0 
47522 617 323 95 1 334 36 4 148 904 8 0 2 6 0 
47571 632 259 81 5 319 50 2 188 872 14 1 3 3 0 
47565 607 290 66 1 332 64 3 158 896 6 3 4 5 0 
47486 652 304 87 4 322 62 4 168 885 16 3 3 4 0 
47578 603 296 81 2 315 61 5 136 903 13 2 3 2 0 
47595 635 297 85 5 318 45 3 147 850 12 0 4 4 0 
47505 671 305 60 1 330 62 2 169 872 13 2 3 5 0 
47578 601 294 84 6 315 59 5 168 866 9 3 4 8 0 
47556 643 297 68 5 328 58 1 159 858 11 3 4 9 0 
47560 605 301 80 3 336 48 1 165 884 7 4 5 1 0 
47631 624 295 88 1 321 62 3 135 812 15 1 8 4 0 
47637 583 277 65 1 300 50 6 174 887 10 1 3 6 0 
47516 637 293 72 5 316 58 8 149 925 8 2 3 8 0 
47510 638 306 81 7 326 62 1 176 874 9 3 2 5 0 
47516 613 271 85 7 352 46 2 119 966 15 1 4 3 0 
47500 619 277 85 6 320 70 3 138 954 15 1 6 6 0 
47552 563 330 67 3 340 52 6 175 889 11 3 4 5 0 
47536 623 291 77 4 326 43 2 139 926 15 3 4 10 1 
47547 668 304 76 5 332 48 5 160 827 11 3 5 9 0 
47527 618 310 82 6 308 57 1 156 908 12 3 5 7 0 
47611 608 303 81 3 306 73 2 128 864 9 2 3 7 0 
47542 602 280 84 2 347 61 5 155 898 14 2 2 6 0 
47604 632 314 57 4 311 55 4 148 849 8 5 5 4 0 
47604 616 310 85 7 317 46 2 129 863 10 0 6 5 0 
47631 567 267 89 2 332 51 3 146 877 19 6 6 4 0 
47545 612 299 71 2 345 55 5 140 900 14 2 4 6 0 
47494 652 283 66 3 313 52 5 146 958 11 4 10 3 0 
47596 626 304 81 6 325 43 2 151 850 10 2 1 3 0 
47574 628 312 78 3 306 55 5 157 870 6 1 3 2 0 
47505 621 307 69 3 318 65 5 160 926 8 2 3 8 0 
47584 614 323 82 6 311 43 2 142 871 9 0 6 7 0 
47556 624 306 80 2 349 50 4 147 862 9 5 2 4 0 
47513 635 303 81 2 322 71 6 172 875 7 5 7 1 0 
47611 638 315 72 4 320 70 2 129 818 10 1 4 6 0 
47588 591 329 90 2 325 51 4 165 833 12 4 2 4 0 
47531 609 320 75 4 341 62 1 156 884 7 0 3 7 0 
47615 589 286 90 5 300 49 2 156 889 8 1 4 6 0 
47546 635 298 86 1 281 56 2 156 914 12 2 2 9 0 
47536 636 348 77 1 328 57 5 139 847 9 3 7 7 0 
47529 617 287 72 5 319 53 4 159 924 21 2 5 3 0 
47578 617 318 77 1 319 65 2 143 852 9 2 10 7 0 
47571 613 280 64 6 350 63 1 153 872 11 4 3 9 0 
47641 586 276 83 1 327 44 2 148 869 10 3 6 4 0 
47541 614 289 89 4 344 57 3 166 864 16 2 7 4 0 
47523 683 290 74 2 331 60 4 155 843 18 3 7 7 0 
47589 619 278 94 4 321 62 4 145 856 16 2 2 8 0 
47541 623 287 85 0 314 58 5 146 915 16 4 4 2 0 
47625 628 287 85 3 296 48 2 144 852 13 4 5 8 0 
47573 614 262 82 5 338 52 5 141 906 13 3 2 4 0 
47621 596 287 68 6 310 64 4 156 860 8 3 8 9 0 
47590 659 300 82 1 290 49 3 140 871 6 2 5 2 0 
47623 623 274 87 5 312 50 3 142 857 11 4 7 2 0 
47535 616 325 67 3 336 45 2 161 898 6 1 2 3 0 
47573 600 315 62 2 325 59 2 154 877 12 2 9 8 0 
47483 599 342 80 0 348 54 3 166 902 12 2 4 5 0 
47649 557 258 89 6 342 64 2 153 852 13 4 4 7 0 
47511 597 312 77 4 344 57 6 171 899 9 2 4 7 0 
47589 606 292 93 6 323 61 3 151 857 8 2 6 3 0 
47490 648 311 90 2 337 52 7 150 886 11 5 6 5 0 
47598 596 304 70 4 323 63 4 163 848 13 3 4 7 0 
47634 564 302 93 4 290 60 3 139 881 12 2 7 9 0 
47613 616 278 64 2 326 49 6 163 860 9 2 4 8 0 
47581 633 307 76 4 291 58 6 140 881 6 1 9 7 0 
47681 605 299 83 1 305 56 3 143 791 20 0 6 7 0 
47460 596 334 78 4 348 64 2 170 917 12 1 9 5 0 
47623 627 302 82 5 255 57 2 159 863 9 1 10 5 0 
47636 577 296 65 3 331 60 2 140 868 11 1 3 7 0 
47593 560 329 90 2 309 44 3 157 892 10 6 3 2 0 
47655 606 281 82 7 311 51 3 158 825 6 4 7 4 0 
47593 635 304 61 5 331 54 2 171 818 16 2 2 6 0 
47528 647 312 71 1 339 50 3 145 878 11 2 7 6 0 
47550 621 342 74 2 317 52 4 148 862 13 5 7 3 0 
47581 642 290 78 3 329 50 5 139 861 10 2 5 5 0 
47551 680 272 105 2 333 50 1 166 821 10 2 3 4 0 
47508 639 302 81 3 320 53 6 173 895 6 3 5 5 1 
47581 615 302 80 3 320 54 1 143 874 15 1 4 7 0 
47648 580 307 84 2 313 53 3 138 852 15 3 1 1 0 
47555 594 295 82 3 315 69 1 160 903 14 2 1 6 0 
47554 680 303 83 1 281 67 3 141 857 15 4 5 6 0 
47510 638 302 87 2 332 57 2 153 890 15 1 4 7 0 
47546 606 327 70 2 361 56 5 140 871 6 1 2 7 0 
47573 614 325 79 0 302 55 4 145 879 17 2 1 4 0 
47548 638 311 92 3 321 42 3 141 878 11 2 4 6 0 
47574 616 286 95 1 325 62 5 153 858 12 3 3 6 1 
47588 608 279 84 4 314 65 0 152 882 9 2 10 3 0 
47610 598 286 74 4 345 57 6 146 850 10 2 4 8 0 
47604 594 288 82 3 321 53 2 130 901 9 3 8 2 0 
47489 651 296 81 5 328 52 0 175 896 15 5 2 5 0 
47581 648 288 80 3 310 57 5 163 844 8 1 5 7 0 
47597 595 299 89 5 323 63 1 157 841 15 1 6 8 0 
47597 589 301 77 4 344 61 7 154 847 11 3 2 3 0 
47678 551 276 71 1 351 53 3 137 856 9 4 4 6 0 
47580 608 333 74 3 343 59 7 115 854 9 1 7 7 0 
47608 595 277 84 4 349 53 3 147 851 11 5 4 9 0 
47594 607 286 79 3 299 62 1 164 887 9 0 4 5 0 
47546 601 290 78 5 346 53 5 159 895 8 6 5 3 0 
47512 639 292 88 1 348 46 3 153 897 9 3 2 7 0 
47683 608 281 78 3 306 54 3 139 821 10 4 4 6 0 
47562 645 287 68 4 323 61 4 157 867 14 0 5 3 0 
47588 626 296 84 5 307 60 2 144 873 4 2 5 3 1 
47667 555 283 83 7 342 73 6 138 815 20 1 3 7 0 
47586 587 294 77 2 352 50 2 142 888 13 2 3 2 0 
47535 632 284 103 6 328 50 5 162 868 11 4 7 5 0 
47541 606 300 81 4 327 54 1 170 899 9 3 2 3 0 
47620 610 279 82 4 318 45 10 133 879 4 5 8 3 0 
47614 606 279 50 5 328 40 3 160 890 13 2 8 2 0 
47522 656 318 90 5 332 59 3 162 828 13 2 6 4 0 
47526 644 315 75 1 354 60 5 172 816 15 3 9 5 0 
47522 616 294 88 3 318 48 4 156 921 14 6 5 5 0 
47565 602 304 79 3 287 50 7 163 923 8 4 4 1 0 
47655 613 289 66 1 312 48 6 132 865 7 0 3 3 0 
47555 602 295 101 2 316 49 3 167 887 10 3 4 6 0 
47623 632 309 76 3 314 54 3 135 829 11 3 5 3 0 
47643 603 290 65 3 310 51 6 136 874 11 2 0 6 0 
47612 593 277 84 2 309 63 4 145 887 13 4 3 4 0 
47490 661 290 81 5 335 61 5 173 874 12 4 6 3 0 
47631 616 299 76 7 308 44 4 157 833 10 4 8 3 0 
47496 615 313 90 4 343 56 1 149 906 13 1 10 3 0 
47624 569 293 94 2 313 63 4 148 874 7 2 3 4 0 
47558 630 271 81 7 311 55 1 148 917 8 2 4 7 0 
47604 596 320 92 1 334 55 1 163 813 8 2 7 4 0 
47579 634 314 88 2 302 53 2 151 857 9 2 3 4 0 
47603 617 298 69 2 337 47 0 164 846 7 2 5 3 0 
47546 668 275 87 1 336 50 2 154 863 9 1 4 4 0 
47611 577 293 98 3 330 52 5 147 857 12 2 9 4 0 
47523 633 289 89 5 353 53 3 137 893 10 2 5 5 0 
47535 616 309 72 4 299 55 5 131 950 10 2 5 7 0 
47507 621 312 76 4 316 48 5 151 938 11 0 5 6 0 
47581 621 292 64 3 317 64 4 147 890 8 1 2 5 1 
47595 591 299 83 3 343 54 2 149 853 17 4 5 2 0 
47510 637 276 64 4 345 62 2 146 926 13 4 6 5 0 
47648 583 303 97 4 303 54 2 136 849 9 1 2 9 0 
47513 624 319 77 5 348 37 1 155 889 15 2 6 9 0 
47586 636 286 75 2 292 55 3 156 892 6 1 5 5 0 
47525 649 315 96 1 336 47 1 137 876 3 2 5 7 0 
47570 630 278 66 1 298 67 3 146 920 9 2 3 7 0 
47577 661 293 85 4 302 53 3 149 849 14 6 3 1 0 
47551 639 313 72 2 364 62 3 158 815 10 2 4 3 2 
47517 593 323 89 4 343 58 4 153 891 11 5 2 7 0 
47577 643 327 68 2 299 42 4 148 866 14 1 5 4 0 
47606 586 319 90 6 303 51 3 167 846 11 1 4 7 0 
47562 605 297 74 4 328 60 4 161 886 4 4 5 5 1 
47574 598 290 85 4 329 54 3 174 864 9 3 7 5 1 
47576 642 295 83 2 312 60 2 142 856 19 3 3 5 0 
47556 632 295 94 7 330 58 2 143 861 10 2 3 7 0 
47580 614 286 90 5 311 51 3 161 877 13 2 5 2 0 
47555 600 301 72 2 334 51 6 141 905 16 3 9 5 0 
47572 632 289 84 2 328 56 5 149 868 10 1 1 3 0 
47551 593 301 71 2 352 55 5 169 878 9 1 6 7 0 
47683 593 274 70 4 294 55 2 161 833 14 4 8 5 0 
47550 603 308 81 3 313 58 4 181 866 8 4 10 10 1 
47564 644 291 78 2 326 45 2 131 886 14 2 5 10 0 
47622 611 316 67 3 305 68 4 148 836 9 1 4 6 0 
47573 621 283 87 2 330 58 4 153 860 15 3 8 3 0 
47623 618 261 77 4 298 55 2 159 880 9 2 10 2 0 
47525 595 315 90 0 347 52 3 165 877 9 7 10 5 0 
47581 634 300 86 6 296 55 1 136 883 14 0 4 4 0 
47596 669 291 79 4 316 50 1 159 818 8 1 4 4 0 
47563 624 328 79 2 312 51 3 130 891 6 0 5 6 0 
47657 576 286 70 4 342 52 5 140 836 16 8 4 4 0 
47551 680 276 69 0 325 55 3 126 896 5 3 3 8 0 
47620 558 284 92 3 343 52 4 132 887 10 3 6 6 0 
47609 594 288 91 0 288 60 5 173 866 14 0 6 6 0 
47595 602 292 80 5 328 59 4 145 865 14 7 1 3 0 
47496 631 290 68 5 330 62 3 154 930 15 2 7 7 0 
47597 628 290 71 3 317 54 7 160 858 7 1 3 4 0 
47582 615 280 65 1 357 62 4 150 860 13 2 5 4 0 
47577 605 307 77 8 310 61 3 178 848 11 5 3 7 0 
47703 620 284 72 3 272 59 6 140 819 9 3 7 3 0 
47571 618 309 67 2 325 61 5 128 885 13 7 5 4 0 
47598 627 276 78 1 315 60 2 169 845 17 8 1 3 0 
47604 632 296 88 3 316 57 3 157 825 10 1 3 5 0 
47638 590 311 77 2 308 72 5 152 822 10 3 5 5 0 
47596 636 291 75 7 274 59 3 130 898 16 3 3 9 0 
47615 607 282 92 4 313 57 2 169 832 11 3 9 4 0 
47603 571 307 72 5 332 49 2 175 861 10 1 6 6 0 
47597 625 295 76 5 330 47 6 157 835 12 2 8 5 0 
47553 581 303 76 3 342 58 4 155 905 5 8 1 6 0 
47530 632 297 65 6 308 42 1 158 934 12 1 6 8 0 
47643 603 287 83 4 324 45 3 156 829 11 2 7 3 0 
47522 602 326 97 2 311 70 1 149 898 9 2 6 4 1 
47610 619 288 79 5 336 53 2 144 841 8 3 6 6 0 
47571 601 288 72 1 301 59 2 156 921 11 1 8 8 0 
47531 637 320 80 2 325 45 5 145 887 11 1 5 6 0 
47594 660 301 69 1 287 64 4 144 847 16 1 7 5 0 
47604 598 299 89 2 327 51 4 148 861 12 1 1 3 0 
47569 581 298 90 4 347 54 2 143 894 6 2 7 3 0 
47497 617 303 87 3 308 60 4 171 929 10 2 3 6 0 
47631 639 293 82 4 281 69 4 125 852 13 0 4 3 0 
47553 625 309 66 4 312 57 3 154 892 13 1 9 2 0 
47631 614 297 84 3 328 55 6 131 827 10 2 5 7 0 
47533 628 287 72 3 342 49 5 168 882 12 3 4 12 0 
47615 604 293 59 4 348 52 4 153 846 10 4 5 3 0 
47627 584 286 86 2 297 68 3 146 882 12 1 2 4 0 
47692 577 296 76 0 310 56 5 135 829 13 3 1 7 0 
47576 621 314 66 2 313 58 7 169 850 11 3 6 4 0 
47557 626 274 62 3 334 55 2 173 893 8 1 1 11 0 
47657 586 304 72 4 280 52 4 136 870 17 2 4 12 0 
47567 597 310 69 5 323 67 3 154 882 10 2 4 7 0 
47589 626 274 74 3 298 61 3 154 895 10 3 4 5 1 
47523 634 301 74 3 315 53 5 170 898 14 0 2 8 0 
47552 579 269 95 3 347 71 1 162 888 13 3 4 13 0 
47569 619 310 88 4 346 60 2 149 824 12 4 9 4 0 
47553 628 313 65 4 333 63 2 161 854 9 3 5 7 0 
47525 605 324 85 4 337 57 3 148 886 15 2 5 4 0 
47589 599 322 65 3 312 60 3 149 874 8 2 9 5 0 
47536 584 320 75 3 322 58 4 154 924 12 3 3 2 0 
47549 633 294 81 3 315 61 2 174 862 14 2 2 8 0 
47608 603 273 67 4 307 54 1 153 914 7 1 4 4 0 
47572 626 286 87 1 340 56 1 139 862 14 4 4 8 0 
47480 646 289 75 5 352 56 2 161 903 17 3 4 7 0 
47556 603 305 76 6 342 55 1 158 873 9 3 6 7 0 
47580 614 305 78 3 322 54 2 138 885 9 2 4 3 1 
47682 602 292 62 2 297 45 2 152 842 7 1 9 5 0 
47563 600 323 87 3 347 72 4 152 821 13 2 5 8 0 
47570 641 328 66 3 300 41 3 136 887 7 3 7 8 0 
47570 600 298 72 4 309 50 2 167 903 12 4 3 6 0 
47648 621 267 78 2 299 56 6 154 848 13 1 5 2 0 
47603 586 306 78 1 334 45 2 140 879 11 3 6 6 0 
47598 605 311 83 6 331 43 2 148 856 8 1 6 2 0 
47610 622 301 85 1 320 58 3 125 848 13 3 5 6 0 
47603 607 299 85 5 317 49 5 150 860 10 3 2 5 0 
47636 594 295 79 3 304 51 4 146 866 12 0 4 6 0 
47552 646 308 89 2 315 63 4 167 838 7 0 5 4 0 
47529 623 290 84 2 334 62 1 162 895 8 3 2 5 0 
47588 626 276 68 7 317 55 4 156 886 5 1 3 8 0 
47592 575 290 69 2 321 58 3 174 893 15 0 3 5 0 
47565 620 307 93 2 318 54 5 157 852 9 5 6 7 0 
47491 651 330 73 2 324 54 3 155 889 10 3 5 10 0 
47651 561 316 62 5 331 62 2 140 837 13 6 10 4 0 
47512 639 308 71 2 304 55 1 152 934 6 4 4 8 0 
47544 622 336 55 3 307 60 5 144 898 12 3 6 5 0 
47539 662 309 88 0 351 47 3 153 816 17 4 3 8 0 
47613 592 302 73 6 302 64 6 156 862 12 3 6 3 0 
47504 617 293 87 1 319 50 5 176 926 11 1 3 7 0 
47595 613 329 76 4 320 49 1 142 846 15 2 6 2 0 
47628 601 279 72 1 304 52 2 155 885 9 2 6 4 0 
47585 659 274 69 2 317 57 3 155 854 10 2 6 7 0 
47635 587 279 78 6 342 55 1 157 843 7 6 1 3 0 
47607 632 292 88 7 303 50 6 161 822 14 2 10 6 0 
47580 622 282 91 3 319 52 6 140 874 17 2 6 6 0 
47551 627 313 76 4 345 50 3 141 872 6 1 6 5 0 
47544 596 310 76 7 379 57 4 159 842 11 3 6 6 0 
47670 612 290 69 3 309 47 7 147 818 6 4 8 9 1 
47554 598 323 72 4 345 50 3 145 875 14 2 8 7 0 
47588 645 296 68 1 319 44 6 150 861 9 1 2 10 0 
47577 667 315 69 3 294 73 1 139 833 16 6 3 4 0 
47541 609 288 87 2 321 55 5 174 893 11 2 5 7 0 
47531 654 319 73 5 333 50 2 137 871 8 8 5 4 0 
47590 602 317 75 3 320 47 4 149 859 17 4 6 7 0 
47550 605 303 95 3 341 48 2 154 875 14 1 5 4 0 
47601 596 303 80 2 329 61 1 149 848 16 3 3 8 0 
47625 603 299 79 2 331 58 2 150 827 8 1 7 8 0 
47566 621 288 69 3 342 47 1 163 877 8 1 8 6 0 
47584 596 300 87 7 306 45 3 173 872 15 1 5 6 0 
47490 643 321 72 4 318 67 1 164 890 14 1 6 9 0 
47541 637 316 82 1 348 60 1 156 840 6 2 7 3 0 
47555 615 302 86 7 324 55 7 128 899 9 1 5 6 1 
47531 644 316 82 4 322 50 5 127 901 9 4 4 1 0 
47573 645 286 84 4 313 63 3 162 839 16 1 9 2 0 
47641 608 274 86 0 312 51 4 135 868 8 3 4 6 0 
47548 586 325 78 3 335 49 5 176 875 6 2 4 8 0 
47534 604 311 89 5 334 62 1 138 888 13 8 6 7 0 
47610 602 283 75 2 340 43 5 157 857 9 6 5 6 0 
47458 627 313 82 3 333 69 2 157 927 14 4 5 6 0 
47667 618 321 77 5 309 46 6 125 802 10 2 4 8 0 
47574 614 304 82 5 301 73 5 134 885 10 6 4 3 0 
47540 594 291 90 4 354 58 3 162 881 16 1 2 4 0 
47581 621 293 75 4 326 59 4 162 857 8 3 4 3 0 
47483 621 322 87 3 341 58 5 164 902 6 2 2 4 0 
47552 631 312 65 3 310 53 3 158 890 10 0 9 4 0 
47569 658 275 75 4 317 56 3 135 878 11 6 3 10 0 
47608 580 300 95 3 305 63 9 162 849 13 3 8 2 0 
47534 628 302 95 6 344 45 10 151 865 10 4 2 4 0 
47575 592 287 90 4 308 51 1 146 922 14 3 3 4 0 
47612 593 265 88 5 318 54 3 170 869 12 3 3 5 0 
47538 607 307 86 9 329 61 4 166 870 9 2 4 8 0 
47570 642 313 91 5 283 38 6 162 857 14 3 10 6 0 
47562 632 309 91 3 265 55 4 147 912 11 5 0 4 0 
47522 615 303 103 5 312 56 7 153 889 16 5 4 10 0 
47606 648 267 76 2 335 52 4 146 845 7 2 5 5 0 
47566 600 331 77 3 345 43 2 148 862 10 2 8 3 0 
47590 588 280 82 5 334 74 1 159 867 12 2 3 3 0 
47509 621 316 84 5 306 64 8 150 909 10 3 7 8 0 
47557 595 321 78 1 325 53 4 164 879 9 2 7 5 0 
47633 620 315 72 3 291 66 4 152 829 4 3 6 2 0 
47533 657 309 89 3 319 63 4 146 858 9 4 2 4 0 
47536 619 313 84 2 315 62 5 138 899 10 2 8 7 0 
47653 600 296 62 4 326 54 3 144 832 13 2 4 7 0 
47561 632 301 66 4 318 53 6 144 889 11 2 4 9 0 
47601 607 282 76 2 333 55 2 137 874 17 6 3 5 0 
47575 612 286 87 4 309 57 4 153 900 6 1 1 5 0 
47587 600 289 92 10 336 56 2 151 859 10 1 2 5 0 
47568 601 315 79 2 327 62 6 136 889 4 1 6 4 0 
47614 597 279 78 4 319 49 2 150 882 11 4 4 7 0 
47532 607 305 91 4 341 67 6 174 849 7 8 2 7 0 
47558 593 329 76 4 283 68 4 155 897 17 3 5 8 0 
47630 615 291 83 5 271 43 4 166 868 14 0 4 6 0 
47551 656 299 86 3 332 56 3 146 845 12 2 2 7 0 
47587 626 279 79 4 327 64 3 166 851 5 1 6 2 0 
47669 572 299 88 2 287 42 4 141 881 8 4 0 2 1 
47548 624 274 87 3 357 50 2 166 864 11 3 8 2 1 
47626 590 297 65 3 310 73 3 146 862 13 2 6 4 0 
47555 622 322 82 3 342 43 4 155 847 11 6 4 4 0 
47546 611 286 70 3 341 54 3 141 926 10 2 5 2 0 
47579 592 304 73 7 327 61 3 161 881 4 1 2 5 0 
47578 592 315 94 8 326 57 2 126 879 9 5 7 2 0 
47606 610 299 80 4 344 62 1 148 821 12 2 4 7 0 
47555 595 305 95 4 322 65 4 168 863 9 5 6 4 0 
47566 638 311 69 4 317 61 1 167 845 11 2 3 5 0 
47481 584 310 92 3 335 53 7 142 972 12 2 3 4 0 
47563 641 273 93 1 313 63 5 157 863 13 3 7 4 1 
47549 600 296 84 2 350 59 2 172 872 6 1 5 2 0 
47522 673 269 79 6 338 53 3 165 869 10 2 6 5 0 
47614 618 305 75 2 302 61 3 152 852 5 4 5 2 0 
47618 587 269 73 6 314 41 2 156 915 11 1 3 4 0 
47532 637 312 73 2 346 53 2 156 858 10 2 8 9 0 
47551 646 293 88 3 317 47 4 137 894 7 4 6 3 0 
47596 597 304 74 2 321 76 5 141 869 9 2 1 3 0 
47537 600 307 80 6 365 72 3 159 847 15 4 2 3 0 
47604 623 308 77 1 338 61 2 137 831 6 2 3 7 0 
47528 590 301 82 3 329 51 4 157 929 12 5 5 4 0 
47596 605 310 81 4 324 60 2 140 859 7 2 4 6 0 
47685 574 287 79 2 298 61 3 138 847 7 2 11 6 0 
47610 633 272 88 2 286 47 4 169 866 9 2 3 9 0 
47526 628 285 65 1 340 55 2 143 935 5 3 8 4 0 
47590 602 302 79 4 353 42 6 155 840 14 3 4 5 1 
47502 658 283 84 6 336 57 2 138 910 13 4 2 5 0 
47575 598 285 91 2 307 50 3 154 900 18 3 5 9 0 
47535 612 337 88 2 326 46 2 155 873 7 3 6 8 0 
47626 604 318 78 3 329 48 6 155 815 6 3 3 6 0 
47576 610 297 79 5 323 47 5 154 882 15 1 3 3 0 
47619 557 341 65 5 328 49 5 147 865 13 0 2 4 0 
47585 605 308 77 3 304 70 5 145 867 14 0 8 9 0 
47599 617 281 89 5 332 53 1 160 838 12 4 2 7 0 
47563 647 301 69 7 296 47 5 162 881 12 2 4 4 0 
47601 618 303 78 7 330 37 2 133 858 15 4 8 6 0 
47587 596 312 86 0 302 57 5 136 897 9 4 3 6 0 
47564 610 317 73 4 291 57 3 152 904 15 1 0 9 0 
47536 603 310 74 3 319 57 6 166 909 7 0 4 6 0 
47500 645 308 87 2 322 53 2 168 894 9 2 5 3 0 
47583 650 310 67 5 323 51 3 132 848 8 7 5 8 0 
47615 583 293 72 3 317 56 6 140 881 11 7 4 12 0 
47550 654 289 90 2 331 51 8 172 830 8 2 7 6 0 
47521 627 307 69 2 345 60 5 159 883 13 2 2 5 0 
47497 660 304 90 2 329 51 4 148 880 18 5 3 9 0 
47630 587 275 72 4 308 60 0 164 878 11 1 5 5 0 
47631 593 300 86 3 350 51 5 158 797 10 1 8 7 0 
47524 618 298 78 6 353 62 3 139 896 9 4 5 5 0 
47560 595 298 86 3 319 60 4 157 897 7 2 6 6 0 
47428 636 307 96 3 335 56 6 160 949 10 2 4 8 0 
47527 607 296 91 6 337 65 3 154 901 5 3 1 4 0 
47547 604 306 78 7 334 68 2 160 868 10 4 7 5 0 
47596 575 300 93 3 331 62 2 145 871 11 4 4 3 0 
47572 638 301 73 1 308 50 1 152 877 12 2 5 8 0 
47549 664 307 76 8 318 51 3 136 872 8 2 3 3 0 
47612 594 288 74 1 347 47 7 146 866 9 3 1 5 0 
47465 635 287 82 3 371 39 3 159 933 9 3 8 3 0 
47608 582 303 85 3 317 68 3 159 850 11 2 1 8 0 
47587 590 295 75 4 336 52 5 165 867 7 4 7 6 0 
47557 610 317 83 5 297 51 5 139 903 23 2 2 6 0 
47548 646 268 87 4 337 66 5 154 855 16 2 5 7 0 
47560 637 281 77 2 319 47 3 153 901 8 3 2 7 0 
47595 607 301 91 5 313 57 1 154 850 14 1 5 6 0 
47590 612 286 87 3 342 42 5 161 844 16 3 4 5 0 
47534 625 303 78 3 312 58 0 144 912 15 2 7 7 0 
47580 600 319 83 6 309 66 2 143 869 10 1 6 6 0 
47564 614 303 79 8 305 40 2 135 926 14 2 5 3 0 
47572 606 299 74 2 316 59 4 166 881 12 1 4 4 0 
47571 616 314 85 2 326 53 4 146 853 16 3 7 4 0 
47534 673 302 75 3 294 56 4 146 892 10 5 5 1 0 
47558 615 295 74 4 325 51 2 147 908 12 4 2 3 0 
47543 641 294 89 4 319 67 4 160 858 13 1 4 3 0 
47533 632 309 80 2 330 49 4 147 890 12 1 7 4 0 
47592 623 296 86 3 329 59 3 123 863 12 4 5 2 0 
47527 631 297 75 4 345 51 4 149 882 15 3 6 11 0 
47557 590 320 83 2 317 52 4 155 895 14 1 7 3 0 
47588 582 298 64 5 336 62 5 162 871 13 5 4 5 0 
47526 613 328 72 4 345 59 3 141 889 8 0 2 10 0 
47481 653 321 81 2 348 56 4 145 888 7 6 5 2 1 
47551 628 313 77 1 348 58 5 144 856 9 3 3 4 0 
47570 623 279 65 6 326 51 3 164 892 9 2 5 5 0 
47596 589 317 81 1 324 46 2 146 871 17 1 6 3 0 
47660 607 285 64 1 297 48 1 146 866 10 4 4 7 0 
47629 594 309 68 3 320 53 1 160 831 14 4 4 10 0 
47540 610 284 82 2 325 49 8 154 919 20 1 3 3 0 
47552 608 319 79 6 295 54 1 169 891 12 3 9 2 0 
47616 614 291 76 5 344 39 5 149 840 11 3 6 1 0 
47523 626 301 65 4 343 62 6 154 894 15 1 2 4 0 
47580 604 280 68 5 314 48 4 148 911 21 3 8 6 0 
47621 612 301 94 8 314 59 2 137 831 11 3 4 3 0 
47610 591 279 76 3 355 59 4 142 857 14 2 5 3 0 
47571 597 317 87 5 319 62 5 145 865 11 3 8 5 0 
47562 637 329 66 1 331 45 3 139 870 9 1 3 4 0 
47629 612 297 77 5 335 63 2 144 819 6 0 7 4 0 
47613 600 313 79 2 294 47 3 164 862 13 3 2 5 0 
47607 610 281 82 3 307 57 6 147 874 12 3 9 2 0 
47511 650 304 83 6 338 53 3 143 879 14 4 3 8 1 
47617 611 309 72 1 303 58 3 146 863 6 1 3 7 0 
47625 573 319 86 1 303 56 2 159 854 10 1 4 7 0 
47551 589 324 84 3 339 42 4 176 866 11 2 7 2 0 
47579 586 320 81 3 331 48 3 139 884 15 5 1 5 0 
47605 616 272 70 5 356 48 2 145 858 11 3 0 9 0 
47532 631 275 81 3 321 54 4 147 930 13 1 4 4 0 
47549 649 276 80 5 337 39 6 157 875 13 4 3 7 0 
47535 622 298 93 2 364 58 0 146 864 13 1 1 3 0 
47553 647 271 78 4 331 54 3 151 882 12 3 6 5 0 
47515 644 305 82 5 321 72 4 136 895 14 1 2 4 0 
47620 622 293 83 8 301 61 0 157 830 10 1 7 7 0 
47525 595 337 75 4 341 57 7 172 868 10 1 3 5 0 
47599 632 318 81 2 316 54 2 152 825 12 2 4 1 0 
47499 622 321 88 3 329 48 2 149 912 12 2 6 7 0 
47503 651 281 82 5 339 62 0 168 878 15 2 7 7 0 
47516 643 306 68 3 331 69 3 136 899 15 5 2 4 0 
47507 605 331 93 5 335 49 1 163 885 10 5 7 4 0 
47545 638 295 89 2 302 50 3 138 917 10 2 3 6 0 
47590 606 285 86 2 332 55 3 140 869 11 3 8 10 0 
47605 618 294 79 3 331 53 3 158 837 11 0 5 3 0 
47462 643 278 113 0 299 56 8 161 950 13 2 7 8 0 
47573 662 305 78 4 300 52 2 167 830 10 4 5 7 1 
47564 578 286 78 10 315 65 4 153 923 14 1 6 3 0 
47581 600 272 73 3 337 55 3 147 911 7 1 4 6 0 
47533 616 316 74 6 307 57 1 134 928 15 1 7 5 0 
47549 648 320 76 3 332 56 3 162 834 6 0 4 6 1 
47620 582 329 77 3 296 53 3 163 855 3 5 10 1 0 
47504 670 312 70 7 332 59 3 159 866 5 4 3 6 0 
47566 614 292 76 2 342 71 6 136 867 12 3 7 6 0 
47547 619 292 90 1 326 56 3 154 880 17 3 6 6 0 
47485 678 324 68 6 301 50 2 156 910 9 2 4 5 0 
47613 604 297 69 3 333 38 3 150 853 21 6 4 6 0 
47643 571 290 65 1 357 60 3 143 841 12 7 4 3 0 
47587 635 297 89 5 332 55 3 129 851 10 1 5 1 0 
47573 613 305 67 1 332 61 3 162 849 15 3 8 8 0 
47512 654 323 91 4 300 56 4 146 895 6 0 3 6 0 
47613 584 301 79 3 306 63 6 154 871 10 2 6 2 0 
47532 632 313 71 3 322 63 7 143 900 7 2 2 3 0 
47628 570 300 87 5 353 52 6 150 827 9 5 5 3 0 
47649 584 303 84 2 292 50 5 157 850 12 6 5 1 0 
47576 601 285 82 2 341 55 1 169 861 15 1 4 7 0 
47562 636 288 74 4 333 57 3 129 887 14 1 6 6 0 
47566 651 308 73 2 306 54 7 163 845 10 3 6 6 0 
47603 605 321 74 6 338 43 3 138 841 15 2 6 5 0 
47528 622 307 87 2 289 63 3 167 911 12 2 3 4 0 
47614 602 324 60 0 317 62 3 153 845 5 2 6 7 0 
47607 609 272 88 4 300 70 2 136 877 16 5 7 7 0 
47599 585 309 73 8 334 57 2 151 854 15 1 8 4 0 
47544 620 273 82 4 360 44 4 164 883 9 3 5 5 0 
47561 640 291 88 2 338 56 4 162 831 14 4 5 4 0 
47635 593 272 88 4 305 73 1 168 839 10 3 5 4 0 
47612 576 298 83 0 309 60 1 167 870 15 1 5 3 0 
