47634 507 283 118 4 366 51 3 120 891 8 1 8 6 0 
47632 512 294 108 5 350 64 2 135 874 12 2 4 5 1 
47688 515 322 130 4 322 64 4 120 805 15 0 3 8 0 
47592 540 293 111 2 379 54 6 127 865 12 2 8 9 0 
47666 526 296 103 2 366 57 6 116 840 7 2 6 7 0 
47574 527 288 133 2 366 70 3 123 893 11 1 3 6 0 
47566 546 303 102 2 386 65 3 124 877 10 3 6 7 0 
47611 528 294 102 5 378 53 4 114 887 10 3 5 6 0 
47676 528 304 110 5 342 62 3 108 832 7 6 5 12 0 
47617 517 307 95 3 374 49 2 114 887 14 4 8 9 0 
47662 505 310 108 3 363 62 3 115 845 9 3 7 5 0 
47577 532 309 112 0 404 58 6 119 865 5 5 2 6 0 
47675 534 276 104 2 352 47 2 108 878 3 4 7 8 0 
47559 581 333 104 3 366 69 1 98 856 12 4 5 9 0 
47671 522 298 114 3 344 51 2 110 861 17 0 2 5 0 
47642 521 272 136 1 363 48 3 104 886 7 4 5 8 0 
47570 534 280 107 2 400 51 4 115 907 16 2 7 5 0 
47650 517 316 103 5 378 55 2 109 853 9 1 0 2 0 
47584 534 300 119 4 341 64 2 121 912 10 2 2 5 0 
47699 525 260 115 0 337 69 1 114 862 4 2 3 9 0 
47657 562 265 104 2 363 62 2 98 861 9 3 6 6 0 
47617 526 292 124 4 379 58 5 108 856 13 5 8 5 0 
47659 574 309 113 3 333 56 2 107 820 9 1 6 8 0 
47557 557 324 119 2 355 59 3 119 883 10 1 3 8 0 
47617 547 288 108 1 348 63 3 120 886 7 1 6 5 0 
47590 547 277 108 3 363 60 7 111 913 6 4 7 4 0 
47615 519 281 112 0 389 53 3 117 896 9 0 2 4 0 
47616 529 299 112 2 336 37 2 119 922 10 5 5 6 0 
47486 592 332 159 3 343 51 4 115 888 12 3 4 8 0 
47609 513 271 132 5 375 49 3 133 894 7 2 1 6 0 
47537 566 315 110 3 379 59 3 119 889 8 3 5 4 0 
47653 538 303 120 6 362 55 1 111 831 8 0 5 7 0 
47573 524 328 121 2 347 57 3 111 919 6 1 3 5 0 
47590 513 312 140 6 339 57 4 115 901 4 5 4 9 1 
47577 545 300 117 3 347 61 3 110 916 4 2 7 8 0 
47587 571 281 127 4 359 51 3 114 879 6 1 6 11 0 
47609 534 295 121 4 371 53 4 109 877 5 3 7 8 0 
47597 614 274 114 3 366 54 2 119 829 11 3 3 11 0 
47703 490 278 128 1 370 52 1 103 846 10 1 7 10 0 
47623 537 347 92 1 348 55 3 115 858 9 3 2 7 0 
47497 588 308 125 3 333 58 6 98 959 5 4 8 8 0 
47676 522 279 136 6 333 60 2 109 855 12 2 4 4 0 
47677 530 299 101 4 357 49 5 113 843 9 2 6 5 0 
47573 578 310 110 7 357 60 3 125 858 6 3 6 4 0 
47582 538 310 134 0 348 60 3 97 910 6 4 4 4 0 
47658 535 282 125 1 343 48 4 119 857 12 2 7 7 0 
47646 498 274 121 2 367 56 4 136 868 6 7 10 4 1 
47664 543 290 103 6 333 49 4 134 854 8 2 3 7 0 
47582 538 296 119 4 368 57 5 107 906 8 3 1 6 0 
47635 501 284 108 7 360 64 5 124 893 5 3 6 5 0 
47648 516 279 127 1 350 53 7 112 884 7 3 8 5 0 
47621 551 289 107 1 390 55 1 93 867 12 3 7 3 0 
47572 533 294 122 5 357 62 2 128 897 12 1 6 9 0 
47572 556 299 131 2 364 49 4 137 866 14 0 2 4 0 
47614 542 295 121 4 362 57 5 116 866 6 0 4 8 0 
47598 524 291 104 6 407 43 3 144 862 6 1 4 7 0 
47590 545 265 104 2 373 48 0 126 920 12 3 6 6 0 
47613 565 302 128 1 346 48 3 112 860 12 5 2 3 0 
47590 553 297 116 3 349 65 4 119 887 8 1 2 6 0 
47593 533 300 111 2 363 50 0 111 917 6 4 5 5 0 
47634 521 304 116 7 370 52 5 118 858 8 0 3 4 0 
47555 543 309 125 8 392 59 4 121 867 8 0 5 4 0 
47598 547 308 112 1 361 46 1 112 898 7 1 5 3 0 
47656 505 288 116 1 368 55 1 101 890 5 3 6 5 0 
47667 511 303 111 3 353 39 6 136 846 12 2 4 7 0 
47624 509 278 104 3 376 61 6 135 883 5 2 4 9 1 
47567 551 302 104 2 389 53 1 122 887 9 3 3 7 0 
47595 532 292 130 3 370 66 6 110 871 9 2 5 9 0 
47601 570 299 118 3 353 45 3 105 880 7 2 3 10 1 
47650 547 291 116 4 361 51 0 116 851 1 2 1 9 0 
47604 538 326 120 2 330 49 2 109 894 15 2 4 5 0 
47700 522 260 120 7 382 50 5 102 827 6 4 8 7 0 
47626 532 278 120 5 389 60 4 93 874 6 0 5 8 0 
47598 548 316 125 3 351 48 4 132 849 10 2 4 10 0 
47627 559 296 104 3 328 49 3 100 911 4 2 6 8 0 
47623 561 306 108 4 369 69 4 102 828 10 3 3 10 0 
47696 520 289 102 4 335 69 0 126 831 12 2 6 8 0 
47662 505 302 120 4 359 61 4 109 851 13 0 4 5 1 
47621 546 297 124 2 377 59 5 80 874 6 2 3 4 0 
47602 542 289 119 3 350 56 3 100 908 11 0 8 9 0 
47557 519 324 126 3 365 57 0 112 914 8 2 10 3 0 
47562 537 281 118 4 383 48 4 119 925 6 1 5 7 0 
47602 536 284 126 3 358 62 5 111 890 11 1 5 5 1 
47616 536 321 92 2 340 59 6 131 869 8 1 8 11 0 
47635 550 298 115 2 356 61 3 124 837 9 1 5 4 0 
47611 538 294 110 6 345 63 2 116 890 10 4 4 7 0 
47566 533 298 141 4 337 59 2 113 921 16 1 4 5 0 
47523 565 324 113 3 364 60 1 115 902 13 6 4 7 0 
47555 551 277 105 5 379 63 7 122 911 10 1 6 8 0 
47639 516 290 154 1 354 61 2 129 829 6 4 5 10 0 
47710 534 300 88 6 377 52 3 106 800 12 1 3 8 0 
47597 550 326 118 4 338 43 4 126 878 6 3 3 4 0 
47573 560 295 110 4 388 68 2 103 876 11 3 2 5 0 
47665 536 247 109 4 354 57 2 114 893 8 1 5 5 0 
47578 512 329 127 0 378 53 1 111 886 10 1 3 10 1 
47552 571 308 112 4 372 62 4 114 884 4 2 3 8 0 
47660 529 279 113 2 341 63 1 128 865 10 1 3 5 0 
47644 523 306 109 2 326 55 2 123 885 11 4 2 8 0 
47660 499 329 118 5 362 52 1 103 852 11 1 2 5 0 
47555 569 290 124 5 335 50 5 128 915 10 4 5 5 0 
47579 559 314 120 4 362 50 5 122 870 9 1 3 2 0 
47638 539 274 109 2 408 51 6 131 826 7 1 1 7 0 
47608 535 308 106 4 321 50 3 107 937 12 0 5 4 0 
47711 548 287 120 4 303 48 3 127 828 8 4 4 5 0 
47583 578 298 117 3 322 52 5 95 929 7 2 3 6 0 
47670 536 307 117 6 341 65 4 104 827 9 2 5 7 0 
47694 529 269 111 4 347 63 4 111 842 6 6 5 9 0 
47617 541 303 119 3 359 66 4 98 869 7 2 3 9 0 
47657 529 279 108 8 353 58 8 117 856 11 1 6 9 0 
47610 555 298 112 4 327 57 6 117 890 9 2 5 8 0 
47571 536 313 139 3 371 47 2 121 878 9 1 6 3 0 
47674 525 299 125 5 318 61 0 115 860 11 2 2 3 0 
47611 553 285 125 4 361 56 4 112 874 9 2 3 1 0 
47569 558 299 120 3 363 58 6 125 876 10 2 4 7 0 
47602 519 313 127 5 368 59 4 122 862 5 3 8 3 0 
47558 528 322 120 2 380 53 3 132 884 7 1 6 4 0 
47649 517 293 105 1 372 54 0 95 895 6 4 3 5 1 
47625 526 314 118 1 351 46 5 109 878 11 2 3 11 0 
47602 499 294 123 6 375 52 4 114 909 10 3 2 7 0 
47627 530 317 107 3 364 49 2 94 892 6 1 4 4 0 
47625 489 291 120 4 377 55 6 121 887 10 4 5 6 0 
47610 547 289 103 1 380 58 4 118 876 5 2 3 4 0 
47627 515 296 115 2 356 58 2 125 879 12 1 5 7 0 
47620 554 281 99 6 349 44 5 134 882 8 1 8 9 0 
47659 537 288 103 1 349 53 2 99 881 14 2 3 9 0 
47647 546 280 114 2 387 52 4 120 828 8 3 4 5 0 
47638 554 280 107 4 347 58 3 119 866 6 4 6 8 0 
47692 529 276 102 1 345 56 4 107 865 12 0 8 3 0 
47578 536 309 105 6 356 63 2 116 905 12 4 3 5 0 
47623 538 291 113 5 342 58 5 124 877 11 0 10 3 0 
47619 505 327 119 1 333 48 6 113 904 12 2 7 4 0 
47647 493 321 114 7 342 53 7 123 870 12 0 3 8 0 
47538 538 308 130 5 367 55 5 123 895 14 3 8 11 0 
47602 517 285 105 5 399 70 3 124 879 3 1 0 7 0 
47612 555 300 120 2 349 66 3 119 850 11 1 3 9 0 
47649 547 319 106 3 323 58 0 118 857 9 2 2 7 0 
47587 540 274 113 3 394 63 1 113 884 13 2 5 8 0 
47632 566 296 111 4 335 62 4 114 852 10 6 6 2 0 
47594 532 327 125 2 362 57 2 114 867 8 2 1 7 0 
47663 563 283 99 6 369 65 1 97 820 14 2 8 10 0 
47513 575 304 156 1 348 63 3 124 895 6 2 5 5 0 
47661 493 317 105 1 337 52 5 138 869 4 2 8 8 0 
47596 523 284 95 3 371 57 2 136 908 11 3 1 10 0 
47577 548 285 127 3 350 44 2 119 934 5 2 3 1 0 
47583 547 332 112 3 369 49 2 111 870 8 3 4 7 0 
47536 553 316 105 3 389 60 1 123 891 9 5 5 4 0 
47599 547 295 105 4 348 58 2 126 897 8 1 3 7 0 
47469 551 311 108 3 376 69 5 118 962 11 5 7 5 0 
47636 531 268 120 3 349 52 4 122 895 7 3 4 5 1 
47616 508 312 112 4 370 56 2 113 880 7 4 6 10 0 
47581 557 277 111 3 373 50 4 123 896 8 4 4 9 0 
47593 520 310 120 1 375 46 3 105 900 11 4 2 10 0 
47587 547 297 118 5 358 43 5 108 903 9 4 7 9 0 
47569 498 320 125 5 380 51 3 122 903 10 3 7 4 0 
47647 508 278 112 2 361 54 2 123 894 8 2 6 3 0 
47526 561 294 113 2 401 41 6 111 917 8 4 3 13 0 
47708 494 293 105 1 342 52 1 109 876 9 2 5 3 0 
47584 552 304 110 5 356 56 2 122 885 6 6 5 7 0 
47571 550 328 114 5 366 53 2 133 855 7 4 3 9 0 
47528 526 263 108 1 385 69 3 124 971 13 3 3 3 0 
47563 575 305 88 6 382 52 1 122 872 12 3 9 10 0 
47645 514 332 90 2 350 56 4 110 870 7 2 7 11 0 
47571 570 302 104 3 348 54 3 129 886 11 4 9 6 0 
47645 538 315 112 2 379 48 6 92 840 9 3 3 8 0 
47584 516 310 107 7 382 54 4 126 891 9 2 2 6 0 
47594 567 299 109 1 342 67 1 111 889 4 0 4 12 0 
47574 535 313 136 4 345 59 3 118 893 7 4 3 6 0 
47525 554 301 129 7 382 50 5 114 902 14 3 5 9 0 
47630 522 296 118 3 342 55 5 131 872 14 3 6 3 0 
47595 567 316 126 4 354 40 3 108 861 13 1 4 7 1 
47667 513 278 130 6 358 56 5 115 850 9 1 5 7 0 
47601 535 312 113 5 362 48 4 106 892 13 3 3 3 0 
47615 521 320 113 6 361 52 5 108 874 14 1 7 2 1 
47553 536 329 109 7 368 71 2 106 900 5 1 7 6 0 
47708 550 280 109 1 356 46 3 118 805 10 3 5 6 0 
47618 576 303 88 4 373 44 3 112 852 12 2 6 7 0 
47634 532 326 107 5 328 60 2 120 861 8 2 10 5 0 
47543 561 273 126 6 377 52 2 128 909 7 7 1 8 0 
47589 557 308 102 4 359 55 1 130 877 9 1 3 5 0 
47613 536 293 108 4 360 62 4 116 879 7 3 8 7 0 
47649 514 302 120 2 347 58 0 112 875 10 3 3 5 0 
47593 531 321 110 0 338 57 9 113 905 10 1 4 8 0 
47614 558 271 127 6 364 56 2 128 853 11 0 8 2 0 
47626 550 319 106 3 372 56 4 108 837 9 2 2 6 0 
47776 496 275 100 5 350 49 5 109 814 11 0 5 5 0 
47648 523 296 111 2 364 55 2 117 863 7 1 5 6 0 
47602 545 313 126 0 336 57 5 129 859 8 3 8 9 0 
47621 539 308 105 3 353 60 3 100 876 9 1 9 13 0 
47600 522 321 100 3 365 49 2 115 892 12 2 8 9 0 
47621 575 298 112 3 355 59 5 112 844 5 0 4 7 0 
47604 560 324 133 2 320 59 5 124 850 10 3 3 3 0 
47608 541 286 123 5 357 49 3 108 897 9 2 7 5 0 
47703 521 269 129 0 307 47 6 111 888 9 4 0 6 0 
47676 508 296 121 4 360 51 1 116 838 11 4 5 9 0 
47536 577 322 123 3 376 57 7 104 871 11 2 4 7 0 
47591 545 343 98 3 352 55 4 121 866 9 3 4 6 0 
47579 569 299 123 4 368 49 2 121 863 9 1 3 10 0 
47577 589 288 98 4 378 55 4 122 860 8 1 9 7 0 
47569 542 328 104 5 348 42 5 97 927 11 5 6 11 0 
47610 556 270 143 1 332 56 4 133 874 10 2 6 3 0 
47584 561 307 112 5 389 58 1 125 845 3 0 3 7 0 
47630 516 313 111 3 360 66 3 102 877 7 3 5 4 0 
47550 558 307 116 4 397 54 3 127 869 9 1 1 4 0 
47535 554 327 111 4 361 61 3 135 889 6 2 5 7 0 
47536 559 298 134 4 360 61 2 117 905 10 4 6 4 0 
47552 572 292 151 1 372 60 4 113 864 7 3 2 7 0 
47630 546 270 110 2 363 66 3 121 874 7 1 3 4 0 
47571 552 311 101 2 370 64 2 110 900 8 2 1 6 0 
47605 512 319 118 2 352 56 3 121 887 10 2 7 5 1 
47665 563 264 107 9 358 47 4 109 856 7 1 4 6 0 
47541 573 312 121 2 367 64 3 116 871 10 1 10 9 0 
47561 571 316 112 6 367 58 3 130 860 7 1 5 3 0 
47607 519 302 123 1 343 58 3 128 896 8 1 4 7 0 
47629 508 284 101 6 355 45 5 119 917 19 1 5 6 0 
47562 549 331 101 3 354 48 3 119 911 10 1 3 5 0 
47629 518 286 118 3 381 47 5 111 881 8 2 4 7 0 
47586 527 316 126 1 342 47 5 102 926 7 1 6 7 1 
47593 563 325 116 6 357 54 2 106 861 5 1 3 8 0 
47595 550 302 109 0 356 66 2 124 872 10 3 6 5 0 
47578 525 321 117 3 360 52 6 122 883 13 4 8 8 0 
47622 564 296 114 6 377 42 1 108 841 12 3 7 7 0 
47508 560 323 134 1 373 68 4 114 897 5 4 6 3 0 
47576 540 331 113 5 374 47 2 126 870 6 3 2 5 0 
47582 538 273 109 4 383 55 3 132 900 9 2 3 7 0 
47657 552 300 112 5 320 65 1 117 848 10 2 6 5 0 
47622 568 292 116 4 354 56 9 101 854 5 5 6 8 0 
47646 509 292 108 4 368 51 2 110 886 12 2 5 5 0 
47562 568 288 118 0 366 48 7 134 892 6 3 5 3 0 
47671 563 283 110 3 364 62 3 126 790 10 4 6 5 0 
47610 517 280 113 3 334 67 6 120 930 9 2 5 4 0 
47567 577 314 104 5 322 56 2 122 913 7 1 3 6 1 
47617 538 304 104 4 372 56 6 112 868 4 2 8 5 0 
47629 520 308 115 3 375 59 1 108 866 7 2 2 5 0 
47657 534 296 105 2 357 44 4 117 860 8 5 4 7 0 
47630 554 292 108 1 348 58 3 124 861 5 3 8 5 0 
47668 513 322 103 1 357 41 1 105 865 10 2 6 6 0 
47609 545 294 114 4 338 67 4 94 911 3 4 4 8 1 
47552 548 322 122 2 350 42 5 123 909 12 2 7 4 0 
47653 532 290 110 4 355 48 4 131 855 8 1 2 7 0 
47632 586 280 83 2 360 55 1 109 868 11 2 5 6 0 
47649 519 307 110 1 364 47 4 122 852 11 2 7 5 0 
47633 535 286 121 5 345 52 2 118 884 10 0 3 6 0 
47658 525 330 124 6 321 43 0 107 858 10 3 6 9 0 
47575 541 303 105 0 358 51 4 123 915 11 2 7 5 0 
47610 550 295 116 4 363 61 1 120 857 7 2 8 6 0 
47529 557 330 96 5 365 52 2 132 910 9 0 7 6 0 
47635 535 307 127 4 347 47 3 95 874 14 1 2 9 0 
47533 602 319 120 3 383 51 1 120 843 7 1 6 11 0 
47650 546 280 109 4 381 62 5 120 822 9 2 1 9 0 
47628 517 324 110 7 359 67 1 120 847 9 3 3 5 0 
47624 534 286 111 6 377 53 7 116 863 10 2 2 9 0 
47548 568 314 114 2 361 42 4 95 927 11 5 6 3 0 
47627 564 292 105 1 345 49 6 115 877 6 1 3 9 0 
47673 489 315 123 4 359 55 1 104 850 13 2 7 5 0 
47664 527 307 114 8 359 65 4 108 820 9 1 4 10 0 
47587 552 295 109 5 363 53 2 99 913 10 1 4 7 0 
47600 545 314 107 4 358 54 3 129 863 12 2 4 5 0 
47576 580 316 104 2 341 59 1 106 890 4 8 8 5 0 
47649 531 300 124 3 363 55 6 108 841 10 1 2 7 0 
47575 537 320 132 4 371 64 3 122 845 14 3 6 4 0 
47645 524 297 113 2 347 65 2 119 861 10 1 5 9 0 
47694 521 254 119 8 350 53 3 126 852 10 4 2 4 0 
47675 532 321 96 3 317 56 4 108 865 11 2 6 4 0 
47550 548 310 139 4 386 46 0 112 879 13 1 5 7 0 
47518 580 303 130 4 341 40 1 112 949 10 2 6 4 0 
47580 562 289 121 4 364 47 2 134 877 9 3 3 5 0 
47533 521 323 121 4 394 57 2 120 896 12 1 8 8 0 
47677 549 278 111 3 374 48 3 104 834 8 2 5 4 0 
47609 552 299 110 7 322 56 1 122 901 9 1 5 6 0 
47639 551 278 93 2 400 57 2 102 855 8 2 4 7 0 
47647 508 293 111 5 334 56 2 101 910 12 2 9 10 0 
47644 542 286 105 6 347 44 6 137 867 7 3 2 4 0 
47642 508 288 116 1 333 57 2 144 882 10 2 6 9 0 
47544 540 286 132 3 364 56 2 126 920 8 1 10 8 0 
47664 538 274 102 6 380 52 2 96 872 2 1 6 5 0 
47561 553 278 110 5 359 49 3 138 923 5 2 7 7 0 
47522 594 288 112 1 401 58 4 115 882 6 5 6 6 0 
47643 520 307 94 1 387 54 2 119 855 10 2 4 2 0 
47652 539 296 110 1 358 47 1 118 859 3 4 3 9 0 
47572 536 303 114 5 343 61 3 122 907 9 2 9 14 0 
47722 508 288 131 6 364 55 3 93 804 13 3 4 6 0 
47637 529 310 106 2 360 53 4 106 869 11 1 5 7 0 
47557 581 303 114 4 371 60 4 114 865 7 1 8 11 0 
47589 511 298 121 2 381 54 2 115 900 16 3 3 4 1 
47625 573 314 116 3 340 56 5 111 837 10 1 3 6 0 
47669 505 308 112 1 366 62 4 107 840 11 0 4 11 0 
47534 533 299 119 3 374 54 4 125 940 7 1 3 4 0 
47600 537 294 106 4 342 47 4 125 912 13 4 5 7 0 
47619 525 281 108 2 347 49 6 107 939 6 4 6 1 0 
47589 542 293 132 2 388 59 1 112 863 8 2 5 4 0 
47582 545 328 114 5 336 67 2 115 884 10 3 4 5 0 
47627 521 325 121 1 348 47 3 124 864 9 0 4 5 1 
47664 552 298 115 8 345 51 2 111 835 7 1 6 5 0 
47634 539 312 94 4 345 56 4 122 863 12 2 5 8 0 
47660 530 303 113 1 345 48 0 127 839 17 2 4 11 0 
47508 538 326 111 3 373 60 1 125 935 7 3 5 5 0 
47636 501 300 113 5 359 79 3 118 856 12 4 5 9 0 
47592 545 309 130 5 345 55 5 128 862 9 0 8 7 0 
47475 578 330 129 1 346 53 3 131 939 7 1 1 6 0 
47668 530 288 104 6 338 64 2 127 843 11 0 7 11 1 
47551 547 327 139 5 361 54 2 118 871 10 2 8 5 0 
47600 534 314 104 2 360 65 3 103 893 10 3 2 7 0 
47662 538 312 119 3 343 71 3 112 824 2 1 3 7 0 
47626 521 323 112 3 370 48 5 107 868 11 2 1 3 0 
47609 544 293 121 3 352 63 3 105 882 12 1 6 6 0 
47510 557 331 106 1 369 47 4 112 939 9 4 5 6 0 
47609 514 297 107 3 375 57 6 113 888 10 5 7 9 0 
47629 575 299 109 8 353 51 5 110 830 14 5 9 3 0 
47582 590 296 95 4 353 51 3 141 861 13 0 6 5 0 
47567 553 319 122 4 369 69 3 97 879 9 2 4 3 0 
47549 555 281 129 0 378 64 4 112 902 9 4 6 7 0 
47647 546 288 128 3 348 53 7 119 839 9 1 6 6 0 
47594 566 308 98 3 353 58 3 124 877 6 2 6 2 0 
47596 546 315 108 2 329 52 3 116 913 10 2 5 3 0 
47553 576 327 120 4 358 58 5 99 872 13 1 6 8 0 
47561 515 293 113 3 413 66 3 115 894 7 2 3 12 0 
47512 569 318 99 5 335 59 2 134 953 6 1 3 4 0 
47601 519 307 98 5 411 61 2 111 865 6 2 5 7 0 
47608 537 299 112 3 369 58 4 124 866 6 2 5 7 0 
47551 563 285 127 3 345 61 4 106 936 9 2 2 6 0 
47534 563 318 113 3 342 60 5 138 906 8 3 3 4 0 
47647 516 273 98 5 356 62 3 99 918 11 1 4 7 0 
47635 557 293 113 4 338 45 4 108 885 7 0 6 5 0 
47660 548 302 102 5 336 76 2 129 817 11 3 4 5 0 
47573 564 310 108 3 348 62 3 101 906 10 5 0 7 0 
47647 524 312 120 2 348 64 2 116 846 6 2 4 7 0 
47500 533 316 142 4 414 64 4 146 850 13 2 2 10 0 
47551 565 318 132 3 346 55 4 116 883 11 2 2 11 1 
47655 532 312 107 3 360 49 3 111 850 5 5 4 4 0 
47657 545 312 118 5 345 40 2 123 830 9 4 4 6 0 
47667 517 277 120 1 367 54 6 112 857 11 3 2 6 0 
47669 484 299 111 4 380 48 5 98 886 5 6 1 4 0 
47498 579 327 131 3 356 66 1 102 912 9 2 4 10 0 
47615 551 296 127 3 382 54 4 97 843 9 4 7 8 0 
47560 577 332 111 2 380 62 1 106 842 17 1 4 5 0 
47631 537 289 117 7 366 50 1 107 868 9 3 6 9 0 
47559 568 317 101 7 348 60 9 107 895 9 3 10 7 0 
47621 575 274 111 4 384 59 4 116 820 13 1 10 8 0 
47638 563 302 125 2 356 55 7 115 815 10 2 4 6 0 
47605 531 301 112 4 355 62 5 118 879 17 3 3 5 0 
47573 567 274 110 2 377 44 6 120 908 8 4 1 6 0 
47683 524 293 109 3 345 44 2 129 840 12 4 7 5 0 
47653 551 326 111 4 331 63 2 104 831 9 4 7 4 0 
47623 522 296 110 3 381 55 4 109 866 11 2 6 12 0 
47604 557 285 120 4 365 65 5 107 859 8 3 8 9 1 
47683 547 260 126 3 342 50 2 108 864 6 1 3 5 0 
47581 498 312 111 2 375 76 1 121 906 6 2 2 7 0 
47614 478 312 113 3 374 56 2 131 882 15 4 3 13 0 
47570 552 303 107 3 369 53 3 115 901 11 2 8 3 0 
47583 559 281 125 2 369 52 3 113 886 12 4 8 3 0 
47588 532 337 116 2 363 50 3 102 889 6 3 5 4 0 
47675 527 301 124 5 330 64 2 123 827 12 2 4 4 0 
47658 504 302 118 3 358 48 2 119 864 13 3 0 8 0 
47590 520 317 111 3 377 57 3 129 867 12 2 6 6 0 
47608 525 307 117 0 341 74 6 117 872 14 1 6 12 0 
47656 544 289 115 0 358 63 3 114 840 8 2 2 6 0 
47615 527 314 122 5 355 65 4 120 848 8 4 6 7 0 
47670 534 297 124 2 342 60 1 122 830 8 1 3 6 0 
47679 557 289 89 4 337 56 5 115 848 6 1 2 12 0 
47606 570 307 109 3 345 54 4 135 845 9 1 6 6 0 
47700 520 278 97 3 364 57 2 101 854 10 0 8 6 0 
47621 533 313 110 1 363 53 3 98 884 7 4 4 6 0 
47649 537 299 120 1 346 56 3 107 858 12 2 5 5 0 
47564 524 320 129 3 359 46 6 115 909 10 3 5 7 0 
47622 516 271 120 3 375 58 5 129 885 3 2 5 6 0 
47567 568 308 115 3 370 52 2 117 878 9 0 6 5 0 
47604 538 291 105 6 363 57 1 109 906 9 0 5 6 0 
47589 566 300 100 4 384 58 0 119 856 12 2 5 5 0 
47578 533 297 131 2 341 53 3 124 909 14 4 5 6 0 
47661 522 307 123 1 346 57 3 106 849 8 2 8 7 0 
47641 545 307 112 2 354 47 3 106 852 14 5 5 7 0 
47616 565 285 111 4 379 60 1 119 828 9 2 8 13 0 
47630 543 293 120 5 340 68 4 127 843 13 3 7 4 0 
47613 551 291 122 3 401 66 3 103 823 13 3 3 5 0 
47714 488 313 117 2 358 50 1 120 809 9 3 6 10 0 
47596 539 308 124 5 372 45 2 112 868 12 2 4 11 0 
47616 582 294 123 6 315 57 3 112 858 11 6 8 9 0 
47634 520 315 112 1 376 55 3 129 838 7 2 2 6 0 
47625 490 296 117 3 358 62 4 121 897 10 1 7 9 0 
47547 523 304 109 4 392 58 6 139 895 8 3 5 6 1 
47555 531 291 129 3 388 53 1 122 901 13 3 3 7 0 
47619 554 319 126 3 338 63 6 113 835 11 2 4 7 0 
47609 528 304 114 2 376 54 3 129 868 6 0 2 5 0 
47595 537 311 118 2 345 53 3 114 891 13 4 5 9 0 
47611 553 280 102 1 359 64 3 128 876 3 3 6 11 0 
47568 546 316 97 4 360 46 1 130 909 8 2 7 6 0 
47681 538 295 109 2 336 48 1 122 841 11 3 3 10 0 
47627 482 319 124 3 348 58 2 121 896 9 2 4 5 0 
47616 500 311 109 3 342 63 4 115 919 9 1 0 8 0 
47657 537 298 116 4 377 49 3 122 817 8 2 4 6 0 
47631 512 298 113 2 360 54 5 118 892 6 2 3 4 0 
47658 488 288 110 3 368 54 2 125 882 6 2 6 8 0 
47736 502 289 98 4 383 47 5 118 798 8 1 5 6 0 
47641 555 240 115 5 374 47 1 118 877 10 5 9 3 0 
47624 535 306 111 3 382 48 2 99 857 20 5 3 5 0 
47545 553 313 127 0 390 62 4 114 863 9 2 5 13 0 
47577 571 304 123 3 402 42 4 110 847 9 3 1 4 0 
47627 538 278 122 3 363 58 3 105 886 10 2 2 3 0 
47585 545 310 111 2 391 50 2 123 851 10 0 6 14 0 
47588 527 312 114 1 354 66 4 133 883 2 5 4 7 0 
47634 550 303 126 3 384 47 3 107 819 9 3 7 5 0 
47630 537 311 114 4 329 69 3 104 879 10 3 3 4 0 
47749 508 299 109 3 322 47 2 95 847 7 0 6 6 0 
47625 523 291 105 3 357 45 9 115 894 11 2 12 8 0 
47603 556 263 101 1 350 46 1 102 954 10 0 7 6 0 
47608 560 308 93 3 345 67 3 108 876 10 4 5 10 0 
47655 499 328 110 3 352 54 3 124 859 6 1 2 4 0 
47559 570 327 89 1 365 64 2 128 868 11 4 7 5 0 
47568 545 279 109 3 399 45 4 130 893 11 3 3 8 0 
47617 529 331 95 4 353 50 1 117 875 11 9 3 5 0 
47645 557 302 112 4 330 59 4 103 862 11 3 3 5 0 
47644 537 313 114 2 370 51 4 115 828 11 3 1 7 0 
47584 522 301 110 3 372 44 1 131 902 11 6 5 8 0 
47609 567 321 103 4 347 47 2 117 866 5 2 2 8 0 
47689 510 316 106 1 353 66 2 99 841 8 3 4 2 0 
47582 557 277 113 1 378 55 6 124 882 9 2 9 5 0 
47636 499 273 110 4 383 55 4 129 882 10 3 5 7 0 
47629 483 320 111 4 335 57 7 127 902 9 1 9 6 0 
47629 479 288 114 5 356 59 3 100 949 7 1 5 5 0 
47591 529 291 125 4 371 52 5 126 876 11 3 8 8 0 
47575 558 312 107 4 338 55 2 116 907 13 0 6 7 0 
47579 540 295 109 4 376 52 1 112 913 8 0 7 4 0 
47581 567 307 124 5 364 51 3 105 876 6 0 6 5 0 
47665 511 308 104 2 317 55 4 104 917 5 2 3 3 0 
47621 515 309 119 2 310 50 2 120 930 6 2 7 7 0 
47624 535 286 107 1 345 47 6 124 897 11 4 8 5 0 
47554 538 329 135 3 357 53 5 106 897 9 5 4 5 0 
47624 570 310 107 2 346 40 1 118 855 11 2 6 8 0 
47552 593 307 119 3 330 56 7 123 887 10 3 4 6 0 
47643 521 347 99 1 358 48 2 113 848 8 1 7 4 0 
47627 530 295 122 1 353 49 2 100 899 10 5 2 5 0 
47601 530 308 125 5 354 54 3 119 878 8 6 3 6 0 
47674 491 309 111 3 351 59 2 110 870 7 2 5 5 1 
47613 548 280 133 1 354 45 3 127 876 5 3 4 8 0 
47608 560 330 105 3 353 54 4 115 848 12 0 4 4 0 
47750 488 274 122 4 333 58 5 126 825 9 4 2 0 0 
47636 525 312 111 8 349 64 1 100 871 11 2 2 8 0 
47565 528 335 109 3 369 53 4 92 925 8 1 6 2 0 
47662 549 257 109 4 370 64 7 106 852 7 2 7 4 0 
47627 531 287 108 7 368 45 4 119 873 8 5 7 11 0 
47613 556 288 105 3 343 55 2 123 894 7 1 3 7 0 
47618 522 326 112 4 384 45 0 128 838 8 4 5 6 0 
47640 552 287 121 5 364 47 2 108 854 13 0 5 2 0 
47595 544 306 126 3 371 62 6 116 851 10 3 1 6 0 
47534 568 344 101 3 384 65 1 107 872 6 4 4 7 0 
47620 551 278 121 3 369 49 2 109 874 12 2 4 6 0 
47432 574 306 113 5 400 57 4 130 956 9 2 4 8 0 
47582 548 304 118 3 364 62 4 89 899 5 3 8 11 0 
47635 503 311 121 1 361 69 3 103 874 9 3 1 5 1 
47579 547 309 118 4 364 53 6 137 855 11 5 6 6 0 
47680 505 318 109 3 364 41 3 122 827 13 4 5 6 0 
47701 495 293 115 2 359 53 2 92 860 9 6 5 8 0 
47713 515 293 103 7 349 46 4 114 835 13 0 2 6 0 
47615 518 298 120 3 356 64 3 124 877 10 5 2 5 0 
47618 529 306 106 2 367 61 1 116 873 8 3 4 6 0 
47611 573 289 105 2 337 52 0 93 906 17 4 6 5 0 
47557 547 365 123 4 342 55 3 104 874 13 0 5 7 1 
47653 551 295 107 2 364 59 0 112 828 9 3 5 12 0 
47605 550 312 108 4 368 58 2 95 875 15 1 3 4 0 
47607 536 321 109 3 342 47 6 113 894 10 3 3 6 0 
47626 521 324 90 3 350 52 4 118 894 8 4 3 3 0 
47630 577 298 109 5 362 45 1 123 828 11 2 2 7 0 
47672 495 296 110 4 354 54 2 118 870 14 2 4 5 0 
47655 493 278 99 3 383 53 2 112 895 9 2 3 13 0 
47688 531 291 99 4 357 56 6 109 835 12 3 3 6 0 
47690 554 281 98 3 345 50 9 109 838 10 3 4 6 0 
47623 529 302 131 3 351 44 2 102 895 3 2 5 8 0 
47568 514 293 113 6 397 65 2 116 902 5 5 7 7 0 
47695 506 292 111 3 368 65 5 92 845 5 2 6 5 0 
47620 521 279 111 0 383 58 1 108 897 12 1 3 6 0 
47733 499 305 102 1 361 58 1 111 806 8 1 8 6 0 
47677 560 285 84 3 349 51 0 119 847 10 1 3 11 0 
47710 513 266 126 3 380 45 2 106 827 8 1 7 6 0 
47601 540 309 103 3 357 58 4 101 897 9 3 1 14 0 
47637 530 292 98 5 360 54 2 126 883 5 2 4 2 0 
47704 501 277 116 3 368 50 3 94 868 3 3 4 6 0 
47640 550 294 110 5 368 57 2 111 843 9 5 4 2 0 
47599 540 319 118 0 333 58 0 100 910 11 0 3 9 0 
47707 504 301 91 6 333 64 2 114 862 7 1 4 4 0 
47788 517 279 114 0 314 57 1 114 791 9 1 5 10 0 
47596 537 294 139 3 348 60 5 107 893 7 4 5 2 0 
47597 535 294 99 4 380 64 3 101 898 9 3 6 6 1 
47594 542 316 88 0 364 59 5 116 882 11 5 8 10 0 
47552 545 316 130 6 341 43 3 142 904 10 1 2 5 0 
47673 519 284 102 2 357 60 3 110 867 8 4 5 6 0 
47603 571 290 135 3 363 61 4 121 816 13 4 10 6 0 
47474 537 337 105 2 380 68 5 118 936 15 6 8 9 0 
47612 555 291 110 4 357 64 4 131 848 11 3 5 5 0 
47635 536 308 107 5 359 51 4 119 863 5 0 1 7 0 
47530 549 281 124 7 364 43 1 98 977 8 4 6 8 0 
47609 532 304 106 3 371 57 2 121 873 9 2 6 5 0 
47624 556 275 104 3 348 68 5 108 880 9 4 5 11 0 
47606 546 269 111 2 351 70 2 131 888 10 1 5 8 0 
47609 552 270 117 3 369 59 3 121 869 7 2 8 10 1 
47535 539 309 118 1 359 55 4 137 916 15 4 3 5 0 
47577 530 318 113 1 374 60 4 111 882 12 2 5 10 1 
47602 537 330 112 4 368 52 3 124 853 4 0 6 5 0 
47570 529 308 109 4 366 55 4 127 904 9 4 5 6 0 
47616 520 283 120 3 338 55 4 126 913 8 3 4 7 0 
47652 512 290 129 1 365 55 3 120 844 12 4 4 9 0 
