47571 636 306 55 2 296 53 5 161 893 10 2 7 3 0 
47637 612 287 63 3 346 41 1 165 827 10 3 2 3 0 
47473 659 323 80 4 314 52 2 175 899 12 0 5 2 0 
47509 642 331 70 7 283 62 3 164 905 12 3 4 5 0 
47595 637 289 75 2 308 59 2 180 838 8 2 3 2 0 
47490 686 275 74 6 320 58 3 163 901 6 2 5 11 0 
47486 669 306 68 6 304 45 3 172 910 14 7 8 2 0 
47571 603 283 72 2 320 61 1 165 896 10 2 6 8 0 
47538 610 307 82 2 337 56 3 167 874 12 1 7 4 0 
47531 630 268 65 5 338 51 6 182 904 9 2 7 2 0 
47588 634 306 74 2 299 43 4 154 871 15 2 7 1 0 
47567 614 313 78 6 319 49 2 183 841 18 2 2 6 0 
47492 636 341 80 4 286 57 7 175 893 14 2 2 11 0 
47508 637 322 75 3 330 63 6 161 874 12 1 2 6 0 
47539 650 298 80 1 292 53 8 141 911 13 3 9 2 0 
47582 639 314 76 7 281 50 8 158 871 5 0 2 7 0 
47596 642 308 65 3 303 40 1 172 850 8 0 3 9 0 
47571 625 280 67 2 298 55 7 159 912 11 5 4 4 0 
47532 647 281 77 5 328 51 5 175 870 16 3 4 6 0 
47582 615 295 68 2 310 56 4 169 874 13 2 4 6 0 
47585 611 309 74 4 297 51 3 177 864 8 4 7 6 0 
47522 694 271 68 1 320 48 3 168 888 6 4 1 6 0 
47586 649 297 70 2 323 56 4 152 832 12 6 3 8 0 
47606 624 272 64 5 312 56 3 160 880 8 3 4 3 0 
47629 603 287 69 4 310 54 3 191 824 14 2 4 6 0 
47516 623 288 70 5 349 65 5 163 884 17 5 5 5 0 
47570 575 313 60 3 345 48 1 142 921 10 3 5 3 1 
47582 669 267 66 4 296 53 2 178 858 13 3 7 2 0 
47550 625 303 82 2 305 50 0 144 911 12 6 5 5 0 
47577 650 335 68 4 318 56 4 148 813 15 3 5 4 0 
47609 657 276 58 7 293 54 5 138 877 15 2 4 5 0 
47529 650 287 57 3 336 61 2 160 895 6 1 4 9 0 
47546 637 317 71 7 310 45 6 176 862 11 0 4 8 0 
47507 643 318 78 6 316 63 6 170 865 12 2 8 6 0 
47582 635 311 76 2 305 61 4 141 865 7 2 4 5 0 
47515 645 309 70 1 325 53 2 158 902 8 5 3 4 0 
47604 638 312 64 2 326 70 3 172 784 10 3 7 5 0 
47512 638 295 70 4 309 67 3 169 917 10 2 2 2 0 
47602 585 310 75 3 311 60 9 167 856 12 0 3 7 0 
47623 638 295 56 4 320 43 6 160 827 16 4 4 4 0 
47563 614 297 54 4 302 57 6 163 922 10 0 4 4 0 
47564 641 294 67 3 325 54 1 158 870 13 2 2 6 0 
47578 608 310 73 4 320 61 3 163 861 11 0 7 1 0 
47630 622 279 65 4 306 44 4 170 859 8 0 7 2 0 
47551 638 285 66 1 318 60 1 171 884 9 3 4 9 0 
47599 616 290 56 2 335 59 3 183 831 13 3 7 3 0 
47570 606 314 55 4 320 55 5 158 893 13 0 3 4 0 
47564 640 328 65 4 326 46 3 156 847 11 3 5 2 0 
47563 674 291 77 5 307 50 3 164 850 11 0 3 2 0 
47606 630 296 60 5 286 79 4 178 841 7 1 5 2 0 
47517 656 286 74 6 309 55 6 166 899 7 4 8 7 0 
47595 612 318 66 4 298 57 0 165 866 7 1 6 5 0 
47558 651 314 61 6 307 58 4 168 845 14 2 6 6 0 
47506 667 339 63 4 330 59 4 146 857 14 3 2 6 0 
47521 636 283 74 6 331 53 2 157 910 10 3 7 7 0 
47552 639 298 66 1 331 61 2 158 865 14 2 4 7 0 
47582 659 299 60 6 307 56 3 145 852 13 5 5 8 0 
47533 621 308 63 2 314 64 6 176 892 11 1 3 6 0 
47546 663 312 54 5 317 51 6 177 845 13 3 5 3 0 
47541 664 298 66 2 309 49 1 170 881 11 2 2 4 0 
47517 635 291 77 1 314 62 2 153 924 13 1 4 6 0 
47547 594 316 73 3 329 55 5 164 890 12 2 7 3 0 
47560 588 288 69 5 300 72 1 157 942 14 1 1 2 0 
47575 645 277 68 5 325 66 6 137 867 11 2 8 8 0 
47554 643 287 65 1 337 50 7 146 891 9 2 4 3 1 
47601 640 300 63 5 325 64 0 169 812 10 2 2 7 0 
47531 642 302 77 3 329 61 5 143 884 8 2 5 8 0 
47579 611 288 54 0 317 62 5 150 913 12 1 2 6 0 
47560 662 295 45 3 321 45 5 162 876 15 1 4 6 0 
47547 628 289 66 5 325 45 2 175 899 13 1 4 1 0 
47557 619 292 61 4 295 80 3 164 895 9 6 8 7 0 
47478 632 335 62 2 332 68 5 143 925 5 2 5 6 0 
47588 665 296 60 3 296 45 5 178 840 8 2 6 8 0 
47566 670 300 71 1 306 44 5 159 855 12 2 7 2 0 
47513 685 286 63 4 316 59 5 173 875 10 1 5 5 0 
47551 636 304 66 2 336 61 2 151 864 15 1 4 7 0 
47470 683 323 71 3 326 47 0 160 900 8 0 2 7 0 
47619 639 298 62 3 291 42 3 163 866 4 0 6 4 0 
47594 607 321 60 5 301 51 5 165 868 14 2 3 3 1 
47531 630 325 77 4 303 59 4 175 871 9 1 4 7 0 
47607 635 318 69 4 313 47 6 154 822 12 6 3 4 0 
47563 621 310 61 2 310 53 7 161 891 7 1 7 6 0 
47619 618 266 66 0 322 53 2 171 863 8 3 4 5 0 
47573 591 284 61 3 318 64 7 161 917 10 0 4 7 0 
47542 638 324 67 2 346 53 6 151 840 11 5 5 10 0 
47650 613 308 71 2 287 61 2 164 821 8 2 4 7 0 
47584 648 297 51 5 282 44 7 170 890 11 0 7 4 0 
47589 628 277 83 1 322 69 5 159 842 7 5 8 5 0 
47481 660 275 72 2 312 51 3 184 931 13 3 7 6 0 
47630 659 269 61 2 300 67 1 156 836 10 1 5 3 0 
47538 628 307 76 4 294 63 4 155 911 12 2 5 1 0 
47552 641 309 62 3 292 60 3 156 894 17 0 7 4 0 
47608 650 279 73 1 315 55 3 153 841 12 2 4 4 0 
47541 660 293 61 5 351 59 6 152 849 7 3 7 5 1 
47551 696 286 73 2 293 59 6 156 849 16 1 5 7 0 
47551 662 306 61 4 310 63 2 153 866 14 0 6 2 0 
47557 675 296 65 3 303 65 5 149 848 18 3 9 4 0 
47486 643 304 65 2 301 59 1 177 932 15 4 6 5 0 
47581 642 290 66 5 309 51 4 160 866 13 1 3 9 0 
47570 634 289 58 4 304 61 4 175 881 13 2 2 3 0 
47540 628 301 62 5 292 66 1 168 912 12 5 4 4 0 
47582 640 296 57 5 325 53 1 150 862 11 6 5 7 0 
47540 628 285 73 2 325 51 2 184 879 17 4 6 4 0 
47580 625 322 73 1 306 60 1 149 865 9 2 2 5 0 
47554 648 299 72 3 310 63 3 169 848 12 2 12 5 0 
47541 644 303 63 4 317 45 6 184 864 18 3 2 6 0 
47584 643 289 62 5 312 55 5 159 866 10 4 4 2 0 
47651 622 304 66 2 291 45 2 156 842 12 1 5 1 0 
47532 643 324 72 5 301 60 1 161 874 15 3 3 6 0 
47564 608 305 78 3 304 66 2 186 860 10 2 8 4 0 
47525 680 278 88 5 300 58 5 168 867 13 0 7 6 0 
47567 655 290 81 2 331 46 5 148 856 10 1 5 3 0 
47549 671 311 76 1 305 59 3 194 815 7 1 5 3 0 
47613 653 280 78 3 299 45 3 156 856 9 1 3 1 0 
47495 679 320 51 5 304 57 2 146 919 14 2 5 1 0 
47679 602 285 69 5 289 69 4 163 815 10 3 5 1 1 
47602 620 292 52 2 320 63 7 170 852 7 4 7 2 0 
47525 663 304 64 2 302 62 4 164 886 12 3 2 7 0 
47552 670 302 64 0 308 54 4 160 868 9 3 4 2 0 
47613 610 295 77 5 297 63 8 143 860 17 1 5 6 0 
47662 602 282 65 3 307 45 4 153 856 10 2 2 7 0 
47598 632 283 66 5 318 63 4 170 839 13 3 3 3 0 
47426 668 319 80 1 341 58 3 160 921 12 1 5 5 0 
47606 615 299 64 5 317 66 3 166 838 13 2 5 1 0 
47493 646 280 61 1 317 58 8 166 945 14 5 2 4 0 
47689 643 305 61 3 307 51 4 130 790 8 1 4 4 0 
47532 617 318 71 2 317 60 5 182 872 14 0 4 6 0 
47587 624 298 70 1 323 55 1 166 856 6 2 7 4 0 
47573 607 301 69 3 303 66 3 152 887 16 4 8 8 0 
47664 605 318 72 1 268 52 3 141 852 13 2 2 7 0 
47612 631 290 64 4 329 52 4 161 821 19 3 7 3 0 
47532 670 291 76 2 321 44 1 148 898 4 0 4 9 0 
47608 581 286 63 5 295 57 3 155 921 14 1 7 4 0 
47541 626 278 55 4 323 63 2 185 900 13 1 3 6 0 
47537 632 318 70 5 333 49 4 157 875 10 2 4 4 0 
47563 610 317 67 2 291 51 3 180 892 12 5 0 7 0 
47612 590 298 80 4 289 56 1 185 853 12 4 10 6 0 
47567 637 310 60 6 308 62 5 153 869 13 2 3 5 0 
47557 653 280 64 2 298 62 5 189 863 14 4 3 6 0 
47552 631 314 72 4 312 56 5 161 870 10 2 7 4 0 
47466 689 283 68 5 312 61 5 181 907 11 1 5 6 0 
47605 632 310 69 2 323 49 4 163 821 12 2 4 4 0 
47631 630 288 62 2 277 47 4 157 881 14 0 5 2 0 
47578 641 292 56 4 323 64 3 161 860 7 3 4 4 0 
47524 642 297 89 8 302 55 4 167 887 9 5 6 5 0 
47430 653 333 67 1 301 65 7 166 953 16 3 1 4 0 
47557 668 285 56 4 312 53 2 160 881 10 2 5 5 0 
47546 627 309 74 5 328 56 4 172 852 16 3 5 3 0 
47503 664 298 71 4 299 66 4 162 908 8 3 5 5 0 
47537 634 279 45 1 313 50 2 189 929 11 2 4 4 0 
47559 631 281 65 3 301 52 5 157 918 10 6 5 7 0 
47584 607 268 73 4 329 53 3 163 892 11 2 4 7 0 
47493 623 336 77 1 328 48 4 170 888 13 6 9 4 0 
47559 625 282 81 5 327 47 3 153 894 10 1 7 6 0 
47597 631 264 75 6 330 54 1 151 862 10 7 8 4 0 
47582 589 306 75 4 307 61 5 156 889 10 3 7 6 0 
47547 652 311 66 4 318 52 5 153 860 16 4 6 6 0 
47619 631 316 61 5 297 60 5 151 831 13 0 5 6 0 
47513 641 297 72 0 315 56 3 153 935 9 1 2 3 0 
47625 616 281 68 6 302 58 1 170 864 5 3 0 1 0 
47536 668 293 55 3 305 57 3 167 893 9 4 4 3 0 
47528 644 293 67 5 328 52 3 145 909 11 5 3 7 0 
47540 673 276 71 2 293 52 6 160 903 11 4 4 5 0 
47560 584 334 65 3 328 44 2 176 884 7 4 2 7 0 
47624 620 284 71 2 320 49 5 163 834 12 3 5 8 0 
47523 680 316 78 3 308 42 3 170 857 9 3 3 4 1 
47608 607 303 66 8 325 49 7 172 836 10 3 3 3 0 
47580 641 312 75 6 309 67 5 145 843 5 4 3 5 0 
47494 661 291 72 5 342 68 5 153 880 13 4 5 7 0 
47523 672 310 74 4 298 57 6 161 868 11 5 5 6 0 
47488 652 316 72 3 337 50 3 163 886 19 1 6 4 0 
47539 626 316 66 3 323 57 4 173 873 11 1 5 3 0 
47469 657 285 75 5 319 62 3 163 936 13 2 5 6 0 
47541 622 303 73 5 321 47 6 175 879 16 2 6 4 0 
47583 644 311 75 3 313 63 1 171 814 8 3 4 7 0 
47615 651 305 59 2 306 47 3 147 841 11 3 6 4 0 
47560 609 319 66 4 310 58 6 168 870 14 6 4 6 0 
47537 630 314 61 4 311 61 5 182 873 12 1 5 4 0 
47538 669 273 77 4 302 64 4 176 869 7 5 6 6 0 
47604 583 311 64 3 297 55 3 153 902 11 1 6 7 0 
47623 619 280 59 6 309 53 4 171 850 20 0 4 2 0 
47548 649 308 61 4 326 51 3 157 863 17 2 5 6 0 
47581 650 280 64 2 294 53 2 172 875 14 1 6 6 0 
47534 598 310 64 2 348 48 2 166 909 5 1 7 6 0 
47588 638 301 80 6 291 47 5 148 883 5 1 2 5 0 
47574 642 291 68 3 320 46 3 174 857 10 4 3 5 0 
47583 657 303 65 1 303 48 2 146 871 17 2 2 0 0 
47550 644 297 81 4 307 55 3 168 864 13 3 5 6 0 
47563 654 274 54 2 325 54 0 144 906 9 3 4 8 0 
47579 612 304 74 4 292 59 8 160 890 8 2 5 3 0 
47604 648 305 70 1 307 58 2 138 841 14 3 4 5 0 
47496 644 314 79 3 333 51 2 165 891 10 2 4 6 0 
47572 631 282 61 3 325 48 2 152 906 13 1 3 1 0 
47654 618 276 55 2 286 61 6 159 863 7 2 6 5 0 
47529 672 313 66 5 298 57 4 163 861 17 4 3 8 0 
47571 641 295 65 3 338 42 2 161 864 6 2 4 6 0 
47578 655 287 72 3 303 62 4 151 861 9 3 5 7 0 
47560 635 265 65 4 332 60 3 142 906 14 1 6 6 1 
47553 599 297 76 4 329 47 3 160 904 11 4 7 6 0 
47545 647 324 73 3 279 58 4 181 872 8 1 4 1 0 
47630 569 291 65 2 318 52 7 151 891 11 3 3 7 0 
47515 629 295 73 6 330 71 3 132 915 16 1 3 11 0 
47576 600 333 73 5 281 50 2 172 890 7 2 7 2 0 
47561 637 305 76 2 306 51 5 159 871 18 2 3 3 1 
47665 632 273 58 2 312 58 0 144 835 9 2 7 3 0 
47547 663 311 72 2 294 57 1 158 864 13 2 6 10 0 
47503 646 318 70 5 315 54 6 172 889 13 3 2 4 0 
47555 600 283 69 3 325 53 4 187 892 13 2 7 7 0 
47586 640 273 73 4 303 56 4 164 876 13 0 4 4 0 
47500 664 324 77 5 316 58 5 170 858 8 6 5 4 0 
47518 655 307 67 4 312 49 1 177 884 10 5 6 4 1 
47642 630 289 59 2 315 58 7 125 849 12 2 5 5 0 
47531 625 287 54 6 330 54 3 176 907 8 1 9 9 0 
47505 627 323 72 3 332 58 7 155 891 12 1 8 6 0 
47545 636 315 58 4 334 44 2 163 866 14 7 4 8 0 
47424 685 314 91 5 305 67 3 168 913 12 3 2 8 0 
47611 594 293 64 6 313 46 3 163 881 11 2 9 4 0 
47513 671 294 78 3 318 45 5 147 895 11 4 9 7 0 
47505 652 333 73 3 320 58 5 142 889 7 4 6 3 0 
47620 638 265 57 6 299 63 6 165 851 17 3 5 5 0 
47534 640 303 63 6 323 46 4 172 883 14 1 6 4 1 
47584 638 289 63 5 302 59 2 168 877 5 0 2 6 0 
47549 622 317 72 3 324 67 6 167 847 9 4 7 6 0 
47597 632 292 69 4 304 54 3 148 877 9 0 6 5 0 
47457 681 295 75 2 319 50 2 172 921 12 2 5 7 0 
47650 599 312 60 2 291 55 1 159 843 20 1 4 3 0 
47596 635 305 56 4 308 52 2 158 858 12 4 3 7 0 
47611 607 296 53 4 307 64 3 155 877 11 2 4 6 0 
47488 652 295 61 6 354 57 3 174 892 7 4 2 4 1 
47571 632 284 63 4 311 49 4 139 905 21 6 7 4 0 
47614 604 314 67 2 288 55 1 180 858 7 1 2 6 1 
47581 650 297 78 2 302 57 8 171 829 11 1 4 9 0 
47536 644 291 67 5 298 56 4 176 899 16 1 4 3 0 
47504 654 321 67 3 315 53 4 158 898 13 1 5 4 0 
47596 617 312 57 5 310 64 4 168 834 16 2 9 6 0 
47553 623 302 67 7 292 58 1 151 918 8 5 8 7 0 
47535 691 286 74 4 308 57 3 190 828 9 1 6 8 0 
47609 599 281 60 3 324 55 3 173 872 10 2 3 6 0 
47629 621 293 77 7 318 39 2 146 847 10 4 3 4 0 
47642 619 267 67 6 300 56 3 140 873 9 3 5 10 0 
47600 611 280 78 5 317 59 5 160 862 10 3 7 3 0 
47622 604 278 62 3 312 59 4 139 889 19 2 3 4 0 
47474 634 315 76 3 356 46 5 171 899 11 3 2 5 0 
47599 629 305 62 5 306 57 6 139 870 12 2 5 3 0 
47529 636 305 73 4 332 51 4 154 889 9 2 7 5 0 
47537 674 292 71 2 290 65 2 172 868 13 2 6 6 0 
47577 614 296 62 4 296 45 7 168 910 13 2 4 2 0 
47519 643 284 72 1 304 65 0 166 924 9 3 3 7 0 
47527 628 298 63 1 331 58 1 168 904 9 1 6 5 0 
47602 654 310 50 5 348 42 2 153 809 9 6 5 5 0 
47563 636 301 73 4 282 56 0 171 895 9 1 5 4 0 
47608 615 311 64 1 297 57 4 174 844 11 2 6 6 0 
47612 666 312 75 6 276 61 3 166 804 10 4 2 3 0 
47601 581 313 66 4 318 61 2 176 856 5 3 7 7 0 
47512 651 339 80 1 329 57 3 170 832 13 5 1 7 0 
47577 624 304 68 3 298 50 3 166 881 13 2 6 5 0 
47536 639 304 70 4 335 62 2 178 847 15 2 3 3 0 
47685 607 288 56 3 299 53 2 161 833 7 1 4 1 0 
47531 647 313 65 3 305 61 2 184 869 10 1 5 4 0 
47596 616 292 85 4 309 51 4 143 880 8 3 6 3 0 
47568 642 306 65 2 305 45 2 146 901 5 3 7 3 0 
47627 621 269 56 5 301 57 4 202 837 11 3 3 4 0 
47529 662 299 82 3 300 43 1 166 887 11 0 9 7 1 
47538 632 306 66 8 309 60 5 146 913 5 3 4 5 0 
47575 633 292 73 5 321 50 4 156 870 8 3 1 9 0 
47505 640 293 67 3 333 56 3 148 926 13 1 6 6 0 
47578 609 296 66 4 318 66 3 181 856 10 4 4 5 0 
47554 654 317 62 1 320 52 2 154 862 8 3 5 6 0 
47580 646 292 74 2 287 46 0 165 887 11 2 4 4 0 
47517 643 304 70 6 341 52 2 156 888 12 2 3 4 0 
47626 594 298 57 0 339 38 1 171 847 20 3 3 3 0 
47525 616 324 80 2 302 52 3 163 907 13 4 2 7 0 
47602 623 318 59 4 275 73 1 173 846 14 0 6 6 0 
47601 636 280 74 7 291 47 6 177 859 7 5 6 4 0 
47598 645 292 65 1 294 53 3 146 873 16 4 6 4 0 
47556 626 301 71 2 331 55 1 180 851 11 2 5 6 2 
47592 595 301 64 4 314 69 2 176 861 6 6 4 6 0 
47628 578 294 74 1 294 62 2 166 872 15 1 8 5 0 
47525 646 293 79 4 309 62 3 167 890 12 3 5 2 0 
47535 626 326 62 5 300 57 2 178 884 10 2 6 7 0 
47592 636 280 72 3 291 46 5 172 884 10 1 6 2 0 
47560 598 288 62 4 353 56 2 175 883 7 1 4 7 0 
47654 599 321 53 1 300 51 2 154 845 11 2 4 3 0 
47504 616 320 63 5 322 55 3 149 938 15 2 4 4 0 
47577 644 331 62 5 286 46 4 180 842 8 4 4 7 0 
47536 664 302 74 6 333 50 2 165 832 15 5 7 9 0 
47556 623 286 54 5 312 58 3 180 895 11 5 7 5 0 
47624 596 271 82 2 337 48 0 188 824 8 6 7 6 1 
47618 593 282 54 3 331 54 3 156 878 13 6 5 4 0 
47572 655 280 66 2 291 63 5 159 874 13 3 6 11 0 
47640 637 279 72 3 306 49 3 157 833 16 0 5 0 0 
47483 682 322 67 1 326 48 3 169 877 9 2 4 7 0 
47595 619 292 67 4 316 57 2 162 862 11 4 4 5 0 
47636 611 279 61 3 308 46 4 148 877 16 4 1 6 0 
47516 663 299 66 3 342 53 5 175 846 15 6 3 8 0 
47606 622 272 61 5 347 42 2 150 867 9 5 5 6 1 
47631 594 273 72 2 311 59 2 157 870 13 5 7 4 0 
47498 647 300 74 3 331 53 5 151 914 7 3 5 9 0 
47494 650 322 72 3 281 69 3 179 904 18 0 3 2 0 
47592 615 322 63 3 296 66 3 150 869 15 1 2 3 0 
47577 641 294 62 6 299 41 4 159 887 15 3 6 6 0 
47585 639 305 77 5 295 53 2 155 860 7 5 6 6 0 
47604 656 300 75 2 321 48 3 160 805 13 2 8 3 0 
47479 672 293 61 5 314 74 2 183 892 12 2 6 5 0 
47535 716 294 79 3 310 55 4 145 831 13 4 5 6 0 
47503 602 330 75 2 340 48 2 170 898 13 3 7 7 0 
47526 651 311 82 1 287 51 4 161 898 10 4 9 5 0 
47496 687 287 71 1 330 59 6 157 885 11 2 5 3 0 
47562 611 301 59 6 301 57 1 171 902 13 4 3 9 0 
47533 666 300 48 5 327 50 8 143 887 12 7 5 7 2 
47582 629 298 67 6 298 48 4 171 868 13 2 8 6 0 
47660 622 305 59 3 293 48 2 156 826 14 1 4 7 0 
47614 612 290 64 6 309 50 3 168 865 10 1 3 5 0 
47541 651 283 74 2 308 65 3 201 846 13 1 6 6 0 
47524 658 306 63 6 333 44 3 179 865 9 0 4 6 0 
47650 639 297 65 3 271 52 2 146 857 12 3 2 1 0 
47571 634 303 55 5 302 51 1 193 855 10 3 11 6 0 
47604 647 283 64 3 299 64 5 150 853 14 3 6 5 0 
47624 602 287 58 4 321 36 6 161 876 11 5 4 5 0 
47621 632 297 73 5 309 46 1 160 837 11 3 4 1 0 
47577 650 293 67 2 281 60 2 184 855 14 3 6 5 1 
47466 641 290 79 6 348 53 7 159 923 13 3 7 5 0 
47633 629 259 75 5 304 52 2 137 884 14 0 3 3 0 
47631 632 283 67 7 310 47 3 175 820 15 1 7 2 0 
47583 659 291 55 2 309 47 1 166 867 10 2 3 5 0 
47564 646 330 46 4 324 44 5 148 865 11 2 5 6 0 
47588 598 314 62 2 329 41 1 144 897 13 4 5 2 0 
47599 646 274 52 1 311 57 0 177 867 10 1 3 2 0 
47664 587 297 67 3 322 53 5 168 813 11 0 5 5 0 
47525 671 331 66 2 279 53 2 172 878 11 1 6 3 0 
47552 618 268 74 3 319 55 4 158 911 16 4 11 7 0 
47597 639 275 66 3 284 48 1 182 887 10 3 2 3 0 
47553 654 276 68 2 341 44 2 171 860 11 4 8 6 0 
47567 643 313 82 5 275 56 6 158 875 9 1 6 4 0 
47537 673 310 67 0 286 48 3 160 894 11 3 3 5 0 
47561 626 306 71 2 311 65 0 174 867 12 0 2 3 0 
47519 646 314 72 4 300 69 1 166 893 7 1 2 5 1 
47588 582 314 69 4 351 49 2 159 857 13 1 6 5 0 
47643 608 288 72 5 313 61 4 133 850 11 3 5 4 0 
47540 667 320 60 3 323 52 5 160 846 12 2 5 4 1 
47502 669 269 75 3 342 64 4 165 886 7 2 9 3 0 
47597 612 300 71 2 316 60 2 160 852 8 2 10 8 0 
47569 620 319 72 3 328 59 5 165 839 9 1 8 3 0 
47595 599 290 66 5 327 45 5 160 878 17 4 4 5 0 
47594 608 295 85 2 296 59 3 144 888 10 2 6 8 0 
47620 658 298 55 11 298 54 4 158 829 8 0 5 2 0 
47474 694 308 54 3 291 59 10 184 897 14 0 5 7 0 
47505 660 302 73 3 339 69 3 169 865 5 0 4 3 0 
47489 675 308 70 2 344 49 1 156 882 14 2 2 6 0 
47625 630 255 72 4 323 50 5 148 864 10 3 5 6 0 
47467 645 323 68 3 338 56 4 146 928 12 1 1 8 0 
47538 632 271 72 2 323 58 2 177 908 9 2 3 3 0 
47448 642 329 73 7 303 60 5 188 919 12 5 4 5 0 
47571 618 287 61 4 333 63 5 164 874 7 1 2 10 0 
47563 598 289 74 2 335 69 4 169 865 19 0 9 4 0 
47386 666 300 68 3 352 61 2 192 938 16 6 5 5 0 
47556 615 298 74 4 304 58 2 167 898 12 3 6 3 0 
47539 642 303 60 2 343 57 7 158 869 9 1 4 6 0 
47583 659 312 63 4 315 60 5 159 819 13 2 2 4 0 
47489 632 311 79 2 316 51 6 160 931 13 3 4 2 1 
47539 651 299 76 2 288 58 3 176 890 7 4 2 5 0 
47581 657 286 62 3 310 56 3 159 862 10 2 6 3 0 
47556 643 290 72 9 328 51 4 159 862 7 5 6 8 0 
47524 582 309 68 3 324 63 2 155 950 11 2 3 4 0 
47576 689 271 65 1 292 43 3 148 892 9 4 1 6 0 
47524 625 301 61 4 315 62 3 171 912 10 2 3 7 0 
47594 655 328 62 6 272 53 5 175 826 8 2 6 8 0 
47537 660 294 62 3 329 60 3 177 851 6 4 6 8 0 
47578 677 284 64 5 270 61 2 163 872 9 6 6 2 1 
47502 653 326 82 8 317 53 1 175 858 12 1 7 5 0 
47572 612 313 61 6 298 51 4 155 901 11 3 4 9 0 
47621 581 298 59 3 325 36 6 162 885 8 3 6 7 0 
47543 631 290 50 1 347 51 2 158 901 9 7 6 4 0 
47647 619 273 55 2 292 51 1 137 890 15 5 4 9 0 
47535 642 339 63 3 291 54 5 163 890 8 2 1 4 0 
47556 642 319 51 6 306 61 4 156 877 15 1 2 4 0 
47601 615 266 62 7 283 51 4 166 918 13 3 8 3 0 
47515 662 292 70 7 320 54 6 181 871 7 4 3 8 0 
47575 638 290 62 2 294 55 2 151 905 19 1 3 3 0 
47507 653 324 78 3 332 61 2 132 891 4 3 4 6 0 
47605 621 300 49 1 315 56 2 178 853 12 1 3 4 0 
47560 666 326 69 7 322 38 1 151 836 8 1 7 8 0 
47530 707 287 65 1 316 55 5 157 851 13 1 7 5 0 
47505 670 304 80 5 305 50 3 167 893 8 1 6 3 0 
47545 619 308 83 1 316 53 2 163 882 15 1 4 8 0 
47618 661 309 71 3 273 51 1 148 832 17 4 6 5 1 
47492 614 291 84 3 324 52 1 170 940 15 2 9 3 0 
47498 647 297 82 4 319 58 8 163 905 8 0 5 6 0 
47639 642 317 73 4 301 62 3 135 811 7 1 2 3 0 
47536 669 291 79 4 312 58 4 180 842 11 3 6 5 0 
47494 647 289 80 5 335 61 5 163 904 5 2 2 8 0 
47571 617 315 76 4 330 52 3 151 861 6 3 6 5 0 
47629 583 288 71 2 311 58 5 168 859 14 4 5 3 0 
47561 638 292 66 5 308 62 4 163 887 7 2 1 4 0 
47620 629 278 71 3 313 63 5 157 837 14 2 2 6 0 
47578 602 291 76 6 319 65 6 161 879 6 1 3 7 0 
47529 665 302 77 3 278 72 2 196 850 7 6 8 5 0 
47567 620 289 62 0 341 68 2 173 856 10 1 3 8 0 
47429 699 323 67 3 335 72 6 170 876 11 3 4 2 0 
47664 602 263 52 2 315 64 1 160 849 15 3 4 6 0 
47500 659 292 74 6 330 74 7 181 859 8 4 4 2 0 
47627 612 310 72 4 283 58 0 165 854 4 2 6 3 0 
47539 667 299 66 1 307 51 4 165 879 13 3 3 3 0 
47482 660 323 61 2 294 52 3 180 915 12 3 9 4 0 
47514 706 298 71 4 273 62 1 184 863 14 2 4 4 0 
47627 645 285 69 2 287 63 3 155 839 12 5 3 5 0 
47582 640 274 63 3 309 64 5 170 867 9 2 8 4 0 
47529 670 290 74 3 348 57 0 194 816 13 0 3 3 0 
47638 612 297 62 4 276 51 1 143 894 12 2 6 2 0 
47579 607 333 69 3 303 67 1 142 867 16 4 7 2 0 
47551 651 307 69 3 317 50 3 149 875 14 2 3 6 0 
47627 648 300 56 3 294 55 2 155 843 8 1 6 2 0 
47564 647 287 66 3 328 57 5 160 857 14 1 5 6 0 
47607 645 306 64 4 310 58 3 146 838 11 1 4 3 0 
47544 626 328 69 4 320 58 2 161 865 11 3 4 5 0 
47601 594 297 75 3 294 52 1 166 892 12 0 7 6 0 
47614 654 284 56 3 273 67 4 157 859 9 4 6 10 0 
47610 597 316 61 3 306 46 1 147 883 15 3 5 7 0 
47530 605 306 63 2 310 65 3 163 926 11 4 4 8 0 
47568 635 307 76 0 305 53 2 143 871 17 3 8 12 0 
47621 637 298 77 5 309 47 4 173 806 12 0 4 7 0 
47553 633 303 59 4 327 62 4 163 865 6 1 10 10 0 
47633 620 281 67 4 327 54 6 153 830 16 2 3 4 0 
47539 639 303 76 5 321 65 3 166 860 10 1 4 8 0 
47525 651 292 77 1 310 61 3 176 877 10 3 6 8 0 
47636 655 298 61 4 320 51 3 130 830 6 3 2 1 0 
47532 633 300 75 0 329 49 4 164 876 17 8 7 6 0 
47546 661 306 58 4 315 51 2 145 885 16 3 3 5 0 
47528 652 295 66 4 304 56 3 151 912 13 4 5 7 0 
47555 635 335 50 1 307 46 2 155 886 13 0 7 8 0 
47554 675 284 66 4 319 49 3 143 877 13 5 6 2 0 
47474 686 297 77 2 311 52 3 150 927 9 4 6 2 0 
47555 636 293 70 6 323 56 3 144 898 9 2 2 3 0 
47551 692 263 65 5 273 54 4 168 903 13 1 3 5 0 
47545 646 294 57 3 295 66 7 174 890 7 5 3 8 0 
47587 614 284 73 4 343 60 2 160 859 4 1 4 5 0 
47627 633 301 52 4 306 44 3 157 854 7 1 4 7 0 
47424 671 324 63 8 329 57 3 183 916 11 3 3 5 0 
47526 664 294 68 3 299 51 5 163 907 8 3 4 5 0 
47564 639 317 60 3 315 50 5 152 875 9 3 4 4 0 
47551 611 311 58 1 310 50 1 160 922 18 3 1 3 0 
47596 653 275 72 4 311 56 4 162 839 12 0 6 9 1 
47550 695 298 76 3 297 48 2 175 829 14 2 9 2 0 
47525 639 308 71 5 327 62 4 170 866 10 3 4 6 0 
47539 623 301 61 3 302 59 3 156 926 18 2 5 2 0 
47572 622 284 86 3 293 45 1 176 894 14 1 7 2 0 
47496 640 308 75 3 326 57 1 180 891 15 2 4 2 0 
47552 650 317 51 5 317 57 6 163 852 10 3 7 10 0 
47490 598 333 65 5 324 57 2 175 918 15 6 6 6 0 
47525 639 321 67 7 297 56 2 177 890 7 2 7 3 0 
47514 644 318 60 4 353 63 1 174 843 11 2 7 6 0 
47549 667 275 60 1 330 61 5 185 850 10 2 3 2 0 
47602 635 282 70 4 316 48 2 156 863 9 1 6 6 0 
47618 624 291 81 3 289 46 3 179 851 9 0 4 2 0 
47624 600 281 56 6 308 56 3 159 885 12 4 1 5 0 
47516 619 271 82 3 344 49 4 165 922 7 6 4 8 0 
47611 596 326 66 4 287 51 3 145 888 12 5 2 4 0 
47632 640 298 59 2 297 58 2 141 845 10 1 6 9 0 
47568 623 294 70 2 293 71 4 160 899 11 0 2 3 0 
47588 661 292 68 8 284 60 4 160 856 11 2 5 0 1 
47534 643 289 62 4 312 72 5 172 879 16 2 5 5 0 
47561 638 300 70 4 334 59 0 159 851 12 3 7 2 0 
47609 619 292 73 2 287 59 5 175 849 13 1 11 5 0 
47594 622 269 70 3 303 51 1 183 884 6 4 3 6 1 
47609 634 289 79 7 298 48 4 149 862 6 2 4 9 0 
47575 622 280 61 2 305 67 1 146 928 7 1 2 3 0 
47545 688 293 67 1 314 36 3 163 866 7 7 5 5 0 
47542 612 311 67 1 320 56 4 174 889 9 1 3 11 0 
47520 660 330 64 3 309 46 3 171 870 5 6 6 7 0 
47568 675 325 63 4 306 56 3 161 811 12 1 9 6 0 
47515 691 295 76 1 282 58 5 141 905 14 2 6 9 0 
47509 631 313 63 1 329 51 2 166 908 13 1 5 8 0 
47574 620 308 64 2 317 70 1 180 840 12 2 6 4 0 
47565 662 309 73 2 320 47 1 180 816 14 1 5 5 0 
47577 618 297 71 3 331 46 2 175 857 9 4 6 4 0 
47538 622 310 56 3 338 62 3 164 876 14 1 5 8 0 
47583 626 304 69 9 299 65 4 149 862 11 2 9 8 0 
47606 639 268 81 2 309 50 3 157 869 9 0 2 5 0 
47600 624 260 66 3 300 50 1 182 880 8 5 10 11 0 
47573 649 320 62 6 309 57 3 164 830 17 2 6 2 0 
47561 619 320 60 4 357 50 6 150 862 6 0 1 4 0 
47543 657 298 69 4 335 57 2 136 879 9 1 5 5 0 
47583 628 320 61 4 308 47 7 148 881 2 2 3 5 1 
47563 642 300 64 2 287 63 2 147 906 10 5 7 2 0 
47521 648 321 53 4 304 57 6 179 883 14 2 1 7 0 
47562 659 279 76 2 283 54 1 170 897 9 2 5 1 0 
47579 638 288 60 3 308 49 4 169 881 12 1 5 3 0 
47502 642 322 83 5 330 54 6 166 864 12 3 4 7 0 
47656 603 252 57 2 277 56 2 200 878 12 1 3 1 0 
47536 629 293 65 2 326 54 6 160 900 14 2 7 6 0 
47572 632 276 65 2 315 72 2 174 865 9 4 9 3 0 
47588 621 300 60 5 278 65 4 180 873 13 1 4 8 0 
47476 633 311 72 4 345 68 4 174 889 14 2 3 5 0 
47639 617 288 70 2 296 62 2 169 836 10 3 4 2 0 
47548 647 265 63 1 329 54 6 188 863 20 4 7 5 0 
47644 625 269 63 4 290 47 3 164 867 8 6 5 5 0 
47578 605 317 66 4 314 53 2 164 876 13 1 2 5 0 
47563 666 279 64 5 284 44 4 175 889 12 2 6 7 0 
47493 633 316 86 2 314 58 4 157 915 11 3 2 6 0 
47593 614 301 71 4 305 44 5 154 882 18 2 5 2 0 
