47568 687 304 60 4 279 49 2 167 850 14 3 6 7 0 
47568 658 296 61 3 271 44 2 193 876 13 2 6 7 0 
47607 656 281 52 5 276 61 6 161 871 13 2 4 5 0 
47560 668 248 60 2 310 52 2 203 862 15 2 9 7 0 
47588 704 293 55 4 289 55 1 186 810 7 1 3 4 0 
47641 657 280 65 2 322 46 1 175 784 14 4 4 5 0 
47520 636 287 57 4 303 54 1 184 930 13 3 5 3 0 
47565 669 302 51 5 278 66 6 184 857 9 1 2 5 0 
47602 632 291 62 2 303 60 6 160 856 17 2 2 5 0 
47623 615 296 46 6 282 45 7 184 872 20 2 1 1 0 
47541 696 296 52 3 317 62 3 178 836 11 1 2 2 0 
47533 673 307 63 3 331 72 4 165 828 14 2 2 3 0 
47548 683 301 70 9 270 56 2 190 854 8 1 4 4 0 
47592 646 283 41 2 273 71 3 159 908 11 1 4 6 0 
47516 684 310 60 2 294 54 3 181 869 12 3 4 7 1 
47529 679 307 48 3 287 54 4 204 864 16 0 2 3 0 
47470 669 306 46 5 305 58 3 206 907 7 4 7 7 0 
47566 694 275 62 4 296 43 2 146 883 8 5 7 9 0 
47610 667 319 60 6 270 51 4 166 822 10 5 7 2 1 
47504 708 274 59 4 316 54 6 183 863 17 4 4 4 0 
47601 691 296 53 4 266 60 4 189 817 7 3 6 3 0 
47458 656 309 51 3 323 61 5 179 925 18 5 5 2 0 
47448 692 294 50 3 303 62 5 185 933 13 2 3 7 0 
47501 668 310 54 3 300 62 2 165 911 12 2 4 6 0 
47572 682 303 58 1 292 54 0 185 832 7 1 5 8 0 
47621 651 308 64 4 266 52 0 145 860 15 3 7 4 0 
47592 640 278 52 2 290 73 4 178 865 14 1 9 2 0 
47673 626 273 49 2 274 63 2 169 846 10 4 5 4 0 
47634 635 265 49 1 328 58 3 179 828 9 1 5 5 0 
47543 654 277 61 5 271 47 4 198 906 13 6 7 8 0 
47557 673 291 56 4 288 62 2 185 851 16 4 6 5 0 
47538 655 299 51 2 305 55 3 189 882 10 1 3 7 0 
47606 668 306 57 3 287 54 5 173 816 12 5 4 4 0 
47567 631 295 63 6 314 60 2 175 863 12 2 5 5 0 
47552 619 290 56 5 315 66 7 175 890 11 6 3 5 0 
47561 654 305 65 7 298 58 0 157 878 7 2 7 1 0 
47487 681 315 42 1 333 54 10 185 878 8 2 2 2 0 
47550 655 293 67 4 292 49 4 188 876 13 1 5 3 0 
47505 643 308 47 4 336 57 1 168 898 18 8 5 2 0 
47605 651 316 63 2 294 46 4 191 811 11 1 1 4 0 
47528 675 291 66 2 288 77 5 182 859 18 3 5 1 0 
47514 658 327 62 2 307 50 3 165 889 14 1 3 5 0 
47584 658 316 66 4 264 46 3 181 856 13 0 6 3 0 
47604 614 317 64 5 260 60 4 156 884 17 3 7 5 0 
47517 659 294 52 1 298 58 0 178 912 14 3 9 5 0 
47611 638 307 48 4 280 46 2 161 877 15 3 3 5 0 
47563 660 302 62 3 294 48 4 163 886 8 2 2 3 0 
47527 671 283 55 4 283 71 2 172 900 23 2 4 3 0 
47460 650 314 44 3 325 59 2 203 916 13 1 3 7 0 
47555 671 293 41 2 280 59 2 194 883 7 7 1 4 1 
47518 666 314 47 0 317 59 6 168 879 13 2 7 4 0 
47544 646 294 52 4 314 64 7 156 890 17 1 8 3 0 
47623 650 317 42 2 281 62 7 166 825 13 2 2 8 0 
47524 639 311 64 4 287 67 0 163 916 11 3 4 7 0 
47481 705 298 46 7 269 47 1 205 924 8 3 2 4 0 
47597 669 286 52 2 306 49 7 170 842 9 2 5 4 0 
47511 643 272 60 2 319 46 3 214 904 16 4 3 3 0 
47495 659 309 51 4 342 66 5 174 863 17 4 3 8 0 
47524 641 311 55 4 334 65 4 182 862 8 3 3 4 0 
47558 679 321 58 3 310 52 2 171 821 12 3 6 4 0 
47516 668 342 52 5 303 63 3 165 862 12 0 5 4 0 
47577 658 280 50 2 282 50 2 184 887 12 7 4 5 0 
47571 659 291 50 4 311 45 3 157 890 6 5 5 3 0 
47466 682 308 56 3 318 61 3 176 903 11 6 3 4 0 
47607 647 303 53 1 288 54 3 172 851 14 1 1 5 0 
47559 661 274 66 4 318 54 6 168 870 9 4 5 2 0 
47570 645 325 66 8 291 57 3 158 855 14 2 4 2 0 
47619 620 293 53 3 285 54 6 196 854 9 0 4 4 0 
47508 675 310 55 4 298 62 8 176 889 6 4 1 4 0 
47430 738 297 61 1 308 52 4 169 917 10 5 6 2 0 
47563 650 307 68 5 317 46 4 161 858 15 2 2 2 0 
47583 687 272 49 4 255 55 4 161 898 17 4 5 6 0 
47505 698 328 50 7 317 43 3 183 853 7 1 1 4 0 
47580 647 302 59 0 308 45 2 192 843 15 3 2 2 0 
47595 672 254 66 4 299 56 2 184 850 12 0 3 3 0 
47554 721 296 52 3 279 51 4 162 856 13 1 4 4 0 
47527 686 302 57 1 297 49 6 165 887 8 3 4 8 0 
47464 687 318 73 4 302 58 7 202 866 6 4 7 2 0 
47578 618 277 49 6 319 67 2 184 872 14 3 5 6 0 
47602 638 279 66 3 289 54 2 167 877 11 1 7 4 0 
47513 633 310 42 6 318 57 4 162 933 11 3 3 5 0 
47604 641 312 52 1 290 40 3 175 861 5 1 7 8 0 
47501 660 298 50 2 316 56 5 162 927 12 1 5 5 0 
47506 689 308 57 5 298 51 6 187 869 15 1 5 2 1 
47602 616 292 60 5 274 56 3 201 862 13 7 1 8 0 
47541 636 273 58 2 306 64 2 205 891 14 4 3 1 0 
47527 643 308 55 1 295 56 0 189 904 15 0 2 5 0 
47570 675 296 53 1 311 47 3 168 853 12 3 6 2 0 
47587 669 282 51 5 290 54 3 185 849 17 3 2 3 0 
47474 702 318 60 2 302 49 6 162 908 7 4 2 4 0 
47571 641 293 75 4 298 54 5 169 872 6 1 6 5 0 
47587 645 307 50 4 298 62 4 159 863 10 1 4 6 0 
47464 673 311 61 7 317 59 0 171 904 15 4 7 7 0 
47553 669 274 50 1 286 59 5 163 911 13 2 5 9 0 
47404 720 312 67 4 316 70 4 202 877 11 3 4 6 0 
47573 627 297 52 3 291 50 8 198 871 16 3 5 6 0 
47497 684 315 44 2 295 63 4 202 872 11 1 5 5 0 
47605 659 296 56 3 279 63 5 161 850 12 2 4 5 0 
47542 657 303 66 2 316 66 3 175 851 8 2 4 5 0 
47533 636 295 59 4 311 50 1 160 929 12 3 5 2 0 
47551 638 314 68 4 324 53 3 183 841 12 2 7 0 0 
47619 634 310 48 6 268 70 3 173 833 19 2 5 10 0 
47607 653 284 47 3 298 53 1 154 875 9 2 8 6 0 
47633 636 290 47 9 309 42 3 199 818 8 0 2 4 0 
47616 655 301 51 3 303 59 1 159 823 16 3 6 4 0 
47566 623 280 61 3 303 54 2 183 895 20 3 5 2 0 
47544 707 274 64 2 306 62 3 174 843 12 3 2 4 0 
47577 709 272 62 0 285 54 3 171 837 18 2 5 5 0 
47573 629 298 64 2 307 60 5 176 864 10 3 2 7 0 
47591 642 297 58 4 326 65 1 166 826 10 4 4 6 0 
47585 673 285 56 2 301 51 3 177 839 16 5 3 4 0 
47531 652 319 51 2 307 64 4 175 859 16 6 6 8 0 
47546 686 277 42 6 300 54 6 180 871 13 6 5 8 0 
47516 689 276 55 2 323 50 3 192 869 14 2 3 6 0 
47599 652 296 47 10 292 71 7 168 829 15 5 6 2 1 
47506 663 311 51 2 319 45 3 178 891 17 1 4 9 0 
47535 651 306 47 8 309 53 3 166 902 8 1 6 5 0 
47523 663 300 65 5 297 50 2 169 907 7 2 3 7 0 
47535 673 288 54 7 282 52 2 177 900 15 1 7 7 0 
47500 665 283 62 3 304 58 3 187 915 13 2 5 0 0 
47471 707 290 63 3 310 57 3 162 907 10 2 10 5 0 
47619 637 298 44 3 292 61 5 166 848 13 7 4 3 0 
47538 677 322 68 5 273 56 2 165 863 13 3 4 11 0 
47569 703 256 39 3 300 59 4 161 885 11 3 4 3 0 
47542 640 269 53 4 316 45 1 186 917 12 5 7 3 0 
47573 661 312 58 2 281 50 2 172 858 14 4 4 9 0 
47489 669 335 59 0 291 58 4 185 883 16 1 4 6 0 
47472 675 298 53 1 289 57 5 194 932 13 2 6 2 1 
47552 654 309 54 3 274 54 1 166 904 14 5 3 7 0 
47450 683 290 59 5 321 65 2 199 900 13 3 4 6 0 
47467 638 308 52 8 326 49 3 211 917 8 2 5 6 0 
47605 662 292 64 5 290 56 3 162 836 10 1 8 6 0 
47576 672 291 58 5 304 59 5 172 844 5 2 6 1 0 
47568 641 301 44 7 299 62 5 178 868 12 2 7 6 0 
47512 682 303 51 3 291 53 2 163 907 18 4 4 7 0 
47600 650 295 62 3 322 40 3 177 829 13 1 4 1 0 
47610 602 298 63 4 294 61 0 169 873 14 3 5 4 0 
47493 672 304 57 4 298 56 5 191 889 16 4 5 6 0 
47518 716 286 48 2 288 51 1 168 889 11 3 7 12 0 
47538 654 307 69 7 280 68 1 166 891 13 0 4 2 0 
47555 633 317 58 4 300 53 1 191 859 17 2 6 4 0 
47574 663 300 55 1 291 53 8 158 883 8 1 2 3 0 
47541 641 294 44 4 285 60 4 198 901 11 5 7 5 0 
47509 650 317 52 4 309 66 5 174 894 10 2 3 5 0 
47517 654 286 57 3 330 53 5 168 899 15 4 5 3 1 
47460 696 314 53 3 326 57 2 172 897 8 2 4 6 0 
47527 671 286 48 5 328 45 3 191 873 12 3 4 4 0 
47509 658 313 59 4 308 52 3 162 908 12 3 5 4 0 
47628 648 307 55 3 298 53 1 134 847 9 3 6 8 0 
47544 670 297 60 4 282 52 3 173 892 10 1 7 5 0 
47561 650 298 56 4 294 60 1 192 860 11 0 8 4 1 
47632 651 267 55 3 280 45 5 164 871 17 1 7 2 0 
47502 644 288 67 1 296 64 4 154 955 15 4 1 5 0 
47527 680 287 58 2 287 59 1 178 899 8 4 6 4 0 
47564 634 262 63 2 296 52 5 172 921 15 3 8 3 0 
47627 681 279 55 4 305 54 1 172 805 7 3 4 3 0 
47613 659 313 44 2 299 51 2 164 832 8 2 7 4 0 
47557 647 316 61 7 306 58 1 161 867 11 2 3 3 0 
47481 736 293 59 3 304 51 4 172 874 10 4 3 6 0 
47560 673 308 59 3 281 73 3 156 864 13 2 4 1 0 
47478 682 334 43 4 293 44 2 162 931 13 5 2 7 0 
47515 690 299 50 7 302 56 6 183 870 18 0 1 3 0 
47505 643 297 63 6 312 53 4 184 906 13 4 7 3 0 
47491 701 300 44 2 329 61 5 191 859 10 2 3 2 0 
47526 674 328 62 2 311 57 4 169 836 17 0 9 5 0 
47604 678 275 52 5 256 56 1 169 875 15 1 8 5 0 
47546 667 304 46 4 303 63 4 162 874 16 4 1 6 0 
47577 660 316 51 2 302 64 2 180 828 11 3 2 2 0 
47595 666 303 51 2 294 53 4 193 818 13 0 2 6 0 
47518 663 322 62 5 289 59 5 168 886 12 5 4 2 0 
47569 646 309 48 1 287 63 4 188 860 10 5 4 5 1 
47568 706 306 53 3 312 56 6 161 813 10 1 3 2 0 
47560 652 294 65 3 274 58 4 183 884 9 2 4 8 0 
47570 655 293 55 4 312 54 7 171 854 16 2 5 2 0 
47550 638 294 72 5 313 64 4 177 863 11 1 4 4 0 
47537 666 304 56 2 322 57 3 178 853 14 1 3 4 0 
47587 663 312 52 2 294 57 4 166 836 15 0 5 7 0 
47456 744 313 37 5 314 51 2 180 881 7 2 5 3 0 
47560 613 293 49 5 301 54 3 164 933 11 1 5 8 0 
47510 648 307 60 3 321 66 5 167 882 16 3 9 3 0 
47668 581 289 54 0 295 51 3 171 863 8 5 3 9 0 
47556 613 302 54 2 305 62 4 167 905 13 1 12 4 0 
47457 700 294 60 5 316 54 5 188 903 9 1 7 1 0 
47482 716 291 54 2 297 47 6 160 925 9 4 2 5 0 
47603 657 288 57 3 285 51 4 189 846 8 2 4 3 0 
47531 652 323 56 4 286 64 5 196 846 19 5 8 4 1 
47573 599 309 47 0 310 64 2 168 896 10 2 12 8 0 
47555 649 299 45 2 315 56 4 151 899 17 3 3 2 0 
47592 649 305 54 6 278 52 5 165 871 11 3 4 5 0 
47582 670 317 51 2 288 54 4 181 833 12 1 2 3 0 
47568 638 287 62 3 298 50 6 185 888 7 0 1 7 0 
47580 657 305 55 2 259 47 5 170 895 12 4 3 6 0 
47520 699 324 57 2 279 50 4 169 876 7 5 4 4 0 
47591 680 293 57 8 292 60 6 163 830 10 3 3 4 0 
47539 697 272 63 2 307 60 2 166 868 8 3 9 4 0 
47560 657 308 48 6 329 64 8 156 841 6 2 9 6 0 
47579 651 281 62 7 283 45 3 151 920 10 3 2 3 0 
47552 663 286 53 1 283 66 2 165 898 14 4 5 8 0 
47557 668 286 60 0 303 55 3 178 867 13 0 7 3 0 
47603 661 267 79 5 288 47 6 185 834 10 3 7 5 0 
47573 665 295 45 2 284 59 7 164 878 15 2 6 5 0 
47576 664 285 50 1 295 61 1 167 871 15 1 8 5 0 
47542 648 291 49 4 286 48 5 185 918 11 3 5 5 0 
47494 667 264 51 7 316 74 5 196 902 10 2 6 6 0 
47518 671 320 50 5 297 56 4 177 880 13 2 4 3 0 
47526 648 291 67 1 315 55 5 179 888 13 2 7 2 1 
47513 678 301 58 3 309 58 4 178 882 11 0 1 4 0 
47508 648 289 66 1 299 63 3 181 917 17 1 6 1 0 
47499 695 303 52 1 291 52 2 186 899 14 0 2 4 0 
47559 642 290 54 3 312 50 1 166 899 11 6 6 1 0 
47574 611 288 60 0 320 50 3 166 903 13 2 6 4 0 
47474 719 299 47 4 322 44 6 158 907 11 3 4 2 0 
47463 681 314 57 4 315 53 2 178 906 10 5 3 9 0 
47538 671 318 56 5 320 41 3 166 859 11 4 7 1 0 
47483 688 284 72 5 332 65 5 179 860 14 2 4 7 0 
47548 658 279 52 3 302 61 4 179 893 9 1 3 8 0 
47599 627 298 64 4 299 52 4 167 864 9 3 4 6 0 
47611 663 288 51 2 272 60 2 167 865 10 1 2 6 0 
47583 656 309 54 4 294 57 0 179 841 13 2 3 5 0 
47594 663 301 71 3 255 61 5 168 859 10 3 5 2 0 
47528 652 295 55 1 297 48 5 201 886 18 3 5 6 0 
47455 734 332 59 4 295 57 3 172 869 9 2 4 5 0 
47631 625 279 57 7 299 52 2 174 858 8 1 6 1 0 
47509 705 313 63 1 302 41 2 172 860 15 5 8 4 0 
47546 674 287 61 1 285 62 3 168 895 12 1 0 5 0 
47574 660 292 62 2 277 59 4 189 854 16 1 5 5 0 
47566 673 283 51 7 320 51 3 180 838 8 4 10 6 0 
47607 649 294 39 4 307 64 2 172 834 18 2 5 3 0 
47528 664 284 53 4 311 60 4 182 887 12 2 4 5 0 
47671 638 319 54 6 289 63 3 143 792 11 2 5 4 0 
47664 660 286 44 4 261 55 7 151 848 13 2 2 3 0 
47513 677 313 62 3 323 59 6 139 888 8 3 2 4 0 
47554 635 314 60 5 306 66 4 172 868 8 1 3 4 0 
47476 683 292 50 7 324 59 5 190 883 16 2 5 8 0 
47546 635 308 49 4 309 59 7 198 859 12 3 6 5 0 
47584 647 294 51 3 321 56 5 164 860 7 2 2 4 0 
47533 669 316 40 1 303 56 3 172 881 16 2 4 4 0 
47576 649 286 63 1 279 52 3 175 889 14 6 4 3 0 
47528 639 302 62 5 306 52 4 180 897 9 5 8 3 0 
47585 653 301 48 4 309 46 8 159 865 11 4 5 2 0 
47594 629 293 53 4 297 44 3 167 903 8 0 1 4 0 
47473 673 297 56 5 326 54 5 169 913 16 5 5 3 0 
47540 669 310 45 3 306 49 3 182 872 10 2 4 5 0 
47535 646 291 69 3 305 55 3 165 902 16 0 6 4 0 
47529 663 329 59 3 333 55 5 183 818 13 2 6 2 0 
47512 637 315 66 6 332 52 4 185 866 15 1 7 2 0 
47482 729 298 48 0 312 51 5 172 886 7 2 4 4 0 
47587 675 282 51 3 303 37 7 196 837 11 1 2 8 0 
47520 663 288 50 4 323 57 1 178 895 9 1 2 7 2 
47629 647 279 55 6 286 43 4 150 877 10 4 7 3 0 
47456 706 308 74 6 292 48 5 177 902 12 3 7 4 0 
47626 621 301 54 4 295 58 2 181 833 17 0 5 3 0 
47527 649 344 58 8 282 55 6 166 883 9 2 5 6 0 
47531 661 319 63 3 287 53 6 157 897 11 5 2 5 0 
47489 671 327 47 6 318 41 1 187 895 12 1 1 4 0 
47564 660 306 53 2 295 71 3 165 866 6 4 3 2 0 
47597 669 276 58 2 303 55 4 157 856 10 2 8 3 0 
47540 676 318 49 2 268 58 5 161 897 15 0 5 6 0 
47458 722 306 62 7 301 58 6 160 891 18 3 3 5 0 
47513 632 264 56 4 338 79 3 180 902 13 3 6 7 0 
47528 648 325 58 6 310 50 5 175 869 12 4 5 5 0 
47608 642 294 56 4 288 56 3 153 866 12 4 9 5 0 
47420 691 291 55 6 315 47 6 179 961 15 4 5 5 0 
47573 665 271 50 3 290 57 1 185 866 20 4 10 5 0 
47495 710 286 51 4 304 62 1 184 877 14 3 7 2 0 
47527 684 321 59 5 300 53 4 182 843 16 1 1 4 0 
47650 641 278 54 4 279 42 4 173 845 17 2 4 7 0 
47634 644 273 58 2 284 53 4 162 869 10 2 2 3 0 
47586 646 315 53 5 309 55 4 158 846 11 1 8 3 0 
47602 622 287 46 7 324 59 2 171 860 11 1 4 4 0 
47558 659 294 53 7 289 50 1 178 881 15 3 9 3 0 
47546 647 305 49 4 325 53 6 178 861 12 5 2 7 0 
47552 643 300 55 4 292 52 4 180 898 9 0 4 7 0 
47589 634 294 50 1 321 59 5 166 851 16 4 5 5 0 
47548 680 293 55 1 287 63 2 179 869 10 2 6 5 0 
47508 692 272 57 3 299 66 4 188 887 15 1 3 5 0 
47584 630 312 59 7 294 58 3 177 855 13 1 2 5 0 
47602 644 273 62 4 297 46 5 165 883 9 1 7 2 0 
47572 665 304 46 5 278 67 4 168 862 17 3 4 5 0 
47604 621 309 60 3 319 44 3 137 876 8 4 6 6 0 
47686 614 308 53 5 281 43 4 164 817 12 5 6 2 0 
47536 715 301 64 3 306 65 7 168 810 16 2 2 5 0 
47609 664 299 51 5 291 50 3 158 847 10 4 6 3 0 
47600 656 316 57 6 266 47 7 159 861 13 1 4 7 0 
47553 665 334 55 2 295 52 4 193 830 10 2 1 4 0 
47519 704 291 61 1 283 61 3 170 880 10 4 5 8 0 
47522 668 296 54 2 306 60 7 186 872 19 1 3 4 0 
47571 680 311 46 6 276 59 4 169 861 7 1 3 6 0 
47453 735 318 57 3 293 59 2 186 878 11 2 2 1 0 
47548 664 327 55 5 300 62 2 170 837 19 2 5 4 0 
47517 667 298 46 2 308 60 4 195 881 10 1 7 4 0 
47503 674 292 74 4 273 55 4 205 886 17 1 2 10 0 
47582 656 252 59 4 297 55 3 179 893 16 0 0 4 0 
47573 651 310 59 4 284 65 4 196 823 16 5 4 6 0 
47517 685 338 52 3 308 50 4 166 849 15 4 4 5 0 
47544 672 287 58 2 274 66 4 168 898 10 5 6 6 0 
47592 630 311 52 2 292 55 3 181 861 12 5 3 1 0 
47537 644 292 65 3 320 56 5 152 902 11 5 5 3 0 
47615 658 284 50 3 289 57 5 179 837 8 2 7 6 0 
47520 643 307 54 4 299 60 3 184 911 10 1 2 2 0 
47539 620 306 59 5 299 70 4 187 893 11 1 4 2 0 
47519 691 303 51 4 311 44 3 171 876 11 7 2 7 0 
47460 706 300 52 4 316 71 5 188 874 15 2 3 4 0 
47459 703 285 55 3 308 78 3 173 906 14 1 5 7 0 
47596 643 311 47 3 291 46 3 203 837 10 1 4 5 0 
47488 726 308 54 2 297 60 2 166 877 11 2 2 5 0 
47528 671 286 58 4 294 58 6 188 882 13 4 4 4 0 
47554 666 280 54 0 335 75 3 159 855 9 3 3 4 0 
47500 695 305 49 5 321 61 5 193 847 6 1 7 5 0 
47426 704 313 69 1 298 69 4 181 918 10 1 1 5 0 
47560 598 296 39 4 309 58 2 180 935 8 4 4 3 0 
47536 634 303 67 2 311 59 2 169 886 17 4 3 7 0 
47583 601 321 44 7 313 48 4 182 876 14 1 3 3 0 
47491 635 319 58 0 313 50 3 172 937 17 0 1 4 0 
47534 657 307 68 4 301 53 2 152 900 10 2 5 5 0 
47524 682 296 47 6 309 49 4 165 895 11 2 8 2 0 
47530 653 315 51 4 307 51 3 177 889 13 2 3 2 0 
47536 727 282 47 4 274 61 8 178 850 23 3 3 4 0 
47559 666 317 48 5 300 56 4 167 858 11 3 4 2 0 
47418 670 290 74 5 299 62 5 196 959 11 1 8 2 0 
47493 673 299 70 3 323 60 3 205 851 9 2 6 3 0 
47453 682 293 52 0 311 51 6 188 944 6 0 7 7 0 
47493 669 288 64 5 318 53 3 185 899 13 4 1 5 0 
47559 641 299 56 5 272 54 1 197 886 20 2 5 3 0 
47605 639 298 58 2 290 57 5 170 856 9 0 6 5 0 
47510 691 283 63 4 307 49 1 171 903 11 2 3 2 0 
47571 655 311 57 1 277 52 3 161 884 10 3 10 5 0 
47464 669 319 66 8 300 50 4 176 924 12 2 4 2 0 
47596 627 306 51 5 275 66 2 180 869 13 0 4 6 0 
47546 630 293 57 4 286 68 6 160 927 9 4 7 3 0 
47497 686 295 66 3 300 66 5 186 866 13 2 9 6 0 
47582 660 316 48 3 286 55 3 159 868 7 4 4 5 0 
47470 716 297 50 2 306 61 2 216 854 13 5 4 4 0 
47523 692 285 58 7 284 58 4 160 909 6 2 5 7 0 
47586 654 308 61 6 301 55 6 175 829 8 1 6 4 0 
47503 648 335 57 4 310 70 1 170 877 13 3 3 5 1 
47604 641 286 46 1 310 57 1 191 829 19 2 9 4 0 
47546 684 276 54 4 302 59 2 166 886 14 0 2 5 0 
47578 621 280 53 5 294 48 4 189 894 19 4 6 4 1 
47652 656 279 47 2 294 65 1 172 814 7 2 7 2 0 
47561 639 325 58 2 271 59 2 170 891 12 1 3 6 0 
47531 677 297 46 1 302 55 2 171 895 13 0 5 5 0 
47633 625 294 55 3 282 53 3 147 882 13 1 5 4 0 
47508 672 278 59 0 314 64 3 203 880 11 2 1 5 0 
47630 640 259 55 4 272 63 7 174 864 16 3 6 7 0 
47523 640 344 55 5 318 59 4 178 850 15 4 4 1 0 
47593 682 283 52 2 294 61 6 172 835 12 3 2 3 0 
47505 678 304 56 2 296 57 5 174 902 10 4 5 2 0 
47566 640 303 42 5 279 67 5 197 870 10 6 4 6 0 
47542 684 279 62 4 300 60 5 192 856 10 3 1 2 0 
47470 698 279 57 4 335 59 2 175 909 6 2 1 3 0 
47584 646 299 54 3 293 55 7 163 870 15 2 4 5 0 
47608 638 298 63 3 281 51 3 179 845 17 4 2 8 0 
47517 668 310 51 3 302 55 4 175 891 14 4 6 0 0 
47541 710 303 52 3 288 58 5 198 817 11 1 3 10 0 
47598 664 310 51 2 296 45 6 165 847 7 2 7 0 0 
47584 665 307 51 2 314 42 6 175 832 12 1 6 3 0 
47457 671 295 54 2 318 52 7 178 943 10 5 5 3 0 
47526 637 284 71 4 290 57 8 196 904 9 3 6 5 0 
47588 658 310 50 2 285 56 5 169 847 11 4 8 7 0 
47588 676 283 47 3 284 59 6 167 863 10 4 6 4 0 
47534 661 319 59 4 300 52 7 172 865 10 3 4 10 0 
47596 665 274 43 7 270 58 5 194 863 13 1 4 7 0 
47596 652 305 51 2 305 63 3 192 806 12 5 5 3 0 
47506 673 332 51 4 303 51 3 205 853 12 1 4 2 0 
47511 671 286 60 4 316 69 3 158 902 9 2 5 4 0 
47602 626 297 51 2 304 59 4 177 861 8 4 2 3 0 
47562 648 305 47 3 317 63 3 184 852 11 1 1 3 0 
47505 672 321 59 2 306 54 3 171 888 9 1 4 5 0 
47565 636 308 59 1 286 58 5 175 874 18 2 6 7 0 
47569 693 278 64 4 281 65 3 188 829 15 2 5 4 0 
47527 686 297 55 2 284 48 1 175 907 13 0 0 4 1 
47560 675 307 68 6 301 64 5 177 812 6 6 8 5 0 
47501 669 306 53 3 337 51 3 170 886 13 1 4 3 0 
47545 645 299 63 0 319 63 3 180 869 5 2 4 3 0 
47450 652 335 49 4 293 62 2 209 916 13 1 8 6 0 
47588 631 280 57 6 311 65 3 177 853 13 4 6 6 0 
47579 650 316 61 4 302 67 4 157 839 8 2 5 6 0 
47598 646 296 58 3 297 49 1 177 858 8 2 2 5 0 
47587 672 313 58 4 277 46 3 168 850 13 1 3 5 0 
47427 698 300 70 3 320 71 3 183 902 13 3 5 2 0 
47467 683 291 56 1 317 67 2 183 909 13 1 7 3 0 
47531 618 308 53 5 334 64 4 173 885 13 4 6 2 0 
47586 652 291 54 2 295 51 3 158 892 9 0 3 4 0 
47553 646 301 71 5 273 74 1 173 875 15 2 3 8 0 
47496 681 313 60 1 307 43 0 150 925 15 2 4 3 0 
47640 666 309 49 3 262 56 3 153 832 11 3 6 7 0 
47620 615 317 54 5 300 54 3 164 842 16 2 5 3 0 
47500 669 317 57 3 310 66 4 183 865 14 4 3 5 0 
47567 660 283 52 2 278 68 4 176 881 16 2 7 4 0 
47551 640 301 54 3 303 45 2 161 922 7 3 3 5 0 
47567 676 286 51 5 302 51 1 173 866 12 2 5 2 1 
47549 673 300 52 5 302 46 3 155 889 13 1 5 7 0 
47530 664 311 46 1 303 55 2 210 850 15 4 2 7 0 
47607 619 292 57 4 297 59 2 173 868 12 1 3 6 0 
47588 641 291 62 4 266 53 0 168 908 8 1 5 5 0 
47566 631 312 47 2 320 73 2 169 855 14 2 6 1 0 
47466 671 342 63 4 296 49 5 166 919 7 2 5 5 0 
47517 634 328 57 3 317 63 1 173 879 16 5 4 3 0 
47520 674 275 64 5 304 60 3 168 895 14 3 9 6 0 
47462 680 301 60 5 317 42 5 179 911 13 4 12 9 0 
47499 668 322 59 5 275 52 2 155 939 8 4 6 6 0 
47555 645 342 49 1 285 58 4 188 846 12 4 6 5 0 
47467 693 325 57 6 305 57 6 195 870 9 1 5 4 0 
47689 616 270 62 2 275 52 0 166 851 12 0 3 2 0 
47538 666 332 56 4 293 39 3 188 863 7 1 5 5 0 
47560 617 344 64 6 285 43 1 153 900 18 3 4 2 0 
47483 691 349 57 4 279 56 2 171 885 14 2 4 2 1 
47563 678 295 51 3 278 55 1 182 875 13 1 2 3 0 
47588 629 315 54 4 298 54 8 178 843 11 3 5 10 0 
47471 680 295 63 3 330 65 5 172 892 12 3 5 4 0 
47576 680 290 45 4 304 46 1 186 845 14 0 4 5 0 
47599 673 277 62 4 270 51 2 169 871 11 3 1 7 0 
47631 615 299 39 4 291 58 4 178 864 8 3 4 2 0 
47585 648 292 55 3 297 71 6 164 845 14 5 7 8 0 
47554 657 325 56 3 303 55 5 157 868 6 6 2 3 0 
47538 668 291 56 3 315 49 5 180 872 11 4 7 1 0 
47552 641 318 54 1 293 60 4 158 892 15 3 5 4 0 
47497 669 284 45 2 337 53 2 187 901 15 2 2 4 0 
47553 637 319 54 5 295 61 5 170 873 8 5 7 8 0 
47612 632 309 51 7 267 49 3 159 889 15 2 3 2 0 
47511 693 304 56 2 307 38 1 149 911 11 7 4 6 0 
47577 630 291 54 6 331 45 3 174 860 10 3 7 9 0 
47557 651 314 47 3 293 56 7 163 879 17 3 5 5 0 
47609 670 308 54 3 251 43 3 169 865 12 4 4 5 0 
47571 671 292 67 0 288 51 4 176 859 14 2 2 3 0 
47608 645 290 76 2 296 45 6 149 860 10 3 5 5 0 
47640 596 291 54 4 296 58 4 172 864 10 3 2 6 0 
47541 701 287 63 6 293 61 5 177 851 9 2 1 3 0 
47531 653 331 55 2 290 68 3 188 851 16 5 4 3 0 
47530 687 281 54 5 292 66 1 203 865 10 2 4 0 0 
47548 658 326 61 3 273 55 2 163 889 8 3 4 7 0 
47589 638 331 58 1 294 51 2 182 825 20 1 3 5 0 
47569 671 306 53 1 287 46 5 169 867 7 7 8 4 0 
47588 681 297 49 2 293 48 4 171 836 20 3 3 5 0 
47609 667 277 64 0 292 37 4 173 852 12 2 6 5 0 
47544 676 330 44 7 274 53 2 169 873 15 3 5 5 0 
47537 650 324 63 4 305 50 2 150 888 16 4 2 5 0 
47555 677 310 58 0 324 59 6 160 826 11 3 6 5 0 
47591 639 290 47 3 277 47 3 175 904 11 5 3 5 0 
47555 665 283 55 5 275 48 6 195 889 11 1 5 7 0 
47565 643 296 55 3 307 40 6 160 912 5 1 3 4 0 
47603 686 284 53 2 264 63 5 181 842 8 4 3 2 0 
47617 634 299 46 4 307 54 1 171 840 18 1 2 5 1 
47504 651 293 55 1 312 63 2 189 911 8 2 5 4 0 
47670 604 292 45 6 291 62 4 174 829 13 4 3 3 0 
47594 672 293 48 5 289 53 3 180 843 10 4 3 3 0 
47635 618 303 59 3 296 44 4 170 854 8 0 3 3 0 
47564 697 288 42 2 291 57 4 146 889 11 1 7 1 0 
47509 665 273 60 3 348 54 4 172 885 15 4 4 4 0 
47517 666 284 59 4 334 52 4 177 880 13 1 5 4 0 
47526 677 310 55 5 302 48 1 187 872 4 0 4 9 0 
47544 680 310 51 1 289 49 2 177 873 16 5 1 2 0 
47601 669 274 69 2 291 69 3 142 860 8 1 5 6 0 
47491 674 299 68 3 279 55 3 196 895 21 6 5 5 0 
47595 632 284 63 5 300 60 2 158 878 10 2 6 5 0 
47540 639 294 58 5 342 62 3 177 865 8 2 1 4 0 
47639 689 258 54 5 296 54 2 158 825 8 1 5 6 0 
47511 700 312 48 6 309 49 7 162 879 8 3 3 3 0 
47545 660 305 61 2 284 43 2 166 902 17 5 2 6 0 
47588 632 289 55 2 300 47 3 169 885 17 2 6 5 0 
47543 639 336 47 6 300 53 4 175 874 17 3 2 1 0 
47485 658 299 62 4 350 60 2 187 872 9 3 7 2 0 
47619 631 314 48 2 299 62 4 173 833 5 3 7 0 0 
47634 636 290 58 1 296 67 5 172 812 19 1 4 5 0 
47528 670 344 45 3 296 41 2 170 877 12 2 2 8 0 
47556 667 285 56 2 284 48 2 185 892 11 6 0 6 0 
47512 685 314 57 4 320 52 5 174 846 16 0 7 8 0 
47535 636 313 54 0 282 52 6 187 915 12 0 1 7 0 
47555 617 309 82 3 292 71 3 161 884 13 2 4 4 0 
47536 660 305 53 4 306 62 4 159 872 19 4 7 8 1 
47546 671 288 60 7 276 64 5 174 892 5 1 5 6 0 
47547 679 291 47 5 288 69 2 172 873 14 2 6 5 0 
47598 669 288 46 1 308 53 4 169 840 11 4 3 5 1 
47589 648 309 61 6 273 64 7 169 856 12 0 3 3 0 
47598 646 287 64 5 316 62 2 176 820 12 4 7 1 0 
47673 609 301 48 2 284 47 3 163 851 15 1 0 3 0 
47507 683 294 42 3 333 56 1 147 896 21 5 7 5 0 
47526 666 307 55 3 309 50 6 155 904 13 1 2 2 1 
47632 624 294 57 1 269 46 2 168 879 8 3 9 8 0 
47603 635 292 55 3 318 56 1 168 847 10 1 9 2 0 
47542 702 287 46 5 318 54 5 161 864 4 1 5 6 0 
47479 650 360 59 6 290 57 0 177 893 13 4 6 6 0 
47585 636 315 59 6 299 53 3 168 850 11 5 4 6 0 
47575 670 279 56 3 276 50 4 162 906 11 2 4 2 0 
47558 641 298 50 5 302 53 1 160 905 13 2 3 9 0 
47572 647 287 51 8 297 63 2 201 849 13 0 5 5 0 
47581 656 297 52 2 302 55 1 174 856 13 1 5 5 0 
47635 643 274 53 4 289 67 7 177 819 15 3 6 8 0 
47507 644 282 69 3 310 50 1 173 936 10 4 6 5 0 
47608 651 303 49 1 283 51 5 168 851 16 3 6 4 1 
47588 665 280 54 1 265 57 2 152 905 14 4 10 3 0 
47530 637 298 49 1 313 60 4 202 875 22 3 5 1 0 
47574 660 300 76 5 277 54 6 174 854 5 3 5 7 0 
47482 671 287 67 4 329 48 4 173 912 13 3 4 3 0 
47457 678 278 64 0 328 62 3 195 921 6 0 5 3 0 
47552 657 307 65 1 302 69 6 152 869 13 1 2 4 0 
47582 638 283 56 4 293 63 4 181 875 15 1 3 2 0 
47569 653 295 51 3 295 64 3 158 886 12 1 6 4 0 
47550 637 325 60 4 354 46 1 167 825 17 4 5 4 1 
