47534 599 280 104 1 335 56 5 151 904 13 3 5 10 0 
47470 630 314 89 2 348 52 1 150 920 14 2 3 4 1 
47591 590 302 86 4 324 44 5 149 884 8 5 1 7 0 
47573 601 308 93 4 326 66 1 141 860 13 5 4 5 0 
47594 587 295 89 5 325 44 1 126 916 8 2 6 2 0 
47535 614 319 94 1 335 39 4 154 889 7 1 4 4 0 
47607 596 299 92 4 343 50 3 119 869 7 2 1 8 0 
47593 550 284 100 5 325 45 6 156 916 10 3 4 3 0 
47647 584 284 97 6 322 59 1 127 852 9 1 5 6 0 
47599 541 313 89 6 360 52 5 134 870 19 2 5 5 0 
47607 580 299 94 4 342 44 2 140 868 13 1 1 5 0 
47556 609 307 91 2 319 63 1 133 905 3 1 2 8 0 
47685 555 292 87 1 321 50 4 144 837 11 6 4 3 0 
47541 568 318 106 5 352 61 0 132 899 11 2 2 3 0 
47550 558 321 90 4 349 57 5 139 904 10 4 3 6 0 
47577 567 317 80 4 327 63 4 145 885 8 3 8 12 0 
47643 588 296 79 4 335 39 3 138 855 12 1 5 2 0 
47636 586 286 67 4 329 46 2 141 877 15 2 4 5 0 
47554 614 266 86 1 352 73 5 131 891 10 3 4 10 0 
47509 578 312 105 3 343 57 4 144 920 14 1 6 4 0 
47584 577 298 77 3 376 48 4 123 886 15 2 5 2 0 
47610 551 318 89 1 319 55 3 135 896 13 1 4 5 0 
47627 609 277 101 1 332 54 3 121 837 13 2 9 14 0 
47484 559 317 90 3 360 51 3 170 937 11 4 4 7 0 
47593 574 295 107 3 340 56 2 162 843 16 3 1 5 0 
47603 573 292 86 1 344 65 4 152 852 10 4 8 6 0 
47574 588 302 96 6 325 64 6 145 871 10 1 5 7 0 
47591 579 279 112 7 326 49 4 116 916 11 2 4 4 0 
47581 571 296 98 3 340 59 3 127 897 14 6 1 4 0 
47653 590 301 93 7 316 52 4 133 824 13 4 4 6 0 
47568 584 305 105 5 312 59 7 136 896 11 3 4 5 0 
47621 572 296 105 0 321 39 3 152 869 8 0 6 8 0 
47560 579 296 92 0 353 66 6 148 876 11 3 4 6 0 
47635 573 260 95 3 323 59 5 129 901 9 1 1 6 0 
47599 586 312 77 2 363 52 4 142 833 13 3 6 8 0 
47495 588 294 87 4 378 68 4 146 914 8 4 4 6 0 
47524 633 311 98 4 325 64 3 144 877 7 3 3 4 0 
47672 530 292 79 5 308 71 4 132 886 10 0 6 5 0 
47591 651 299 94 0 345 49 3 135 811 11 2 4 5 0 
47560 610 315 86 2 332 47 3 131 893 8 5 4 4 0 
47539 606 304 107 6 353 47 4 140 870 13 2 4 5 0 
47550 621 303 96 4 317 61 1 159 862 11 4 4 7 0 
47597 587 294 79 5 351 48 3 123 892 6 4 1 10 0 
47499 599 315 106 3 352 51 4 156 895 9 3 3 5 0 
47624 576 289 92 3 323 59 4 138 874 7 3 5 3 0 
47622 605 315 99 1 323 55 2 122 832 12 5 3 4 0 
47595 609 279 104 4 332 47 2 122 880 12 5 2 7 0 
47601 563 318 81 2 345 63 3 142 854 18 3 6 1 0 
47598 623 307 82 2 305 54 4 130 872 7 3 9 4 0 
47556 578 316 108 2 328 57 4 145 891 10 1 2 2 0 
47541 601 316 91 3 304 57 2 152 911 6 0 6 10 0 
47605 590 291 91 3 348 52 6 152 834 13 3 7 5 0 
47495 658 316 99 5 318 50 3 147 880 13 3 5 8 0 
47627 585 290 93 2 330 46 5 148 855 9 2 4 4 0 
47598 561 317 95 3 340 46 6 151 860 10 2 6 5 0 
47591 575 280 108 2 341 55 4 146 871 12 2 4 9 0 
47606 579 324 98 3 335 44 2 132 862 6 0 2 7 0 
47600 530 325 93 3 312 46 5 138 922 9 3 6 7 1 
47626 590 280 98 4 323 55 5 134 865 10 0 1 9 0 
47564 626 308 94 4 334 55 3 132 855 10 1 8 5 1 
47606 605 293 92 6 311 59 2 124 875 10 3 5 9 0 
47617 577 301 87 4 327 51 2 135 878 9 1 5 6 0 
47569 603 306 94 2 325 59 4 132 891 7 1 3 4 0 
47558 609 290 83 3 356 45 3 138 892 15 1 2 5 0 
47540 592 288 106 3 346 79 4 151 867 13 3 6 2 0 
47616 604 283 79 4 322 61 3 137 869 11 1 7 3 0 
47518 560 275 88 6 361 61 4 149 952 12 3 4 7 0 
47639 615 283 100 4 306 55 3 136 837 12 1 3 6 0 
47547 611 293 94 1 338 60 4 150 874 7 3 8 10 0 
47596 572 289 88 3 316 59 4 148 896 11 4 4 10 0 
47623 582 305 80 3 344 57 4 131 853 11 2 3 2 0 
47587 590 321 93 4 324 52 3 129 874 11 1 5 6 0 
47585 617 280 86 4 328 55 4 126 889 9 4 6 7 0 
47680 590 264 91 3 324 46 4 134 844 8 1 3 8 0 
47609 593 320 75 4 324 51 4 120 886 7 0 2 5 0 
47678 601 290 88 0 300 54 6 123 839 13 2 3 3 0 
47591 583 304 91 3 339 63 4 138 871 8 0 3 2 0 
47670 569 298 101 4 316 59 1 126 837 8 3 2 6 0 
47623 572 291 104 3 340 57 0 133 847 14 3 8 5 0 
47575 600 337 95 0 305 52 1 140 865 16 2 6 6 0 
47606 549 308 102 2 322 55 1 142 897 6 1 4 5 0 
47558 576 305 74 4 325 62 1 167 904 8 2 6 8 0 
47584 596 310 97 3 309 52 7 138 887 8 3 3 3 0 
47600 586 297 95 5 332 56 2 126 869 18 3 3 8 0 
47558 556 324 105 7 337 54 5 158 872 11 2 4 7 0 
47574 616 254 91 5 362 50 5 130 889 11 2 5 6 0 
47556 587 328 83 2 353 54 2 132 883 13 1 3 3 0 
47751 514 295 91 2 314 49 5 142 813 9 2 5 8 0 
47655 550 289 83 2 337 66 8 119 860 11 6 8 6 0 
47566 595 292 94 2 344 60 3 158 860 9 2 8 7 0 
47644 622 296 90 5 284 49 2 143 844 7 2 3 9 0 
47537 579 307 96 4 344 63 1 144 894 11 3 5 12 0 
47584 556 317 90 7 341 39 5 137 893 10 3 9 9 0 
47652 608 256 72 6 333 65 0 139 846 10 1 4 8 0 
47570 553 303 98 5 333 62 2 150 903 9 3 3 6 0 
47530 616 298 114 7 349 54 4 148 850 18 2 3 7 0 
47638 554 306 108 3 327 44 3 130 857 18 3 3 6 0 
47678 536 273 101 1 352 45 6 139 844 11 8 3 3 0 
47565 621 292 86 3 329 63 5 131 891 6 3 1 4 0 
47582 613 310 110 4 328 45 7 139 837 12 3 6 4 0 
47588 610 293 102 4 330 49 5 122 870 13 2 3 9 0 
47573 619 315 82 3 344 52 3 134 845 12 3 3 12 0 
47660 626 317 70 1 283 53 2 129 845 6 1 5 2 0 
47612 618 312 78 0 342 44 2 146 828 7 5 4 2 0 
47569 585 312 71 7 335 53 7 141 896 12 2 5 5 0 
47591 557 303 85 8 336 53 4 123 914 10 4 8 4 0 
47619 582 261 96 0 326 57 3 139 895 11 3 1 7 0 
47496 643 313 92 5 339 56 4 140 893 7 5 3 4 0 
47647 610 300 100 3 294 53 3 146 817 15 2 5 5 0 
47549 596 297 80 2 374 74 4 134 869 12 2 1 6 0 
47580 593 326 76 3 345 53 8 149 839 9 2 7 10 0 
47666 597 251 80 0 312 50 1 133 881 11 3 6 9 0 
47614 593 310 104 2 319 49 0 147 843 11 3 4 1 0 
47591 567 334 87 4 335 61 5 133 847 18 3 6 9 0 
47588 638 288 91 4 305 68 5 147 848 11 1 3 3 0 
47600 568 329 92 5 311 51 5 148 879 8 2 0 2 0 
47594 584 295 105 5 322 58 4 135 871 10 4 7 5 1 
47646 577 301 79 7 337 52 2 154 830 7 2 3 3 0 
47533 590 297 107 4 347 61 0 125 912 10 3 5 6 0 
47593 615 263 91 2 335 56 2 140 881 10 2 4 6 0 
47653 583 301 79 2 323 66 4 126 833 13 1 7 9 0 
47604 604 295 83 4 334 43 6 140 867 14 1 2 3 0 
47569 579 303 89 2 334 64 5 130 905 7 1 4 8 0 
47594 570 299 67 1 360 56 6 128 888 9 3 8 11 0 
47624 589 271 83 9 347 45 4 131 872 9 3 5 8 0 
47552 569 316 82 6 375 57 6 148 869 7 4 4 5 0 
47635 599 331 79 6 324 59 6 122 819 10 4 1 5 0 
47686 550 287 92 0 320 71 3 132 827 15 7 7 3 0 
47564 566 298 99 2 365 63 3 156 864 7 3 3 7 0 
47527 604 304 83 2 336 40 2 155 930 11 1 4 1 0 
47610 583 303 78 5 337 51 4 148 855 9 8 4 5 0 
47566 584 293 96 6 314 82 3 140 897 7 2 5 5 0 
47645 593 279 87 3 327 60 0 131 853 10 2 5 5 0 
47568 616 255 92 6 351 62 7 170 848 10 1 6 8 0 
47669 507 311 91 3 326 61 5 150 861 6 2 1 7 0 
47638 579 299 88 1 332 46 3 115 879 8 6 3 3 0 
47614 558 277 95 3 356 54 2 125 889 14 3 5 5 0 
47645 586 293 87 3 305 65 3 132 860 7 1 7 6 0 
47583 573 336 107 0 327 54 3 134 861 10 2 4 6 0 
47555 599 319 74 2 332 63 5 127 900 11 2 3 8 0 
47626 619 296 82 3 339 58 3 147 796 13 5 7 6 0 
47544 630 307 102 4 337 59 3 142 849 10 0 8 5 0 
47611 589 281 81 5 335 55 2 146 878 12 0 1 4 0 
47562 606 283 94 7 334 52 4 146 887 15 1 3 6 0 
47534 599 291 102 2 349 62 1 132 907 11 2 1 7 0 
47526 588 318 100 4 317 63 3 139 920 6 3 5 8 0 
47620 545 311 85 3 358 53 3 147 857 9 4 3 2 0 
47573 578 293 89 3 345 50 2 145 895 8 5 3 11 0 
47565 601 312 100 2 352 64 3 150 825 12 4 4 6 0 
47561 573 340 83 4 292 70 2 140 905 13 3 5 9 0 
47635 571 302 88 0 327 53 1 136 865 15 1 4 2 0 
47577 592 325 91 1 346 68 5 105 865 12 1 4 8 0 
47590 581 276 100 4 340 61 3 123 902 6 4 4 6 0 
47550 589 301 102 2 346 58 3 143 880 11 3 5 7 0 
47582 577 272 97 8 325 61 6 163 887 12 1 3 6 0 
47616 548 304 95 3 347 65 5 130 866 7 2 4 8 0 
47600 632 298 91 3 322 58 1 121 849 9 2 7 7 0 
47554 623 298 82 7 335 52 4 145 884 6 3 3 4 0 
47597 601 313 82 6 316 50 5 118 885 9 4 7 7 0 
47577 618 302 77 5 326 51 4 132 881 17 4 1 5 0 
47622 612 280 79 3 321 59 8 132 866 11 3 2 2 0 
47587 564 291 102 0 356 65 4 141 860 9 9 6 6 0 
47574 575 339 90 4 336 62 5 147 847 8 0 6 7 0 
47618 614 294 80 2 340 56 4 137 837 8 1 5 4 0 
47513 618 305 97 3 339 50 3 103 946 7 1 3 12 0 
47576 621 291 88 2 343 67 2 150 836 10 5 2 7 0 
47636 603 293 88 3 311 56 4 142 844 11 4 2 3 0 
47615 581 261 91 3 349 58 2 148 872 9 2 6 3 0 
47580 607 292 89 2 336 56 2 156 856 8 3 6 7 0 
47585 595 314 84 2 345 49 1 147 853 10 3 7 5 0 
47543 581 314 78 2 325 44 6 146 932 13 3 6 7 0 
47537 605 288 97 3 363 50 7 154 874 7 4 1 10 0 
47554 617 300 85 2 357 49 2 152 854 15 2 3 8 0 
47579 584 268 84 3 353 63 4 144 901 9 1 4 3 0 
47598 584 313 89 8 360 54 4 143 831 8 2 3 3 0 
47548 604 305 107 4 338 60 3 119 887 11 5 5 4 0 
47652 561 281 78 1 348 67 3 127 861 9 2 6 4 0 
47595 598 304 93 4 334 64 2 136 851 8 1 4 6 0 
47595 583 298 82 6 365 45 6 137 866 7 1 2 7 0 
47569 554 290 91 2 357 60 4 138 916 10 3 2 3 1 
47658 557 323 94 2 299 47 1 128 863 13 3 4 7 1 
47623 593 309 87 3 322 55 6 135 846 9 0 3 9 0 
47595 603 315 95 3 319 63 2 142 844 11 0 2 6 0 
47661 561 290 85 2 332 68 1 128 844 6 7 7 8 0 
47665 582 268 94 4 320 53 6 144 850 4 1 3 6 0 
47531 611 307 94 1 355 58 1 128 896 11 2 2 3 0 
47606 618 272 73 3 322 48 1 137 895 10 2 6 7 0 
47528 605 285 84 4 340 48 4 157 930 6 1 3 5 0 
47630 569 287 100 3 337 71 4 123 857 13 3 1 2 0 
47540 594 281 76 1 334 68 2 146 934 14 3 2 5 0 
47552 591 315 104 2 312 82 1 136 875 14 1 9 6 0 
47603 596 288 95 2 328 54 3 135 874 14 1 3 4 0 
47528 635 289 88 6 334 50 2 133 903 9 3 8 12 0 
47573 571 299 111 2 326 46 3 134 914 9 0 3 9 0 
47646 571 289 82 4 358 51 1 126 858 11 2 0 1 0 
47558 603 302 82 3 344 60 3 144 880 6 1 7 7 0 
47611 593 294 66 1 331 57 2 138 886 8 3 3 7 0 
47708 547 290 82 2 303 50 1 138 857 15 1 4 2 0 
47635 551 294 94 1 325 52 2 136 885 16 1 2 6 0 
47647 548 315 95 5 328 47 1 152 845 5 1 7 4 0 
47539 580 297 86 3 363 59 6 147 895 12 2 6 5 0 
47533 571 339 97 5 349 51 1 146 885 11 6 3 3 0 
47509 657 286 83 2 335 58 2 151 892 9 2 7 7 0 
47576 589 311 83 5 322 58 5 123 909 9 3 5 2 0 
47541 606 280 99 3 339 56 0 141 909 12 2 4 8 0 
47481 646 338 95 1 307 66 2 159 886 7 2 4 6 0 
47539 619 289 102 3 355 53 2 146 872 9 2 6 3 0 
47717 553 294 83 3 339 53 5 110 810 14 2 7 10 0 
47601 592 312 93 8 360 49 3 118 845 8 3 6 2 0 
47630 571 333 80 5 302 56 3 132 864 10 1 8 5 0 
47543 600 322 102 1 377 43 1 132 859 7 1 4 7 1 
47691 583 277 96 1 316 52 4 116 841 10 1 3 9 0 
47598 580 280 87 2 346 41 4 156 880 14 1 4 7 0 
47606 571 291 98 6 361 63 4 126 845 15 2 3 9 0 
47566 611 291 82 3 344 55 2 128 893 10 2 6 7 0 
47531 605 290 104 5 324 60 8 142 910 13 0 4 4 0 
47532 618 319 98 3 347 50 1 156 848 12 3 7 6 0 
47579 559 298 95 5 365 51 2 140 883 10 5 4 4 0 
47599 576 294 93 5 333 54 5 151 875 5 1 3 6 0 
47624 547 302 106 5 314 79 2 155 850 5 3 4 4 0 
47536 610 308 74 8 367 52 5 140 880 6 4 5 5 0 
47525 594 303 96 5 315 60 3 140 942 6 3 2 6 0 
47635 574 310 89 4 334 54 4 133 839 11 4 5 4 0 
47627 545 280 90 2 322 62 3 175 868 14 2 1 9 0 
47590 583 304 87 3 345 53 3 149 865 8 4 1 5 0 
47613 585 289 84 8 316 62 2 129 884 16 1 7 4 0 
47635 563 302 85 7 313 60 6 123 881 15 1 2 7 0 
47577 571 300 82 5 344 59 4 132 902 6 1 7 10 0 
47560 579 303 109 4 341 62 4 124 892 6 4 7 5 0 
47625 577 292 88 3 325 63 2 146 861 8 0 1 9 0 
47612 565 336 79 1 353 53 4 128 849 6 2 3 9 0 
47543 613 310 87 5 351 60 4 139 867 8 2 5 6 0 
47572 580 307 86 4 339 59 9 137 881 13 4 3 6 0 
47559 578 295 84 4 361 60 2 124 906 8 1 8 10 0 
47652 556 287 100 3 322 46 8 107 894 10 6 5 4 0 
47537 609 290 95 6 351 56 2 148 887 9 2 7 1 0 
47586 590 305 92 5 349 60 3 139 845 11 5 2 8 0 
47653 561 286 74 2 344 63 5 135 852 10 2 9 4 0 
47520 609 288 98 3 357 81 2 144 865 14 6 5 8 0 
47630 565 294 102 3 342 48 5 149 839 10 3 6 4 0 
47602 575 293 95 2 345 63 1 132 873 8 3 3 5 0 
47589 601 287 86 1 306 52 6 133 914 9 5 2 9 0 
47496 619 311 102 2 351 45 5 139 901 11 2 5 11 0 
47471 609 300 85 5 385 68 6 127 930 3 2 7 2 0 
47627 569 291 77 0 356 58 3 151 840 12 5 5 5 1 
47605 617 275 90 3 301 68 2 131 884 11 3 5 5 0 
47597 561 284 100 2 373 48 3 121 877 9 6 7 12 0 
47593 608 295 93 3 333 51 3 130 874 8 2 2 5 0 
47488 646 318 95 7 357 44 5 145 877 8 0 4 6 0 
47652 569 317 88 3 348 55 4 130 816 6 2 2 8 0 
47585 582 274 86 2 354 54 3 129 906 12 1 4 8 0 
47616 556 323 88 5 332 46 4 134 872 9 2 3 10 0 
47550 602 299 101 5 333 58 2 133 891 14 3 4 5 0 
47555 592 336 102 6 314 56 6 140 868 12 2 6 5 0 
47547 552 318 89 2 360 44 1 125 936 8 2 5 11 0 
47591 590 291 88 3 354 69 4 135 855 12 0 2 6 0 
47538 575 306 102 5 361 60 7 140 879 19 1 4 3 0 
47576 572 330 99 2 311 50 4 143 886 12 3 2 9 1 
47519 586 309 101 5 337 69 5 155 886 14 4 3 7 0 
47621 526 292 90 2 357 46 3 133 914 10 0 3 3 0 
47627 599 290 86 4 321 45 2 121 888 7 4 4 2 0 
47576 578 311 99 5 329 65 1 137 879 6 5 5 4 0 
47529 613 293 97 2 321 53 4 133 929 16 2 5 3 0 
47552 586 286 88 4 339 56 4 133 934 9 0 3 6 0 
47653 571 299 85 7 314 65 0 137 852 6 5 2 4 0 
47607 587 280 97 2 349 44 8 141 868 6 4 4 3 0 
47642 541 300 85 1 327 41 4 124 911 8 3 8 4 1 
47591 576 302 94 5 344 63 4 139 853 12 1 6 10 0 
47589 587 311 88 3 325 58 3 145 861 16 3 4 7 0 
47621 588 295 84 3 310 72 2 128 877 7 2 4 7 0 
47576 634 312 96 4 319 54 3 137 846 7 3 3 6 0 
47625 609 303 78 3 324 41 8 129 853 13 1 8 5 0 
47633 591 270 91 1 310 69 2 136 872 15 2 3 5 0 
47582 566 309 91 3 328 64 6 140 884 14 2 6 5 0 
47594 576 300 92 1 356 47 6 128 875 11 5 4 5 0 
47647 546 293 91 4 319 52 4 154 870 7 3 7 3 0 
47527 603 268 90 4 335 60 6 142 947 10 2 1 5 0 
47675 551 289 76 3 298 61 0 151 869 11 4 4 8 0 
47593 594 298 85 3 321 59 3 137 884 12 2 5 4 0 
47596 596 282 89 2 326 57 6 136 883 14 5 4 4 0 
47546 620 350 87 3 332 47 4 128 863 8 6 4 2 0 
47601 597 290 84 3 319 50 3 132 899 5 2 5 10 0 
47533 648 305 94 0 303 56 6 148 885 12 1 3 6 0 
47561 599 288 79 9 325 68 4 164 890 6 1 6 0 0 
47584 584 317 81 7 306 52 3 146 903 5 1 5 6 0 
47554 605 296 104 1 342 55 4 143 875 11 4 5 1 0 
47528 616 288 101 2 320 60 7 139 915 7 5 9 2 1 
47583 608 281 99 2 378 41 2 132 849 9 5 3 8 0 
47664 580 283 98 1 347 44 4 136 820 11 5 2 5 0 
47603 543 308 95 8 339 46 1 134 891 17 2 4 9 0 
47572 575 311 91 5 344 58 5 152 864 11 2 6 4 0 
47567 589 290 108 3 323 60 6 137 889 9 3 6 10 0 
47637 559 276 112 1 308 61 3 122 896 10 3 5 7 0 
47552 604 314 102 4 349 53 5 146 852 10 2 3 4 0 
47692 556 286 83 3 351 57 2 122 827 9 4 4 4 0 
47630 570 288 100 2 318 60 6 148 851 12 4 5 6 0 
47655 572 292 80 2 313 52 4 132 877 8 2 6 5 0 
47638 594 276 84 2 319 62 5 130 876 5 0 5 4 0 
47598 598 302 86 4 346 41 4 134 862 10 1 6 7 1 
47660 560 304 70 0 337 51 3 132 862 12 3 3 3 0 
47686 594 288 73 1 318 40 7 130 841 7 6 4 5 0 
47610 574 289 82 2 364 53 6 141 863 5 2 5 4 0 
47608 585 293 95 2 322 47 4 151 876 6 2 6 3 0 
47550 639 315 86 0 326 61 3 183 820 6 3 4 4 0 
47598 576 297 98 5 335 53 5 128 881 14 2 5 3 0 
47632 534 303 89 3 342 65 3 141 864 12 4 4 4 0 
47633 575 315 77 0 317 49 6 151 851 12 2 6 6 0 
47578 590 282 92 6 335 72 7 156 860 10 1 3 6 2 
47545 592 310 76 2 372 57 4 154 866 5 3 5 9 0 
47612 601 314 80 3 328 61 5 162 814 8 5 3 4 0 
47658 563 294 89 2 337 59 2 123 860 5 4 1 3 0 
47600 606 289 91 4 336 61 3 128 869 4 3 4 2 0 
47561 615 303 88 4 342 54 6 139 864 10 3 5 6 0 
47514 613 307 98 2 370 62 5 136 870 12 0 7 4 0 
47672 555 298 89 5 335 55 4 150 817 11 1 6 2 0 
47570 574 298 95 4 323 64 3 150 893 9 3 8 6 0 
47501 603 318 92 2 363 70 2 132 897 10 0 6 4 0 
47544 606 295 89 3 334 59 2 145 901 10 2 4 6 0 
47551 611 292 83 0 321 78 5 160 880 11 3 2 3 0 
47607 611 289 107 5 337 39 3 130 853 7 2 6 4 0 
47610 609 317 88 1 311 65 0 146 832 10 3 3 5 0 
47472 604 344 97 4 315 58 2 150 923 15 4 5 6 1 
47647 562 299 86 2 362 52 2 123 844 5 3 8 5 0 
47647 582 307 100 0 309 40 2 137 851 13 4 5 3 0 
47596 569 289 78 2 364 60 2 146 868 15 0 6 5 0 
47565 606 289 107 3 316 54 4 139 896 12 1 4 4 0 
47621 617 287 90 0 333 41 6 124 850 16 3 6 6 0 
47605 621 301 88 2 335 57 2 142 828 6 4 5 4 0 
47514 575 296 95 2 360 59 2 157 919 10 1 4 6 0 
47589 602 305 85 2 325 68 5 146 850 5 5 7 5 1 
47576 603 297 101 3 368 60 4 142 827 9 2 1 7 0 
47570 562 318 72 1 356 56 3 147 891 10 6 2 6 0 
47622 577 316 92 6 329 60 2 126 847 9 3 5 6 0 
47625 593 299 98 2 340 78 3 140 797 8 5 4 7 1 
47517 604 338 90 6 354 54 2 131 886 6 3 5 4 0 
47625 580 290 79 3 337 49 6 141 864 16 2 1 7 0 
47603 574 284 79 2 327 54 3 143 903 9 5 6 8 0 
47557 574 331 81 5 332 54 2 136 906 10 1 6 5 0 
47573 578 325 84 2 341 55 4 134 876 9 6 4 9 0 
47579 554 325 96 1 334 40 6 148 890 14 2 8 3 0 
47540 618 315 81 5 315 46 5 133 919 8 2 9 4 0 
47524 617 308 101 3 317 56 1 131 919 10 1 6 6 0 
47524 616 306 98 4 333 50 3 142 905 10 3 1 5 0 
47614 593 295 94 1 326 56 3 132 869 7 1 4 4 1 
47643 552 278 91 3 316 47 3 140 902 11 3 3 8 0 
47574 543 344 91 5 341 54 3 123 897 10 5 6 4 0 
47640 562 294 92 4 303 48 7 136 894 9 1 5 5 0 
47599 555 282 87 3 353 43 1 132 921 11 1 7 5 0 
47550 610 304 90 6 316 60 3 137 897 19 1 5 2 0 
47659 584 287 92 2 346 47 2 126 829 11 2 7 6 0 
47650 587 311 96 4 300 57 3 112 859 9 1 5 6 0 
47524 592 284 93 6 344 50 3 134 948 8 3 7 4 0 
47567 604 299 80 4 290 61 4 171 894 11 2 3 10 0 
47618 554 307 93 2 336 54 3 123 883 10 3 4 10 0 
47500 617 307 91 5 349 61 3 130 918 9 0 3 7 0 
47590 597 299 86 0 363 58 3 131 851 9 4 3 6 0 
47624 575 292 83 2 311 60 3 146 883 10 5 1 5 0 
47564 596 297 85 1 354 44 1 131 902 14 1 3 7 0 
47639 577 294 90 2 314 55 3 150 857 10 1 5 3 0 
47587 574 288 96 0 328 64 3 140 899 6 3 3 9 0 
47507 608 294 116 4 366 57 5 135 884 10 3 3 8 0 
47618 590 332 103 5 318 40 4 142 825 16 1 4 2 0 
47581 600 296 96 2 328 62 3 125 885 10 2 5 5 0 
47588 611 295 101 1 307 52 3 153 868 11 3 2 5 0 
47514 576 326 93 2 354 42 1 159 903 16 2 6 6 0 
47609 567 287 113 4 337 54 1 128 883 11 1 2 3 0 
47504 598 296 90 4 358 55 1 136 929 15 5 4 5 0 
47636 583 284 78 4 349 60 2 136 853 8 2 4 1 0 
47611 637 291 93 3 320 40 5 139 846 8 2 3 2 0 
47584 577 289 90 4 361 49 3 156 858 17 2 7 3 0 
47640 620 312 80 3 314 66 4 125 818 7 0 1 10 0 
47525 554 298 91 3 339 67 2 155 945 11 3 2 5 0 
47572 583 294 90 0 342 60 4 139 897 10 2 1 6 0 
47623 617 283 83 1 327 51 1 153 833 14 1 6 7 0 
47571 588 287 79 4 325 69 2 143 907 13 2 5 5 0 
47559 581 313 77 5 321 72 3 152 894 7 3 5 8 0 
47474 635 301 104 5 359 56 1 148 897 9 1 4 6 0 
47667 623 292 96 1 309 54 5 146 784 14 4 2 3 0 
47613 571 317 94 4 318 55 2 143 864 8 5 2 4 0 
47682 571 297 87 3 325 46 3 133 832 10 1 5 5 0 
47700 559 310 86 6 294 49 4 133 838 10 3 3 5 0 
47608 565 309 92 2 316 59 2 134 886 13 5 3 6 0 
47547 610 299 84 4 355 47 4 142 882 11 3 4 8 0 
47449 618 342 99 3 351 51 5 156 905 11 1 2 7 0 
47577 599 274 79 5 318 45 0 145 936 8 5 5 4 0 
47596 550 318 101 5 331 68 3 138 872 8 2 4 4 0 
47607 565 317 94 5 348 47 2 146 847 11 1 5 5 0 
47577 587 328 82 3 337 64 2 140 860 12 2 3 3 0 
47584 568 311 100 4 346 47 4 146 868 14 2 4 2 0 
47566 567 303 90 1 350 58 4 155 883 7 1 7 8 0 
47575 596 315 80 4 333 55 3 133 886 12 3 3 2 0 
47673 547 299 73 2 320 54 4 131 868 11 3 8 7 0 
47616 571 295 99 4 332 50 5 144 860 11 3 5 5 0 
47424 649 326 94 6 363 47 2 154 911 12 3 3 6 0 
47577 533 335 106 5 344 49 4 137 891 10 0 2 7 0 
47495 585 313 104 5 346 53 1 153 914 8 5 8 10 0 
47600 561 279 99 6 348 45 5 136 886 12 5 5 13 0 
47569 609 288 95 5 357 56 2 135 857 13 1 8 5 0 
47549 610 296 90 2 358 57 2 115 904 7 2 2 6 0 
47604 643 310 102 2 314 52 3 140 812 10 3 2 3 0 
47615 599 287 82 2 324 55 3 140 868 11 4 2 8 0 
47598 615 280 83 1 351 41 5 131 869 15 1 6 4 0 
47529 589 329 93 6 330 48 4 173 872 11 4 4 8 0 
47558 579 326 89 4 296 62 1 152 907 11 4 2 9 0 
47652 561 277 95 3 368 67 5 163 791 10 1 3 4 0 
47666 595 279 80 0 304 64 1 132 855 8 2 8 6 0 
47585 613 311 111 2 312 48 4 147 846 10 2 5 4 0 
47506 611 328 94 1 326 73 2 137 894 12 3 6 7 0 
47597 571 269 98 0 330 64 2 150 889 11 2 7 10 0 
47550 615 301 91 2 354 65 4 156 847 4 2 3 6 0 
47590 596 282 85 6 332 47 2 124 913 7 1 8 7 0 
47603 554 277 92 2 338 56 2 138 924 6 4 1 3 0 
47659 595 294 83 2 315 58 4 134 837 12 1 3 3 0 
47579 594 333 84 4 320 66 2 145 847 16 1 4 5 0 
47530 604 314 85 3 328 78 6 160 871 12 1 4 4 0 
47489 593 318 104 3 347 57 5 144 920 7 2 6 5 0 
47683 511 301 84 3 296 60 4 145 901 6 0 3 3 0 
47638 547 291 88 3 328 51 1 134 891 9 4 5 10 0 
47518 592 300 93 2 338 58 8 160 908 10 4 5 4 0 
47564 618 303 92 1 358 40 5 129 873 8 1 3 5 0 
47686 581 275 83 4 299 52 1 137 852 13 3 3 11 0 
47665 570 257 80 3 312 62 2 129 897 5 3 8 7 0 
47675 567 314 81 4 322 52 3 131 822 13 2 4 10 0 
47617 524 301 106 2 327 40 4 144 921 9 0 2 2 1 
47630 589 293 84 5 326 57 3 122 866 13 1 5 6 0 
47558 603 289 93 1 356 62 2 137 880 11 2 2 4 0 
47580 617 285 69 6 338 55 6 135 885 7 3 4 9 1 
47571 603 268 91 1 364 48 5 165 847 22 3 6 6 0 
47574 605 279 101 3 333 51 2 145 892 6 2 6 1 0 
47481 610 293 102 7 346 63 3 151 928 8 3 2 3 0 
47564 589 317 84 3 353 54 6 143 860 9 3 5 10 0 
47586 593 300 108 1 312 58 3 146 871 10 1 4 7 0 
47636 612 293 88 3 344 52 4 104 830 17 2 4 11 0 
47645 559 280 93 2 348 55 6 147 837 16 2 2 8 0 
47537 616 322 110 2 305 70 3 136 872 11 1 8 7 0 
47608 585 288 79 6 343 58 3 136 874 6 4 3 7 0 
47586 579 328 85 1 316 54 4 142 875 15 3 6 6 0 
47609 606 272 90 4 350 60 5 115 866 10 3 5 5 0 
47606 576 274 92 3 345 65 2 129 885 12 2 4 5 0 
47568 563 290 105 7 344 62 6 183 852 5 5 4 6 0 
47670 566 284 83 2 340 63 2 144 820 7 3 5 10 1 
47605 556 317 86 5 338 57 4 157 851 12 3 4 5 0 
47555 610 284 99 4 336 46 4 142 892 13 4 4 7 0 
47585 588 303 89 3 327 55 2 157 868 11 1 4 7 0 
47631 579 307 85 2 326 50 5 126 860 17 2 1 9 0 
47584 575 320 86 5 322 71 1 136 879 9 3 3 6 0 
47651 560 285 75 6 315 66 2 150 870 11 1 2 6 0 
47566 587 323 96 2 331 62 6 146 861 8 2 5 5 0 
47483 621 310 84 3 327 56 4 146 937 17 1 2 9 0 
47570 585 322 98 1 338 56 5 144 857 5 4 9 6 0 
47581 593 289 93 2 363 63 2 128 859 12 4 5 6 0 
47617 597 301 74 2 325 47 7 145 861 11 1 7 5 0 
47545 596 322 100 2 331 45 3 155 883 5 2 8 3 0 
47553 598 317 91 4 332 50 0 124 906 17 0 5 2 1 
47519 609 322 89 3 352 59 3 136 886 12 1 5 4 0 
47637 589 298 80 2 321 49 4 130 864 11 3 5 7 0 
47627 568 275 99 3 318 45 3 142 892 15 2 5 6 0 
47587 569 303 90 10 337 52 2 145 881 10 1 5 8 0 
47653 620 310 79 2 308 58 3 122 828 14 0 1 2 0 
47615 540 287 102 8 315 56 5 138 902 13 2 7 10 0 
47656 574 314 68 2 322 47 1 144 855 8 2 3 4 0 
47621 556 284 89 8 348 49 4 137 882 13 4 2 3 0 
47505 641 316 89 1 328 64 4 169 854 13 4 5 6 1 
47534 621 286 113 3 323 60 3 148 886 7 5 3 8 0 
47614 584 284 86 2 341 62 2 145 864 4 4 2 6 0 
47598 597 273 93 3 334 55 5 127 891 10 1 5 8 0 
47602 587 276 88 6 336 46 5 119 911 10 4 7 3 0 
47571 606 281 80 11 356 67 6 137 860 11 4 5 5 0 
47568 591 320 83 4 320 54 2 130 901 11 4 5 7 0 
47553 617 323 86 3 353 64 3 147 832 14 0 3 2 0 
47653 593 299 83 2 313 52 3 144 836 7 4 5 6 0 
47568 582 281 88 0 362 64 3 120 906 8 1 8 9 0 
47589 574 302 95 2 358 35 3 144 874 9 3 5 7 0 
47464 593 303 94 4 350 55 3 143 967 13 4 5 2 0 
47610 574 316 99 2 321 60 2 145 852 9 3 2 5 0 
47623 630 286 86 5 279 61 2 139 867 10 2 4 6 0 
47584 622 302 89 5 334 56 5 144 838 8 4 3 6 0 
47665 538 323 97 3 337 54 5 142 814 7 5 6 4 0 
47630 568 297 90 5 322 40 5 140 885 9 0 2 7 0 
47564 585 277 94 5 319 48 3 125 958 14 1 3 4 0 
47594 588 303 104 4 324 48 2 130 879 11 4 4 5 0 
47657 551 303 88 1 320 64 6 163 828 6 1 5 7 0 
47655 611 286 74 1 332 49 8 137 825 8 2 5 7 0 
47619 591 306 97 1 336 53 8 135 841 5 1 3 4 0 
47618 556 304 102 5 332 41 3 123 886 15 5 7 3 0 
47541 613 296 69 5 347 64 3 142 900 8 2 2 8 0 
47585 596 258 100 4 317 59 3 165 892 10 3 4 4 0 
47651 562 293 98 5 321 66 2 136 849 9 4 3 1 0 
47564 579 295 94 4 314 52 1 151 920 14 3 4 5 0 
47557 621 301 89 2 330 62 4 138 864 13 4 4 11 0 
47594 631 288 104 5 304 69 3 135 845 7 1 8 6 0 
47628 586 308 72 6 330 49 3 126 863 9 3 5 12 0 
47679 589 291 86 5 301 69 6 160 789 6 4 7 8 0 
47532 609 336 92 2 348 49 7 134 863 13 2 5 8 0 
47605 546 339 90 2 337 63 2 134 859 14 0 7 2 0 
47555 601 305 92 2 380 58 1 152 836 5 3 4 6 0 
47586 599 319 90 1 332 56 5 125 862 13 4 5 3 0 
47552 609 305 88 2 348 64 3 119 892 5 3 4 6 0 
47570 587 322 81 8 350 56 3 144 849 11 4 6 9 0 
47611 545 298 98 1 361 55 10 130 867 11 4 5 4 0 
