47626 560 287 118 3 376 54 3 124 825 13 1 5 5 0 
47544 576 298 90 5 364 51 7 139 899 12 2 7 6 0 
47527 560 315 105 2 387 63 1 118 897 13 2 3 7 0 
47588 575 294 98 2 375 66 6 108 866 9 5 2 6 0 
47549 562 282 117 2 361 51 3 124 921 16 3 5 4 0 
47592 568 294 84 5 350 50 2 132 900 10 3 4 6 0 
47600 544 315 98 4 328 55 1 128 895 14 5 2 11 0 
47569 605 280 92 6 355 53 3 129 881 8 4 7 8 0 
47649 550 288 95 4 370 54 2 124 838 5 4 6 11 0 
47631 577 304 89 5 303 61 3 116 882 13 2 10 4 0 
47640 557 267 109 2 354 55 3 127 859 13 3 4 7 0 
47687 540 312 95 4 312 73 2 116 838 9 3 3 6 0 
47644 586 303 100 6 347 40 1 113 843 6 4 3 4 0 
47618 596 287 96 2 329 53 5 130 864 7 2 5 6 0 
47599 588 309 94 4 369 48 4 121 843 9 3 4 5 0 
47622 543 315 107 5 360 41 3 128 853 9 0 5 9 0 
47582 582 300 91 7 341 65 4 117 897 7 1 1 5 0 
47644 604 281 92 1 357 65 3 123 813 9 2 2 4 0 
47701 508 313 100 1 330 46 1 134 844 9 3 4 6 0 
47639 525 308 114 4 320 47 2 132 890 6 4 4 5 0 
47573 547 312 89 8 323 64 2 120 938 12 3 5 4 0 
47618 546 285 88 5 341 60 4 138 900 6 0 4 5 0 
47618 584 288 102 3 362 53 3 111 852 9 5 5 5 0 
47582 553 291 101 2 348 55 1 139 896 13 3 10 6 0 
47571 623 304 114 4 345 54 2 112 849 9 3 2 8 0 
47611 548 275 114 4 369 59 4 116 866 14 4 4 12 0 
47587 587 286 95 2 342 60 1 119 905 7 2 2 5 0 
47662 543 276 114 6 339 49 5 123 859 13 2 6 3 0 
47572 577 285 85 5 342 50 4 137 918 12 2 6 5 0 
47583 553 305 102 3 369 59 1 144 864 9 1 2 5 0 
47634 510 309 97 6 333 58 8 118 910 7 3 2 5 0 
47553 579 289 97 3 319 68 2 140 917 15 6 6 6 0 
47635 556 279 91 1 334 42 4 150 888 7 1 9 3 0 
47641 592 265 103 3 341 36 2 120 882 7 1 3 3 1 
47606 538 292 92 6 331 63 0 122 917 16 0 7 10 0 
47565 541 311 100 4 361 68 2 129 890 11 4 5 9 0 
47599 537 308 107 2 339 64 4 142 885 7 0 4 2 0 
47608 571 290 97 1 365 60 3 126 851 13 4 4 7 0 
47594 556 283 111 4 374 63 2 130 852 14 4 5 8 0 
47580 555 289 104 3 335 57 2 141 909 11 1 7 6 0 
47620 566 314 93 5 347 56 6 128 849 7 1 6 2 0 
47503 579 311 111 1 356 64 4 143 904 12 2 3 7 0 
47606 581 284 85 3 355 54 3 109 898 10 3 2 7 0 
47680 539 284 106 3 330 48 5 123 863 3 5 7 4 0 
47516 561 333 90 4 356 60 2 126 922 12 4 4 10 0 
47567 559 302 101 4 350 54 7 141 891 6 1 8 9 0 
47663 533 283 89 3 346 60 4 148 852 7 5 4 3 0 
47565 558 296 102 1 359 66 1 121 907 10 4 4 6 0 
47622 551 295 106 4 360 60 7 135 839 7 2 6 6 0 
47665 553 287 111 4 333 63 6 142 817 12 1 2 4 0 
47593 561 318 104 5 348 52 4 113 888 5 2 1 6 0 
47475 574 309 102 3 346 63 4 155 943 10 1 4 11 0 
47591 545 305 113 6 374 49 2 136 854 8 2 8 7 0 
47607 553 306 95 3 342 53 4 138 875 10 3 7 4 0 
47613 594 288 118 4 334 59 6 119 839 11 4 3 8 0 
47654 535 292 84 4 341 49 6 127 891 4 3 4 6 0 
47522 533 299 103 1 373 61 4 137 945 4 5 7 6 0 
47599 547 292 93 8 337 64 3 136 902 8 3 4 3 1 
47629 546 299 108 7 346 55 4 143 843 11 0 7 2 0 
47552 583 296 108 6 337 61 3 143 889 10 1 3 8 0 
47481 577 306 103 0 340 52 1 135 976 18 2 5 4 0 
47608 580 292 87 5 320 53 4 118 905 8 4 5 11 0 
47607 566 297 100 6 331 56 4 138 868 13 4 5 5 0 
47596 567 290 113 1 335 46 2 125 902 13 0 5 5 0 
47604 557 302 95 2 357 51 4 121 885 11 2 5 4 0 
47561 611 306 110 1 332 57 3 126 867 12 2 4 8 0 
47732 531 287 84 1 311 53 2 121 858 8 2 5 5 0 
47567 561 284 107 7 348 52 3 131 917 13 1 5 4 0 
47681 536 272 103 1 338 45 3 127 873 9 3 2 7 0 
47639 541 294 90 1 347 67 4 121 879 6 4 3 4 0 
47617 584 295 118 6 338 50 5 125 832 12 3 6 9 0 
47593 547 284 115 2 338 62 2 136 905 6 1 6 3 0 
47607 532 316 91 1 366 52 6 140 868 8 2 5 6 0 
47639 554 264 110 2 340 63 5 137 868 10 0 6 2 0 
47675 576 282 119 5 328 59 1 99 836 6 4 2 8 0 
47654 570 293 91 5 327 49 4 128 859 12 1 2 5 0 
47600 570 320 94 3 337 63 2 120 869 10 3 2 7 0 
47586 597 276 114 6 346 65 3 117 864 12 3 5 6 0 
47546 586 290 94 7 370 74 4 136 868 11 3 3 8 0 
47552 548 309 110 1 367 58 4 128 901 10 4 3 5 0 
47597 521 277 96 2 360 57 2 150 911 11 1 6 9 0 
47538 580 323 93 3 345 56 8 140 892 11 1 2 8 0 
47545 579 300 107 2 360 55 2 116 911 9 2 3 9 0 
47597 571 300 103 3 332 58 7 125 881 8 2 8 5 0 
47655 559 322 92 5 321 44 6 120 866 2 1 3 4 0 
47572 542 297 111 0 340 68 4 146 905 11 1 1 2 0 
47655 570 295 93 0 348 44 2 128 840 11 0 5 9 0 
47662 532 281 102 9 351 55 6 131 847 9 4 2 9 0 
47625 548 272 116 6 332 49 3 121 904 8 4 3 9 0 
47608 542 329 99 2 364 57 3 129 843 11 3 3 6 1 
47568 565 298 108 2 364 49 5 129 890 7 1 4 10 0 
47603 542 298 114 2 327 47 6 135 906 9 6 2 3 0 
47674 518 302 107 2 355 65 1 113 833 11 3 7 9 0 
47644 551 303 99 3 370 46 2 121 842 10 3 2 4 0 
47641 586 275 97 6 324 61 5 131 857 10 2 1 4 0 
47636 531 304 109 1 348 52 5 116 874 13 2 6 3 0 
47550 591 330 103 3 342 64 5 128 864 6 2 5 7 0 
47653 546 302 112 3 346 56 1 115 841 7 6 6 6 0 
47641 540 306 87 6 342 49 4 112 889 7 3 8 6 0 
47613 554 304 111 4 334 75 3 125 854 9 2 5 7 0 
47576 578 305 93 3 367 54 0 140 869 6 1 5 3 0 
47643 574 249 117 3 349 54 2 137 855 8 3 3 3 0 
47635 578 308 97 6 321 62 7 124 844 6 3 3 6 0 
47640 567 298 84 3 350 45 5 132 841 7 9 8 11 0 
47616 568 299 101 0 349 75 3 128 840 6 4 4 7 0 
47544 628 278 110 2 352 48 3 118 888 14 6 2 7 0 
47557 559 278 135 2 335 54 4 136 913 13 3 7 4 0 
47591 569 289 118 7 342 60 2 119 876 14 4 7 2 0 
47506 577 282 119 1 387 59 6 151 887 12 2 6 5 0 
47578 596 326 98 1 329 53 5 133 853 13 3 2 10 0 
47580 560 323 87 4 335 57 0 147 881 12 4 6 4 0 
47606 584 304 103 4 358 57 5 121 835 13 1 2 7 0 
47571 567 327 106 6 351 44 1 132 872 13 2 1 7 0 
47627 564 311 93 2 338 53 3 135 853 9 1 6 5 0 
47589 551 312 90 2 368 52 3 124 890 6 2 5 6 0 
47529 611 312 108 4 339 70 3 122 879 11 2 3 7 0 
47592 606 281 119 4 321 40 7 113 897 6 2 5 7 0 
47580 593 291 115 8 358 60 2 124 845 10 2 8 4 0 
47561 569 289 115 3 345 55 4 147 884 16 2 4 6 0 
47655 566 286 88 7 333 66 3 124 854 7 1 4 6 0 
47575 580 304 102 1 334 47 9 159 872 9 1 2 5 0 
47620 516 282 102 5 365 58 5 126 899 11 0 4 7 0 
47606 573 293 93 3 347 42 4 137 878 10 2 6 6 0 
47538 546 302 101 3 369 47 3 135 932 12 3 4 5 0 
47585 522 305 107 3 362 61 2 133 887 11 2 9 11 0 
47605 573 313 111 4 348 46 3 137 835 5 2 9 9 0 
47732 553 274 97 3 339 38 4 103 834 8 3 5 7 0 
47709 508 271 88 2 326 53 4 134 879 11 0 5 10 0 
47521 633 313 105 2 360 45 3 126 860 10 2 10 10 0 
47630 550 336 95 8 325 63 1 126 847 10 5 2 2 0 
47564 554 322 97 6 341 51 6 142 883 11 6 7 10 0 
47557 561 329 112 1 353 46 6 125 891 8 2 2 7 0 
47580 551 288 109 1 357 63 2 120 909 11 1 2 6 0 
47620 558 284 109 5 342 48 2 126 879 7 2 10 8 0 
47458 606 324 95 8 373 53 1 136 914 11 5 6 10 0 
47617 574 303 97 3 328 52 4 129 871 11 2 6 3 0 
47602 560 284 115 0 370 48 6 154 835 13 5 4 4 0 
47672 558 284 91 4 320 66 6 124 849 8 4 7 7 0 
47562 541 311 94 3 367 58 3 143 885 14 1 7 11 0 
47624 570 304 103 3 308 59 5 128 872 12 1 3 7 1 
47543 592 315 100 3 349 41 5 123 908 14 0 4 3 0 
47569 602 292 122 5 340 52 7 130 851 11 3 6 10 0 
47643 586 309 103 1 347 48 5 110 819 6 4 9 10 0 
47523 570 318 105 2 356 52 4 147 905 13 0 4 1 0 
47583 575 318 115 5 346 55 3 113 864 11 3 0 8 1 
47630 569 279 112 2 331 57 6 142 852 7 2 5 6 0 
47667 514 296 105 3 337 55 2 126 868 14 3 5 5 0 
47491 596 316 112 3 358 69 3 140 895 12 1 2 2 0 
47627 570 301 109 2 348 54 5 118 839 12 0 6 9 0 
47627 570 323 103 2 365 67 7 109 802 12 4 3 5 1 
47614 572 282 111 3 352 52 6 118 868 10 3 3 6 0 
47621 550 289 117 4 347 52 7 131 858 6 2 8 8 0 
47655 528 283 88 3 350 53 4 121 885 15 4 7 4 0 
47617 536 304 93 3 347 51 3 136 885 9 4 4 8 0 
47627 567 295 100 3 355 60 4 141 828 11 1 3 5 0 
47585 605 318 92 0 316 51 4 134 866 9 5 7 8 0 
47585 598 276 111 1 338 53 3 142 869 10 5 5 4 0 
47588 548 298 97 6 353 50 7 138 889 15 4 4 3 0 
47650 538 321 91 2 365 40 5 111 859 6 3 2 7 0 
47641 532 286 117 2 344 59 3 115 878 10 2 6 5 0 
47599 576 322 100 3 325 45 5 141 863 11 1 4 5 0 
47606 614 301 91 3 314 54 3 130 859 10 4 4 7 0 
47638 545 310 93 1 320 58 5 115 887 15 3 6 4 0 
47668 558 273 95 4 329 51 3 143 853 10 2 5 5 1 
47686 516 301 104 2 351 59 5 123 830 10 3 7 3 0 
47544 536 343 107 2 339 56 2 121 922 14 1 4 9 0 
47559 589 321 97 3 361 37 3 138 871 13 1 5 2 0 
47674 534 294 103 3 336 47 1 131 841 11 4 9 12 0 
47629 514 297 88 7 359 60 4 140 876 11 1 8 6 0 
47512 566 333 100 4 348 56 5 119 932 9 0 6 10 0 
47599 552 302 84 3 357 68 1 135 867 19 2 6 5 0 
47675 556 309 97 1 323 58 2 126 829 11 3 6 4 0 
47602 547 304 88 5 366 50 7 123 889 10 1 3 5 0 
47689 532 302 104 3 331 64 1 110 845 7 2 4 5 1 
47552 580 293 124 7 358 50 1 140 869 10 4 4 8 0 
47661 541 282 113 5 327 55 3 133 865 8 1 1 5 0 
47642 525 278 114 5 348 43 4 142 880 7 1 3 8 0 
47674 541 291 113 5 356 44 5 98 847 13 3 4 6 0 
47636 547 279 103 5 329 57 6 125 887 9 6 5 6 0 
47654 527 313 98 2 339 56 6 135 845 10 3 5 7 0 
47630 572 286 107 5 337 62 1 141 837 11 1 3 7 0 
47603 581 330 86 6 346 54 4 99 865 13 3 6 4 0 
47614 591 282 94 9 349 55 5 109 865 7 1 6 13 0 
47507 568 303 129 2 351 57 1 153 904 13 1 5 6 0 
47590 608 288 104 5 328 54 3 113 886 8 2 3 8 0 
47670 545 274 89 1 360 54 3 129 851 13 2 6 3 0 
47527 570 307 107 6 354 60 6 121 911 16 2 4 9 0 
47644 563 300 100 7 345 58 5 116 837 9 4 4 8 0 
47570 551 301 103 6 357 61 4 128 901 10 1 5 2 0 
47621 611 303 89 2 325 53 1 124 843 7 8 5 8 0 
47546 591 308 107 4 342 53 2 135 887 11 1 6 7 0 
47675 546 310 91 3 299 46 2 142 860 15 4 1 6 0 
47701 558 302 114 1 344 47 0 103 806 12 4 2 6 0 
47626 544 304 94 4 333 63 7 127 880 8 1 1 8 0 
47532 592 308 117 2 363 60 4 125 873 11 1 5 7 0 
47528 606 281 105 4 361 58 4 111 923 7 3 5 4 0 
47586 577 313 115 3 317 44 4 139 878 11 4 4 5 0 
47586 571 292 93 3 344 47 2 152 883 11 3 4 9 0 
47708 564 299 108 1 304 57 0 134 806 10 5 3 1 0 
47539 568 297 111 5 365 59 3 117 907 12 2 6 9 0 
47614 524 332 99 4 338 64 3 118 883 11 2 4 4 0 
47670 498 300 113 4 382 53 3 117 835 11 1 6 7 0 
47689 564 288 105 1 336 48 5 131 808 4 7 4 9 1 
47660 594 294 84 3 335 47 1 121 839 7 5 3 7 0 
47592 542 298 116 4 359 55 3 112 891 13 5 4 6 0 
47626 566 295 112 0 365 43 1 114 859 6 3 5 5 0 
47605 598 304 92 2 328 49 4 127 874 6 1 5 5 0 
47609 561 307 106 3 340 60 9 109 871 9 5 8 3 0 
47651 560 297 104 2 382 53 2 107 819 12 1 5 5 0 
47521 624 302 110 1 344 65 4 144 861 7 2 6 9 0 
47619 517 306 94 5 393 58 10 130 850 8 1 2 7 0 
47633 598 300 109 3 311 53 5 123 840 6 7 5 7 0 
47588 560 308 99 1 362 55 1 122 880 6 4 4 10 0 
47640 549 289 113 5 332 51 4 135 854 15 4 4 5 0 
47551 574 319 115 7 330 64 3 130 882 8 3 5 9 0 
47609 559 313 113 5 327 54 8 144 845 9 2 4 7 1 
47561 543 298 115 4 372 57 5 133 896 8 0 5 3 0 
47562 545 307 118 4 321 62 4 129 914 18 4 7 5 0 
47563 538 285 96 3 357 59 2 132 948 7 2 4 4 0 
47602 575 319 115 5 352 43 3 132 831 6 3 5 9 0 
47643 565 281 103 5 359 57 4 125 845 8 2 3 0 0 
47639 551 292 101 5 365 52 4 138 827 13 5 4 4 0 
47530 570 289 102 5 369 53 1 131 929 7 4 5 5 0 
47571 574 291 112 2 361 56 4 118 885 6 8 6 6 0 
47672 566 277 81 4 353 62 6 116 842 6 3 4 8 0 
47610 560 288 111 3 364 52 5 126 857 8 4 4 8 0 
47623 579 307 106 5 350 53 3 103 841 13 6 5 6 0 
47649 560 291 111 3 326 57 2 114 867 7 2 3 8 0 
47599 536 312 96 4 342 49 5 131 904 7 3 5 7 0 
47661 529 272 109 5 324 63 3 124 885 16 1 3 5 0 
47633 583 291 104 6 321 52 3 121 860 10 4 5 7 0 
47574 573 298 113 5 320 48 1 126 914 3 4 8 13 0 
47565 567 292 100 2 373 43 5 131 894 13 4 6 5 0 
47568 546 321 115 4 346 47 3 133 891 17 2 2 5 0 
47620 554 277 108 0 339 60 6 117 893 9 3 8 6 0 
47699 521 282 104 1 317 61 4 134 849 15 1 6 5 1 
47580 540 312 113 1 345 62 2 132 892 7 4 5 5 0 
47567 522 317 98 4 361 58 2 132 911 16 2 4 6 0 
47643 536 299 103 0 327 52 4 131 887 9 1 5 3 0 
47684 545 283 104 3 302 53 5 129 871 8 4 2 7 0 
47595 581 297 85 6 347 54 5 134 871 9 3 5 8 0 
47672 573 247 89 1 363 51 2 109 874 12 1 3 3 0 
47634 543 301 90 2 334 49 2 122 902 9 1 4 7 0 
47625 546 314 110 3 351 60 4 136 828 12 1 1 9 0 
47457 584 337 97 5 363 59 2 162 910 11 3 3 7 0 
47628 548 262 112 0 358 51 5 125 883 16 4 4 4 0 
47583 566 300 116 3 337 53 0 113 896 18 3 7 5 0 
47635 574 268 102 2 366 50 2 128 855 4 1 6 7 0 
47655 552 274 121 5 339 57 3 120 843 11 0 7 12 1 
47639 531 297 91 2 346 51 5 137 876 8 1 8 8 0 
47630 556 294 105 3 355 63 3 121 853 11 0 3 3 0 
47667 536 314 96 3 331 56 4 100 873 11 2 3 4 0 
47585 571 285 82 6 354 57 4 133 895 13 3 3 9 0 
47617 545 303 101 6 312 61 2 123 909 13 2 2 4 0 
47601 590 306 107 3 316 51 0 133 874 9 3 3 4 0 
47675 538 279 112 1 354 52 2 103 867 8 0 6 3 0 
47559 599 289 129 6 359 67 2 122 851 11 1 3 2 0 
47619 532 286 98 3 339 69 4 123 904 8 2 8 5 0 
47550 561 284 108 1 367 72 8 115 917 7 1 3 6 0 
47634 588 284 96 7 350 57 3 107 854 6 1 5 8 0 
47651 589 301 81 3 348 59 3 139 809 8 2 4 3 0 
47635 567 270 104 3 348 59 2 125 864 11 3 3 6 0 
47622 547 299 102 7 312 47 4 142 894 9 1 7 7 0 
47632 540 304 99 4 319 50 4 133 885 11 4 7 8 0 
47641 542 296 113 2 370 47 4 102 868 10 0 2 3 0 
47635 562 335 98 2 321 50 3 109 863 12 1 6 3 0 
47664 530 276 109 2 341 55 2 137 856 7 6 5 10 0 
47596 591 270 97 2 346 62 3 135 871 9 2 7 9 0 
47532 574 328 127 2 361 57 1 130 869 5 0 8 6 0 
47616 561 295 100 2 348 42 5 131 880 8 2 6 4 0 
47587 560 305 108 5 362 70 4 124 856 6 4 3 6 0 
47632 556 293 120 2 336 58 4 142 828 14 1 9 5 0 
47535 547 307 115 5 380 45 2 139 897 10 3 7 8 0 
47654 550 319 117 7 320 45 3 125 837 8 3 2 10 0 
47572 579 327 97 3 356 58 4 119 856 17 4 4 4 0 
47619 541 293 105 5 334 63 0 139 878 10 2 3 7 1 
47528 556 337 95 6 333 59 1 135 924 11 2 5 8 0 
47605 556 265 110 5 373 52 2 117 895 8 2 3 7 0 
47659 581 299 92 2 321 54 3 115 853 7 5 2 7 0 
47550 592 303 109 1 356 58 3 128 880 8 0 9 3 0 
47581 551 297 113 3 348 68 3 130 887 6 3 5 5 0 
47576 550 293 87 3 369 63 3 146 885 12 4 3 6 0 
47553 596 320 96 2 339 73 5 123 865 14 3 4 7 0 
47635 566 289 91 3 335 60 1 134 863 11 1 3 8 0 
47517 608 307 112 2 343 50 3 116 907 15 2 8 10 0 
47578 575 327 111 4 334 51 3 130 860 12 2 8 5 0 
47578 553 305 109 3 366 52 0 149 863 9 2 6 5 0 
47686 538 299 102 2 352 55 7 108 833 4 3 5 6 0 
47663 523 287 109 1 370 45 3 112 866 8 6 2 5 0 
47628 539 325 96 2 335 60 2 145 840 13 5 6 4 0 
47579 578 294 89 2 345 55 7 118 909 7 5 8 4 0 
47650 566 299 102 5 355 43 1 134 828 7 2 7 1 0 
47625 581 302 94 2 358 55 4 130 831 11 0 3 4 0 
47616 552 307 87 1 395 55 2 140 828 7 1 3 6 0 
47593 578 287 97 4 331 50 4 123 911 9 1 5 7 0 
47570 606 319 94 8 339 59 2 117 867 10 1 3 5 0 
47651 503 319 92 2 334 64 3 124 881 12 6 3 6 0 
47602 607 308 98 4 352 60 1 132 816 10 5 0 5 0 
47534 572 312 111 3 380 57 4 134 863 9 6 5 10 0 
47587 551 312 112 5 342 64 5 142 866 5 2 3 4 0 
47617 555 285 91 2 358 46 4 142 875 15 2 5 3 0 
47579 590 304 122 3 347 58 7 143 820 11 2 3 11 0 
47614 563 287 102 6 346 53 2 138 866 12 0 5 6 0 
47590 559 299 96 8 346 64 4 135 876 12 1 3 7 0 
47549 575 347 103 6 330 51 3 135 884 7 5 0 5 0 
47572 574 306 95 3 329 57 4 136 906 5 1 3 9 0 
47569 607 311 120 1 344 57 6 127 843 4 2 5 4 0 
47578 543 313 109 5 335 65 5 119 913 6 0 3 6 0 
47525 602 327 112 2 321 50 5 127 907 6 3 4 9 0 
47612 570 303 80 2 354 60 4 121 872 11 3 3 5 0 
47658 525 281 89 7 334 58 4 130 885 10 4 9 6 0 
47590 570 305 111 5 351 61 3 124 863 10 2 2 3 0 
47577 563 311 114 2 322 48 4 154 886 6 2 7 4 0 
47579 575 304 112 2 360 52 1 121 881 3 2 4 4 0 
47535 552 332 100 4 356 51 4 149 890 13 2 3 9 0 
47606 571 268 104 4 330 64 1 117 912 7 2 6 8 0 
47576 588 297 98 4 366 59 4 127 855 12 4 5 5 0 
47627 562 290 99 6 344 53 3 129 866 7 3 3 8 0 
47672 570 298 86 4 304 59 2 128 863 6 1 3 4 0 
47645 581 276 100 1 341 58 1 113 859 16 0 4 5 0 
47640 560 285 104 6 352 45 4 127 848 12 2 7 8 0 
47528 566 327 99 3 364 55 6 127 895 14 0 3 12 1 
47611 559 323 110 2 336 68 3 125 837 14 2 4 6 0 
47606 562 296 97 4 357 54 6 112 895 7 2 1 1 0 
47659 546 295 85 3 339 73 3 116 859 8 4 4 6 0 
47603 566 291 98 1 333 64 6 131 881 9 1 8 8 0 
47592 535 308 111 6 334 71 3 125 891 16 1 4 3 0 
47617 620 296 100 2 352 47 2 118 821 10 3 5 6 1 
47563 557 290 113 3 349 55 6 140 902 7 1 3 11 0 
47609 552 289 91 1 323 45 6 123 927 18 4 7 5 0 
47654 509 305 96 5 356 53 5 135 856 8 1 10 7 0 
47537 581 307 94 3 342 66 1 138 913 5 2 7 4 0 
47594 554 311 104 1 354 46 1 103 914 8 1 4 5 0 
47595 571 291 113 4 371 56 3 112 858 12 2 7 5 0 
47567 573 314 112 1 355 58 2 124 879 6 1 5 3 0 
47623 556 302 111 1 333 56 4 120 877 10 0 4 3 0 
47648 564 299 89 6 339 52 4 112 862 14 3 4 4 0 
47641 560 284 102 2 342 57 3 115 868 8 4 5 9 0 
47583 588 291 111 6 349 45 3 145 857 8 3 7 4 0 
47646 524 284 106 2 356 65 0 128 865 11 3 5 5 0 
47541 570 317 96 3 330 60 4 131 920 9 3 4 12 0 
47597 540 295 107 0 302 62 6 150 911 13 4 3 10 0 
47634 533 306 114 4 338 34 7 114 896 7 1 7 5 0 
47469 601 315 95 5 365 66 5 136 928 8 1 2 4 0 
47641 566 298 118 3 336 51 1 111 849 14 3 4 5 0 
47540 633 311 88 2 350 59 3 159 822 9 3 9 12 0 
47660 523 299 102 3 326 43 5 143 872 8 3 6 5 2 
47566 569 322 90 5 354 51 6 132 883 8 1 8 5 0 
47620 544 290 93 3 368 60 2 150 847 8 4 4 6 1 
47614 552 304 115 2 331 51 4 122 881 14 1 3 6 0 
47557 585 299 100 4 354 51 4 134 892 8 0 5 7 0 
47636 534 274 108 3 339 66 7 133 883 10 3 2 2 0 
47572 590 278 97 2 363 49 2 113 916 5 3 6 4 0 
47619 552 290 98 2 359 49 3 121 886 6 4 4 7 0 
47644 580 289 94 4 335 45 1 123 865 9 2 4 5 0 
47540 592 311 99 10 350 58 6 117 892 10 5 3 7 0 
47561 552 299 100 2 356 59 4 133 910 6 1 3 14 0 
47646 566 285 92 3 351 57 3 125 850 11 2 3 6 0 
47512 630 275 102 3 357 76 3 129 891 10 4 4 4 0 
47617 559 301 109 3 332 57 4 114 877 9 4 6 8 0 
47631 532 287 109 4 318 53 2 133 907 10 3 6 5 0 
47529 574 332 109 2 342 59 3 128 901 12 0 2 7 0 
47597 576 288 108 2 352 45 3 119 880 8 5 4 13 0 
47562 590 298 122 0 361 61 8 116 858 8 2 9 5 0 
47546 549 320 104 1 357 52 2 138 893 22 6 3 7 0 
47631 562 323 94 6 335 49 3 130 842 13 4 4 4 0 
47595 529 306 94 4 367 61 4 119 897 11 5 6 2 0 
47629 552 286 94 2 347 62 3 122 886 7 0 7 3 0 
47506 615 322 105 1 334 51 5 122 919 5 3 2 10 0 
47598 595 285 97 6 322 49 2 142 877 11 0 5 11 0 
47565 566 286 106 4 378 53 6 110 901 8 4 4 9 0 
47624 577 275 99 2 360 61 4 136 835 14 2 6 5 0 
47642 562 295 111 1 307 54 2 144 864 10 1 2 5 0 
47549 571 308 106 4 363 64 3 130 875 5 1 5 16 0 
47664 516 304 109 7 344 45 4 109 872 5 2 5 14 0 
47549 570 291 101 4 358 51 2 124 923 13 2 2 10 0 
47545 591 315 90 7 343 48 1 121 916 6 5 6 6 0 
47620 572 298 99 8 351 55 2 107 864 10 1 4 9 0 
47578 587 298 103 4 315 58 7 124 902 9 1 6 8 0 
47593 538 295 104 5 348 46 6 130 909 8 5 6 7 0 
47613 545 279 83 4 353 50 9 133 909 9 1 4 7 1 
47617 556 297 92 4 324 63 1 147 874 11 3 7 4 0 
47651 553 312 103 2 349 43 7 119 831 13 6 3 8 0 
47639 552 322 106 2 346 49 4 103 847 13 3 6 8 0 
47650 557 293 106 0 334 45 2 124 869 10 1 7 2 0 
47606 541 298 99 1 308 52 3 113 954 14 1 2 8 0 
47662 541 299 99 7 336 71 4 112 845 9 2 5 8 0 
47587 564 305 107 4 363 56 2 135 853 7 1 6 10 0 
47577 576 315 88 4 342 52 3 121 897 9 2 7 6 1 
47702 531 303 95 1 344 50 3 119 831 5 0 8 8 0 
47628 582 283 98 2 325 64 1 129 864 11 2 4 7 0 
47595 554 254 107 3 382 57 9 111 915 5 3 2 3 0 
47585 573 295 97 2 338 49 1 145 896 9 1 4 5 0 
47654 531 310 119 2 341 51 3 151 819 12 1 3 3 0 
47613 563 343 97 4 330 55 3 128 844 6 0 6 8 0 
47607 541 291 91 4 349 51 1 129 914 14 1 3 4 0 
47612 531 283 104 2 374 69 4 131 872 9 2 1 6 0 
47567 581 295 105 3 356 61 12 124 871 6 0 12 7 0 
47708 530 283 92 6 315 53 6 126 856 13 3 2 7 0 
47561 592 312 114 2 333 54 1 130 878 11 2 8 2 0 
47613 557 289 111 2 347 57 2 127 871 8 2 6 8 0 
47706 533 286 103 1 340 48 2 122 829 13 3 5 9 0 
47612 535 314 106 3 338 45 7 118 904 7 1 2 8 0 
47678 566 286 99 4 325 41 2 116 865 6 0 6 6 0 
47721 518 294 96 5 327 55 2 131 831 5 1 8 6 0 
47496 569 337 99 2 362 59 7 121 928 8 2 5 5 0 
47640 540 282 100 4 353 57 4 116 880 12 3 5 4 0 
47602 591 291 102 6 323 60 2 132 861 19 0 5 6 0 
47647 584 300 103 3 330 57 4 129 830 6 0 2 5 0 
47585 587 299 103 5 380 54 3 154 815 7 1 3 4 0 
47555 541 323 111 2 350 55 4 131 899 13 2 10 4 0 
47498 561 345 113 3 345 61 4 156 887 12 0 7 8 0 
47569 563 300 101 2 374 56 4 122 887 4 7 5 6 0 
47597 592 301 96 5 351 49 2 92 890 9 3 8 5 0 
47615 619 289 93 1 333 61 1 127 847 6 1 1 5 1 
47625 553 278 106 9 360 46 2 129 874 6 1 6 5 0 
47575 541 298 103 3 337 74 6 130 912 11 1 2 7 0 
47580 588 293 106 1 338 48 4 133 890 7 0 5 7 0 
47610 544 310 109 5 340 54 1 142 861 15 0 5 4 0 
47589 574 320 121 6 350 69 2 105 842 9 5 4 4 0 
47529 575 308 101 3 384 60 4 132 881 9 1 6 7 0 
47571 528 303 110 4 362 52 3 121 927 12 1 3 3 0 
47581 555 335 94 3 340 73 3 113 881 8 3 3 8 0 
47483 570 308 105 2 343 50 3 153 957 10 0 7 9 0 
47589 569 276 89 6 330 45 5 135 926 14 3 4 9 0 
47626 555 286 117 8 327 54 7 117 872 12 4 8 7 0 
47625 566 273 111 3 337 66 4 127 864 9 3 9 3 0 
47535 566 332 104 2 363 65 3 114 888 12 2 6 8 0 
47654 564 271 92 6 340 51 5 128 865 9 3 6 6 0 
47644 540 322 86 2 340 68 2 133 840 7 3 6 7 0 
47643 565 298 93 4 344 53 5 102 869 12 2 6 3 1 
47613 552 295 117 4 326 56 5 139 874 12 4 1 2 0 
47546 566 299 103 3 335 59 0 133 935 8 1 5 7 0 
47637 516 291 104 2 328 57 2 110 927 15 3 1 7 0 
47622 545 306 91 7 325 57 5 121 902 5 4 5 5 0 
47613 556 295 86 0 330 69 1 129 909 9 1 1 1 0 
47556 594 284 106 3 337 61 0 128 899 13 5 6 8 0 
47584 582 303 105 1 352 60 3 129 843 11 3 9 15 0 
47642 568 288 94 3 334 51 2 124 868 17 1 3 5 0 
47635 540 301 99 8 335 54 2 132 873 7 2 4 8 0 
47578 542 307 93 3 328 52 2 143 927 15 1 2 7 0 
47641 551 293 122 3 332 55 3 144 824 14 4 6 8 0 
47727 536 287 101 3 344 52 2 105 817 8 1 11 6 0 
47626 527 306 86 2 364 55 6 130 876 11 0 5 6 0 
47642 553 269 103 5 334 62 2 133 882 5 2 4 4 0 
47585 614 283 100 2 333 53 3 133 875 7 0 3 9 0 
47549 592 334 113 5 354 53 8 121 846 8 4 8 5 0 
47570 535 296 93 5 368 72 1 132 906 8 2 7 5 0 
47658 547 296 107 1 327 65 4 112 864 8 2 4 5 0 
47589 544 302 116 4 322 65 6 139 896 10 0 4 3 0 
47630 563 303 100 6 301 54 8 131 876 16 3 5 4 0 
47604 544 302 85 4 342 56 4 125 910 11 4 3 6 0 
47584 581 280 94 4 337 39 5 117 931 14 3 2 9 0 
47653 568 278 103 6 328 52 5 111 869 10 2 5 10 0 
47574 542 310 100 4 351 57 7 142 900 7 1 4 1 0 
47690 512 269 92 1 359 65 5 138 849 8 3 4 4 1 
47508 598 326 110 7 346 53 2 125 897 16 4 3 5 0 
47645 565 279 99 4 356 50 7 123 842 15 0 8 7 0 
47635 550 303 97 5 351 52 1 128 854 13 3 4 4 0 
47628 564 268 97 5 352 54 4 133 882 7 0 2 4 0 
47572 560 316 97 6 365 45 4 137 876 7 3 3 9 0 
47645 549 279 107 4 362 57 2 102 867 10 2 8 6 0 
47640 587 325 102 0 338 40 3 105 837 6 1 5 11 0 
47622 572 284 91 2 323 65 2 125 890 12 2 5 5 0 
47682 548 310 100 1 344 64 4 118 814 7 1 4 3 0 
47635 566 302 103 3 315 54 2 138 864 10 3 0 5 0 
47574 617 300 88 3 350 53 4 136 851 7 2 9 6 0 
47643 517 288 130 2 340 53 2 141 860 10 3 4 7 0 
47583 606 281 115 2 326 53 2 122 895 6 0 2 7 0 
47597 565 292 109 2 347 77 4 126 863 7 2 6 3 0 
47626 566 322 99 2 345 48 3 124 839 10 2 6 7 1 
47603 574 331 99 4 320 44 9 127 868 9 1 4 7 0 
47633 568 293 110 5 325 55 0 126 867 6 2 4 6 0 
47604 568 279 88 4 372 57 6 133 862 13 1 4 9 0 
47610 570 302 118 3 342 69 0 119 846 11 2 5 3 0 
47629 551 295 100 4 359 57 0 112 872 9 3 4 5 0 
47615 592 288 112 2 315 49 2 135 868 12 1 3 6 0 
47649 557 303 111 6 339 53 1 112 849 7 6 3 4 0 
47634 552 287 112 1 330 55 0 143 859 9 4 6 8 0 
47619 566 304 95 2 369 63 2 111 842 8 3 7 9 0 
47572 568 299 108 2 335 57 4 106 927 12 0 6 4 0 
47647 536 287 105 3 364 54 5 135 842 9 2 4 7 0 
47565 560 329 105 5 356 63 4 118 871 7 4 8 5 0 
47704 535 285 104 2 323 57 4 125 837 9 1 6 8 0 
47498 581 305 105 5 363 61 2 113 940 13 1 6 7 0 
47637 554 328 102 3 348 52 5 117 834 9 1 2 8 0 
47612 544 305 103 3 341 59 6 117 891 5 1 5 8 0 
47580 582 285 119 3 325 59 3 128 889 10 0 8 9 0 
47570 595 313 88 4 356 37 8 133 874 10 3 4 5 0 
47622 546 318 108 2 304 51 1 118 911 9 2 3 5 0 
47617 541 312 99 1 351 58 5 128 869 8 3 5 3 0 
47552 554 299 101 2 382 74 3 130 880 10 3 5 5 0 
47601 593 290 94 2 341 62 4 148 845 10 1 4 5 0 
47485 584 289 105 4 355 47 3 150 954 10 4 5 5 0 
47661 532 305 79 4 354 52 2 109 883 6 4 3 6 0 
47649 527 314 90 2 333 72 4 112 879 8 2 3 5 0 
47579 549 304 105 4 349 54 3 153 875 14 1 3 7 0 
47584 579 321 92 5 364 58 3 123 854 6 3 4 4 0 
47654 562 301 88 4 374 68 2 134 794 7 1 6 5 0 
47699 563 276 87 2 335 41 4 127 844 6 1 8 7 0 
