96675 798 457 159 6 480 141 0 228 1035 4 1 8 8 0 
96713 774 424 157 2 517 141 5 224 1024 7 5 2 5 0 
96685 762 493 146 2 520 123 6 215 1029 8 2 4 5 0 
96681 738 474 172 2 492 122 3 247 1042 12 2 8 5 0 
96754 723 460 155 6 501 111 4 211 1057 5 2 7 4 0 
96681 782 452 163 4 517 122 4 216 1044 5 3 4 3 0 
96652 815 477 151 3 491 117 5 215 1055 10 1 3 5 0 
96720 766 448 158 6 483 128 3 203 1069 8 3 2 3 0 
96618 801 494 159 4 459 143 7 222 1078 6 1 3 5 0 
96611 840 457 146 4 471 123 5 233 1088 12 4 3 3 0 
96628 758 480 161 1 491 119 5 262 1076 10 2 2 5 0 
96639 786 466 172 3 483 126 4 228 1078 5 1 6 3 0 
96617 798 470 150 5 499 132 2 243 1054 11 1 10 8 0 
96635 769 497 153 1 516 132 3 241 1032 12 3 2 4 0 
96717 771 485 153 3 466 123 2 236 1016 12 3 8 5 0 
96681 762 451 159 1 497 143 2 213 1071 9 2 4 5 0 
96682 791 453 162 2 447 126 3 233 1084 6 4 2 5 0 
96615 823 480 155 3 478 124 3 249 1045 12 5 5 3 0 
96607 805 479 166 5 490 141 1 216 1064 10 5 4 7 0 
96654 763 493 167 1 457 112 7 223 1097 9 1 7 9 0 
96605 839 464 162 3 450 136 6 208 1110 6 5 5 1 0 
96628 792 496 176 2 463 126 1 215 1075 14 1 6 5 0 
96545 815 500 170 1 478 137 2 219 1111 6 4 9 3 0 
96720 766 425 157 4 467 132 4 264 1035 12 2 5 7 0 
96713 759 506 158 1 465 124 1 212 1039 11 4 2 5 0 
96629 798 459 145 3 504 160 0 228 1050 5 5 9 5 0 
96691 783 447 141 3 515 130 7 216 1042 11 2 5 7 0 
96630 842 492 160 6 506 137 5 192 1016 5 2 4 3 0 
96660 783 460 146 2 496 118 3 236 1064 15 6 8 3 0 
96627 832 497 154 6 497 148 3 229 996 4 2 4 1 0 
96672 745 450 169 2 508 141 2 237 1055 5 2 5 7 0 
96758 808 475 174 3 469 125 0 206 966 7 4 5 0 0 
96592 830 491 159 3 492 108 4 234 1069 5 6 2 5 0 
96595 782 486 170 4 511 122 1 221 1082 13 0 6 7 0 
96710 807 479 119 2 476 119 3 244 1025 6 2 4 4 0 
96485 855 513 134 6 505 143 4 224 1114 10 1 1 5 0 
96565 755 491 172 7 550 121 4 232 1076 16 4 5 2 0 
96548 786 496 165 3 516 121 3 239 1100 10 1 3 9 0 
96625 794 461 158 2 494 133 5 243 1063 9 2 4 7 0 
96717 721 496 150 2 494 130 4 209 1054 9 4 5 5 0 
96627 768 463 150 5 517 124 4 226 1101 7 2 3 3 0 
96668 789 473 155 1 484 101 4 244 1061 9 3 4 4 0 
96583 780 488 138 5 516 138 6 234 1094 8 4 4 2 0 
96726 728 418 138 4 520 117 4 231 1103 4 2 3 2 0 
96612 798 468 155 3 469 121 2 219 1131 13 1 4 4 0 
96687 787 427 171 3 531 120 2 219 1031 11 2 5 4 0 
96624 766 550 146 6 483 114 5 233 1057 8 1 4 3 0 
96637 789 476 169 3 446 126 5 249 1085 7 1 3 4 0 
96588 743 457 163 5 533 146 1 253 1084 11 3 10 3 0 
96646 793 452 168 2 485 138 6 238 1055 4 2 3 8 0 
96600 801 501 153 1 532 119 3 216 1057 3 2 7 4 1 
96724 717 454 146 0 491 154 5 209 1077 8 3 3 9 0 
96588 815 476 161 5 486 128 0 239 1082 7 2 4 7 0 
96702 806 448 144 3 489 115 1 227 1048 6 1 4 6 0 
96642 769 459 147 6 517 131 4 225 1080 5 4 5 6 0 
96725 756 487 144 4 456 135 2 210 1063 6 0 10 2 0 
96612 770 469 170 4 529 142 5 232 1045 9 2 4 7 0 
96676 787 468 143 6 524 130 4 219 1024 12 1 2 4 0 
96627 814 491 137 2 492 134 5 247 1034 5 5 4 3 0 
96638 811 433 173 2 510 127 2 228 1060 10 1 2 3 0 
96634 782 471 149 3 493 125 2 233 1084 7 3 7 7 0 
96618 863 522 159 1 488 134 2 194 1005 5 3 3 3 0 
96664 806 472 158 4 535 118 5 202 1015 8 5 2 6 0 
96687 809 468 151 1 492 138 2 225 1013 7 0 5 2 0 
96601 780 478 149 3 487 166 2 233 1077 7 6 8 3 0 
96722 756 493 128 3 486 119 2 232 1033 9 4 6 7 0 
96533 812 510 178 8 500 142 3 250 1037 13 1 6 7 0 
96614 728 485 153 5 518 134 4 221 1109 15 3 6 5 0 
96730 750 485 174 2 493 143 2 198 995 15 4 5 4 0 
96737 780 420 165 4 490 139 2 242 1001 8 0 3 9 0 
96583 826 449 162 1 524 118 0 234 1079 10 2 5 7 0 
96718 745 464 155 3 490 144 4 226 1026 12 4 5 4 0 
96728 772 493 145 6 503 134 6 222 966 10 0 10 5 0 
96561 813 487 152 1 474 127 5 232 1132 5 1 5 5 0 
96734 701 475 130 5 541 112 3 259 1013 8 4 9 6 0 
96623 821 456 145 2 509 117 2 227 1081 4 1 5 7 0 
96760 780 445 150 1 493 131 0 191 1024 12 4 5 4 0 
96587 759 467 164 5 545 139 0 250 1064 10 1 8 1 0 
96714 766 455 168 4 504 138 1 202 1027 10 3 4 4 0 
96702 792 460 142 4 506 136 6 215 1025 4 4 2 2 0 
96713 764 466 161 4 494 150 6 237 978 11 8 3 5 0 
96672 801 487 161 7 477 123 6 223 1022 7 3 5 6 0 
96646 750 467 158 4 483 123 1 242 1103 6 2 6 9 0 
96746 766 460 158 2 473 137 5 220 1021 5 1 4 2 0 
96635 799 474 157 6 446 129 3 211 1115 12 0 7 6 0 
96671 715 454 152 7 518 146 8 229 1086 2 0 5 7 0 
96685 803 498 157 2 480 135 4 219 991 8 6 6 6 0 
96721 737 462 148 2 464 147 5 219 1072 14 1 2 6 0 
96726 776 462 139 7 442 151 1 213 1061 6 3 6 7 0 
96680 775 496 147 5 498 123 3 225 1028 10 2 5 3 0 
96608 806 492 138 6 534 150 4 210 1034 9 0 2 6 1 
96699 764 488 159 5 475 140 2 211 1037 11 1 3 5 0 
96694 742 495 138 6 479 127 4 229 1064 11 3 2 6 0 
96619 820 483 149 1 481 118 1 233 1072 3 6 7 7 0 
96579 857 450 147 2 480 128 3 247 1086 9 3 3 6 0 
96669 817 454 159 4 467 119 3 245 1044 7 4 3 5 0 
96630 778 498 136 6 499 140 1 222 1070 8 4 4 4 0 
96591 788 465 158 5 494 135 4 226 1109 10 2 6 7 0 
96661 777 452 179 5 473 122 1 241 1068 5 2 8 6 0 
96716 770 453 151 2 473 145 2 216 1041 14 5 8 4 0 
96664 834 458 172 6 477 131 5 201 1026 12 1 7 6 0 
96700 787 468 160 8 475 131 2 232 1014 7 4 7 5 0 
96717 754 460 160 7 472 109 4 225 1063 13 2 7 7 0 
96702 811 458 145 4 475 111 3 216 1047 9 5 8 6 0 
96599 793 446 171 4 478 152 5 233 1097 7 2 5 8 0 
96714 799 462 141 7 444 139 5 209 1053 8 3 7 9 0 
96595 804 478 162 6 528 138 3 193 1075 7 2 4 5 0 
96563 827 446 166 1 518 132 6 215 1104 7 3 6 6 0 
96630 797 436 164 6 514 111 2 254 1062 11 1 11 1 0 
96601 831 470 140 4 457 135 6 230 1100 10 1 9 6 0 
96600 774 489 145 1 484 132 2 235 1119 6 1 5 7 0 
96711 771 440 123 2 483 142 4 219 1083 8 3 3 8 0 
96709 789 504 150 2 458 115 4 224 1026 9 0 5 5 0 
96632 800 460 157 1 521 135 9 201 1055 10 2 11 6 0 
96596 782 495 132 8 504 131 8 217 1111 6 3 1 6 0 
96639 740 489 159 5 521 134 5 239 1049 8 5 1 6 0 
96599 769 484 151 4 539 134 3 222 1074 11 1 4 5 0 
96700 782 485 140 5 469 133 2 244 1019 10 2 2 7 0 
96683 757 453 171 1 498 123 2 217 1069 9 4 7 6 0 
96609 792 474 146 7 488 122 3 213 1122 7 3 4 10 0 
96613 793 489 158 2 477 132 4 248 1066 6 3 6 3 0 
96632 771 477 155 6 511 135 9 222 1059 6 1 7 9 0 
96619 837 457 160 4 485 147 4 226 1038 10 4 1 8 0 
96689 776 423 161 5 468 133 4 201 1120 8 5 3 4 0 
96669 776 498 156 2 494 116 3 224 1039 9 1 6 7 0 
96729 782 449 159 5 460 132 5 221 1034 13 1 7 3 0 
96650 787 474 157 5 494 133 5 219 1054 13 2 4 3 0 
96677 765 466 171 6 484 125 4 239 1046 3 4 5 5 0 
96675 785 432 168 5 478 148 2 219 1066 9 1 7 4 1 
96687 824 479 169 1 447 132 0 221 1020 5 4 6 5 0 
96603 776 432 164 3 537 144 2 229 1091 6 4 3 6 0 
96625 819 434 163 5 487 133 3 238 1075 6 5 1 6 0 
96581 797 484 157 5 481 134 5 255 1080 12 3 2 4 0 
96614 791 492 172 2 486 130 5 231 1055 14 1 2 5 0 
96620 804 469 148 7 485 140 7 225 1067 17 2 2 7 0 
96759 782 440 144 2 473 144 5 221 1013 4 2 7 4 0 
96685 793 460 148 1 477 142 2 221 1050 8 1 3 9 0 
96612 775 482 179 3 490 134 4 221 1079 7 4 6 4 0 
96712 774 456 175 5 475 124 2 251 1005 6 7 4 4 0 
96570 821 511 165 3 493 130 3 232 1041 11 3 7 10 0 
96639 758 450 175 4 516 131 1 209 1092 7 7 4 7 0 
96711 769 479 133 0 482 144 4 217 1040 12 2 1 6 0 
96572 830 456 163 4 511 130 2 240 1070 7 3 6 6 0 
96736 795 438 158 2 470 122 4 226 1032 9 0 7 1 0 
96733 736 476 138 3 467 146 3 236 1049 6 1 2 4 0 
96725 799 449 155 1 457 122 3 234 1037 8 4 3 3 0 
96677 754 484 152 4 459 111 3 246 1085 10 2 7 6 0 
96621 785 458 141 2 547 123 1 262 1044 8 3 4 1 0 
96723 748 436 151 4 528 139 2 209 1039 11 4 2 4 0 
96702 764 500 148 6 496 126 7 203 1029 7 7 3 2 0 
96599 823 499 154 5 524 132 3 190 1053 7 4 3 4 0 
96828 690 439 149 2 480 144 8 216 1030 6 3 4 1 0 
96578 786 486 149 5 525 148 5 212 1078 5 4 13 6 0 
96685 789 488 156 3 469 122 4 236 1028 9 4 4 3 0 
96579 813 478 141 3 524 136 5 230 1070 7 3 6 5 0 
96612 814 483 155 6 498 141 4 215 1041 13 4 8 5 1 
96670 819 450 164 5 496 135 2 197 1034 10 5 4 9 0 
96702 753 464 151 3 471 139 1 241 1055 4 4 4 8 0 
96723 774 496 158 2 457 133 3 211 1023 11 3 2 4 0 
96568 785 494 157 3 461 155 10 233 1111 9 5 3 6 0 
96676 739 488 144 1 509 124 2 241 1057 10 0 4 5 0 
96619 841 445 140 4 487 141 6 234 1057 9 3 3 11 0 
96677 793 462 139 4 529 124 2 229 1020 13 2 3 3 0 
96669 771 474 145 5 518 152 2 219 1020 10 2 5 8 0 
96651 749 468 138 8 494 140 4 238 1088 9 1 7 5 0 
96632 800 483 169 2 504 143 2 235 1015 8 0 4 3 0 
96622 742 489 144 5 496 114 5 238 1124 6 2 5 8 0 
96648 779 450 173 4 518 118 1 240 1038 16 4 6 5 0 
96647 814 463 159 8 489 122 3 230 1046 10 1 5 2 1 
96760 744 461 150 3 421 137 3 217 1091 5 2 2 4 0 
96564 825 461 165 5 531 143 1 221 1067 2 0 7 8 0 
96675 771 470 166 5 468 110 2 247 1059 9 4 7 7 0 
96632 799 499 137 3 499 139 2 210 1057 9 2 6 6 0 
96698 758 459 159 0 460 128 2 253 1060 12 4 3 4 0 
96548 850 469 136 4 505 159 6 258 1046 8 2 5 4 0 
96652 799 475 164 3 523 121 2 215 1017 12 1 6 10 0 
96623 784 472 164 2 521 128 1 202 1075 12 1 7 8 0 
96498 783 503 158 2 542 149 2 218 1128 8 0 6 2 1 
96602 783 445 155 4 486 129 8 243 1123 8 4 3 7 0 
96572 773 490 157 3 504 148 2 243 1084 8 8 4 4 0 
96615 828 450 162 5 483 122 3 214 1104 2 3 6 3 0 
96682 817 494 142 3 501 110 3 217 1012 5 2 6 6 0 
96694 820 462 142 1 429 117 3 207 1107 10 4 1 3 0 
96691 807 478 132 4 466 130 3 228 1041 10 1 3 6 0 
96642 775 467 184 5 494 125 7 209 1082 3 2 0 5 0 
96663 737 481 139 6 522 135 2 248 1038 11 3 9 5 1 
96687 767 467 167 4 450 146 4 209 1082 7 2 1 7 0 
96737 759 454 144 3 470 114 4 222 1077 3 2 7 4 0 
96691 795 486 128 3 495 122 3 214 1042 9 1 2 8 1 
96677 789 489 154 4 483 121 2 222 1029 12 1 10 7 0 
96656 761 519 181 2 527 124 2 206 1001 8 5 3 5 0 
96650 791 460 169 5 482 100 3 223 1097 10 1 5 4 0 
96629 772 450 165 3 526 114 4 225 1094 10 3 1 4 0 
96692 800 485 164 3 459 139 6 205 1030 7 1 5 4 0 
96619 815 475 139 6 473 157 6 237 1053 4 3 3 10 0 
96743 789 433 148 3 486 152 5 227 994 8 1 4 7 0 
96606 812 506 157 2 505 111 1 242 1039 6 3 3 7 0 
96548 810 526 142 2 516 153 4 227 1050 11 4 5 2 0 
96756 758 463 138 2 490 113 2 229 1022 14 3 4 6 0 
96661 772 474 164 3 460 127 4 238 1069 14 3 5 6 0 
96687 790 461 160 6 478 134 6 238 1014 8 4 8 6 0 
96723 777 470 154 4 490 121 2 224 1015 8 2 5 4 1 
96621 828 464 174 1 488 116 5 223 1057 11 2 3 7 0 
96631 802 492 156 4 493 137 4 233 1033 6 1 5 3 0 
96554 834 492 144 5 457 136 3 237 1117 6 3 5 7 0 
96634 800 436 178 4 487 113 3 215 1108 12 2 4 4 0 
96568 799 453 163 1 519 130 5 208 1131 9 1 5 8 0 
96587 792 493 158 7 502 141 3 219 1081 9 1 3 4 0 
96597 767 495 161 2 519 130 2 238 1066 7 2 10 4 0 
96694 801 491 162 1 437 116 5 202 1074 4 2 5 6 0 
96565 774 465 155 5 511 131 4 245 1117 12 1 10 5 0 
96726 826 454 137 4 483 129 3 194 1019 11 5 2 7 0 
96767 767 478 146 5 450 123 3 234 1011 8 1 2 5 0 
96729 760 475 164 2 423 116 5 232 1071 15 0 3 5 0 
96636 782 465 157 2 488 146 4 225 1069 9 3 9 5 0 
96637 824 487 150 5 475 134 3 202 1067 5 1 5 5 0 
96682 788 441 140 1 496 127 2 242 1059 10 2 2 8 0 
96680 797 465 157 3 506 133 2 206 1034 8 5 3 1 0 
96719 762 462 139 2 481 111 2 218 1082 6 5 6 5 0 
96702 781 449 159 2 472 146 2 250 1022 8 2 3 2 0 
96630 792 460 149 3 499 143 4 213 1091 6 2 6 2 0 
96558 841 464 138 3 534 124 5 246 1064 7 2 5 9 0 
96638 766 482 154 4 514 143 2 201 1063 15 5 8 5 0 
96707 797 436 144 2 514 128 3 211 1034 10 2 6 6 0 
96742 785 463 147 6 479 125 8 211 1014 8 2 9 1 0 
96691 759 464 112 3 548 107 4 219 1071 7 1 9 5 0 
96614 818 461 158 2 472 125 3 239 1080 9 2 6 11 0 
96687 764 478 178 3 470 136 2 221 1038 8 2 4 9 0 
96706 738 414 161 2 513 137 2 253 1060 9 1 2 2 0 
96669 799 426 147 5 486 127 5 228 1093 6 1 5 3 0 
96656 810 466 150 5 491 134 2 242 1018 11 3 5 7 0 
96534 788 513 174 4 521 125 3 231 1079 13 2 5 8 0 
96765 771 450 153 2 477 123 1 210 1030 8 2 3 5 0 
96589 772 478 169 2 537 119 2 226 1086 8 2 6 4 0 
96657 814 451 172 2 503 129 1 244 1005 5 4 7 6 0 
96651 756 503 140 6 487 130 3 215 1090 8 3 4 3 1 
96648 774 436 166 6 495 123 6 216 1105 10 2 5 8 0 
96711 750 447 156 2 487 141 6 238 1044 10 2 3 3 0 
96573 791 455 144 2 492 131 9 258 1123 9 4 5 4 0 
96667 767 495 175 4 495 123 5 232 1018 8 2 2 7 0 
96739 741 472 153 4 474 130 5 218 1037 9 5 7 6 0 
96667 805 492 153 2 469 137 2 240 1015 7 1 5 5 0 
96726 743 431 154 4 508 129 4 242 1037 5 3 7 7 0 
96726 756 469 140 2 491 123 6 221 1050 9 1 3 3 0 
96663 772 473 157 3 483 124 6 210 1088 7 3 3 8 0 
96730 773 448 133 5 493 159 6 234 1009 4 1 4 1 0 
96618 792 447 155 3 503 121 6 246 1082 10 2 9 6 0 
96622 795 485 154 4 501 129 3 231 1058 6 0 4 8 0 
96528 808 496 175 2 550 131 2 219 1070 8 1 6 4 0 
96694 758 477 163 3 466 125 3 240 1051 9 1 4 6 0 
96772 734 429 144 5 508 123 7 211 1037 13 4 7 6 0 
96658 776 482 148 5 524 137 2 219 1024 10 2 7 6 0 
96605 830 449 141 3 516 113 3 240 1081 6 5 3 5 0 
96450 824 482 177 3 514 139 0 256 1130 5 4 8 8 0 
96711 818 472 143 3 459 131 1 223 1022 5 2 4 6 0 
96667 781 465 156 4 479 115 5 242 1067 3 3 6 7 0 
96667 795 436 160 2 475 126 5 227 1092 4 2 4 5 0 
96718 770 470 162 7 468 122 5 213 1047 6 2 3 7 0 
96547 792 488 173 4 507 130 6 214 1119 9 4 4 3 0 
96708 776 451 145 2 495 116 2 257 1036 7 1 1 3 0 
96570 813 470 164 5 501 132 5 212 1092 17 3 8 8 0 
96599 808 447 139 11 462 139 10 267 1091 16 0 5 6 0 
96624 777 498 143 6 495 116 3 245 1071 10 4 2 6 0 
96559 848 480 123 3 532 120 4 250 1060 7 5 4 5 0 
96720 787 480 139 2 467 113 2 222 1047 10 4 3 4 0 
96531 814 500 169 3 507 141 3 255 1058 6 2 6 5 0 
96649 816 465 173 5 493 131 4 220 1028 5 3 5 3 0 
96645 781 482 150 2 490 118 3 252 1051 12 4 7 3 0 
96661 773 459 149 8 484 138 4 221 1078 6 4 4 11 0 
96628 791 505 152 1 511 113 5 242 1033 10 2 2 5 0 
96525 788 505 162 6 508 162 1 238 1080 7 4 10 4 0 
96662 808 459 150 4 489 125 3 236 1044 8 2 7 3 0 
96702 775 454 158 6 496 150 3 208 1022 6 1 14 5 0 
96661 833 497 153 5 497 121 2 208 993 11 7 9 3 0 
96775 779 447 144 2 511 131 5 215 975 9 0 5 2 0 
96592 800 486 160 4 464 141 4 241 1091 6 4 4 3 0 
96696 785 475 158 2 448 128 5 216 1064 9 3 4 7 0 
96642 742 479 157 2 525 148 2 240 1037 7 3 8 8 0 
96613 814 484 145 2 535 116 8 210 1047 11 2 9 4 0 
96656 792 494 148 3 486 104 6 215 1073 9 2 6 5 1 
96595 802 472 163 2 498 138 3 237 1061 7 5 7 10 0 
96624 802 488 151 5 500 129 6 201 1076 5 2 6 5 0 
96581 817 464 158 3 508 139 6 227 1075 10 1 5 6 0 
96743 801 466 145 1 479 133 2 215 989 6 4 6 9 1 
96647 775 480 156 2 512 130 1 206 1067 9 6 6 3 0 
96661 811 443 144 4 466 129 3 240 1083 7 2 5 2 0 
96733 761 461 153 3 484 123 4 232 1025 8 2 6 5 0 
96691 756 473 140 2 503 135 6 211 1060 7 3 7 6 0 
96664 814 459 136 4 482 121 3 236 1058 10 4 6 3 0 
96578 807 449 151 2 501 139 2 244 1096 8 6 9 8 0 
96672 761 496 181 3 481 109 3 239 1032 10 3 4 6 0 
96673 858 439 154 0 459 144 5 184 1059 7 2 10 6 0 
96723 739 460 152 1 494 121 3 227 1064 5 2 3 6 0 
96615 781 461 158 3 504 139 4 242 1054 9 6 16 7 1 
96634 779 501 149 5 491 118 2 221 1071 11 2 8 8 0 
96696 822 448 140 4 508 141 1 205 1020 7 1 3 4 0 
96587 830 452 157 6 496 127 4 227 1094 5 4 8 3 0 
96676 784 459 154 5 492 123 1 236 1048 6 2 5 9 0 
96679 792 462 136 4 494 142 2 235 1039 5 3 6 1 0 
96611 809 455 156 4 506 116 3 243 1073 8 6 5 5 0 
96643 814 438 160 4 494 117 4 221 1086 5 4 6 4 0 
96559 825 496 130 2 531 128 2 219 1091 8 3 1 5 0 
96784 765 445 146 3 484 125 3 209 1017 9 4 4 2 0 
96689 763 447 146 2 502 103 5 226 1100 6 2 4 5 0 
96688 807 486 168 5 456 136 1 203 1028 13 2 3 4 0 
96573 822 506 172 4 455 147 5 241 1051 11 2 6 5 0 
96632 775 475 146 2 521 146 2 222 1055 4 10 2 8 0 
96577 810 481 186 6 500 135 5 239 1037 10 4 3 7 0 
96640 760 501 170 5 463 117 4 225 1091 12 1 5 6 0 
96620 813 485 152 3 509 117 2 198 1078 5 2 7 9 0 
96682 790 470 146 6 478 116 5 221 1066 12 1 2 5 0 
96599 756 458 161 2 505 151 4 244 1101 8 2 9 0 0 
96652 825 455 136 3 480 119 7 231 1070 12 3 3 4 0 
96648 764 465 149 3 508 120 3 236 1083 7 6 4 4 0 
96610 789 495 162 3 496 165 5 210 1043 9 2 4 7 0 
96579 764 479 154 3 519 145 2 243 1088 7 5 5 7 0 
96698 803 452 143 4 478 140 4 221 1034 11 3 4 5 0 
96724 811 444 143 1 471 140 4 222 1024 9 0 3 4 0 
96616 797 457 163 8 472 123 3 233 1105 10 1 8 4 0 
96619 790 472 144 5 497 141 3 234 1079 5 3 2 6 0 
96725 762 452 158 1 531 143 2 212 993 10 2 2 7 0 
96733 794 462 162 0 492 140 3 192 1004 7 2 6 3 0 
96645 830 469 132 5 504 150 3 210 1029 13 2 2 6 0 
96473 909 507 147 4 516 135 4 246 1037 6 6 4 6 0 
96768 723 464 152 5 471 128 6 232 1031 7 2 4 7 0 
96626 766 509 165 3 473 126 5 207 1098 9 2 5 6 0 
96542 832 462 171 6 478 132 4 253 1103 9 1 3 3 1 
96565 843 462 170 6 496 141 2 242 1052 7 3 6 5 0 
96708 788 442 149 2 489 104 2 233 1055 13 3 6 6 0 
96592 874 480 151 2 443 132 2 252 1053 7 4 3 5 0 
96636 785 475 144 1 509 125 5 222 1077 4 1 9 7 0 
96663 806 479 144 5 503 134 3 223 1019 7 1 4 9 0 
96743 763 454 153 4 498 122 4 216 1026 4 2 6 5 0 
96582 784 480 132 2 498 125 9 237 1127 10 3 8 3 0 
96664 794 456 189 3 475 139 2 230 1032 5 2 5 4 0 
96635 744 502 165 6 503 140 2 240 1040 11 2 4 6 0 
96686 804 478 166 4 447 135 3 208 1044 12 2 5 6 0 
96764 730 456 169 3 470 150 1 225 1016 8 1 4 3 0 
96671 794 480 160 6 517 114 4 225 1008 8 5 2 6 0 
96768 784 434 134 3 464 141 0 234 1013 10 1 6 8 0 
96751 744 442 152 4 473 131 5 225 1053 4 3 3 10 0 
96681 762 470 151 5 501 150 4 221 1026 11 2 9 7 0 
96718 773 432 150 2 463 142 5 231 1068 4 2 6 4 0 
96654 768 477 169 1 495 130 2 235 1044 9 5 4 7 0 
96675 759 520 159 0 465 124 7 206 1050 15 7 5 7 1 
96587 810 482 166 2 504 117 4 236 1074 10 2 3 3 0 
96567 798 479 155 2 492 138 1 219 1124 9 5 7 4 0 
96684 770 428 144 3 489 147 5 234 1075 12 1 2 6 0 
96626 774 487 161 2 495 131 2 221 1082 12 1 3 3 0 
96567 791 488 161 5 478 136 1 224 1125 10 0 7 7 0 
96632 791 464 149 2 536 150 3 228 1022 8 6 4 5 0 
96523 844 478 172 5 489 107 3 252 1114 8 0 2 3 0 
96672 782 499 174 2 465 101 1 221 1057 10 3 5 8 0 
96588 818 458 135 4 507 122 4 260 1086 7 2 4 5 0 
96710 810 469 150 1 466 125 2 215 1037 8 0 3 4 0 
96565 824 467 181 1 489 140 6 264 1038 10 2 6 7 0 
96674 766 471 158 2 516 122 4 210 1059 3 3 6 6 0 
96744 719 486 132 2 491 102 1 237 1059 9 6 6 6 0 
96545 818 464 137 7 507 146 2 210 1137 9 8 4 6 0 
96683 803 479 167 4 447 118 2 224 1055 10 3 0 5 0 
96601 846 461 157 3 448 141 1 254 1072 8 2 2 4 0 
96543 826 453 164 1 496 133 1 237 1120 12 3 5 6 0 
96614 773 464 164 7 480 145 3 248 1087 3 3 5 4 0 
96601 793 492 141 7 502 147 4 236 1055 10 2 3 7 0 
96653 775 518 165 2 511 129 4 226 995 9 1 6 6 0 
96712 744 408 150 5 466 129 2 249 1099 15 2 9 10 0 
96631 801 479 135 6 509 126 3 217 1066 9 3 7 8 0 
96528 818 519 142 2 558 131 7 230 1039 10 2 10 4 0 
96680 762 454 145 7 479 141 3 228 1079 9 2 7 4 0 
96594 809 466 156 2 438 145 4 227 1127 15 4 6 7 0 
96644 820 451 140 5 478 128 7 250 1054 9 5 5 4 0 
96663 770 448 173 1 472 136 2 238 1076 10 2 4 5 0 
96671 809 448 150 5 493 124 2 216 1064 6 2 7 3 0 
96526 817 513 163 1 493 125 2 217 1124 8 2 4 5 0 
96736 777 460 166 3 461 108 1 224 1043 9 4 2 6 0 
96717 795 492 135 8 441 135 4 252 1007 7 1 2 4 0 
96619 780 466 166 0 471 150 4 248 1064 21 2 6 3 0 
96703 797 425 129 2 501 147 5 225 1045 7 4 5 5 0 
96690 815 464 140 1 472 134 3 204 1060 4 2 3 8 0 
96619 787 493 171 1 484 132 3 222 1065 10 1 6 6 0 
96699 782 478 145 3 444 132 5 246 1043 9 2 7 5 0 
96627 778 493 148 3 524 136 7 237 1031 6 3 5 2 0 
96600 761 452 147 7 513 148 3 231 1107 8 3 7 13 0 
96728 749 460 153 2 486 116 3 222 1058 8 3 5 7 0 
96592 798 471 141 6 517 148 4 246 1057 10 0 2 8 0 
96630 761 435 168 4 517 132 8 249 1081 4 2 5 4 0 
96716 773 452 155 5 444 147 1 229 1064 5 2 5 2 0 
96672 774 493 141 3 484 140 5 225 1048 5 1 6 3 0 
96663 776 433 159 4 491 149 3 248 1058 11 0 1 4 0 
96596 831 458 136 5 533 140 1 202 1083 10 0 1 4 0 
96675 809 452 136 8 506 131 3 208 1052 10 3 2 5 0 
96746 778 463 142 4 467 123 4 203 1054 6 2 5 3 0 
96580 808 483 153 2 471 139 2 217 1119 11 5 4 6 0 
96556 751 455 168 1 532 122 3 257 1128 11 5 3 8 0 
96642 796 491 152 3 531 129 1 217 1020 7 5 5 1 0 
96654 769 503 158 1 484 129 1 231 1050 9 4 2 5 0 
96678 761 465 152 1 497 113 4 245 1064 10 1 5 4 0 
96652 788 486 148 4 494 122 5 217 1064 12 2 3 3 0 
96530 806 487 154 1 533 123 3 228 1112 12 0 5 6 0 
96707 768 499 154 7 468 155 5 201 1018 10 4 2 2 0 
96657 762 449 174 4 488 132 4 245 1057 14 3 5 6 0 
96734 759 455 164 1 510 123 6 228 1002 5 2 4 7 0 
96703 826 442 158 4 479 122 4 206 1042 8 1 4 1 0 
96686 775 474 146 2 496 156 2 210 1029 7 4 4 9 0 
96494 766 500 168 7 527 137 5 235 1134 10 4 7 6 0 
96668 807 451 142 3 487 122 5 211 1082 11 1 4 6 0 
96638 796 445 165 4 501 131 3 228 1067 9 4 4 5 0 
96659 793 451 164 6 484 140 0 217 1061 9 4 2 10 0 
96766 805 442 178 6 448 110 2 203 1021 5 3 7 4 0 
96724 793 450 154 3 487 122 4 202 1045 8 0 4 4 0 
96714 772 472 131 2 493 115 4 240 1038 10 0 5 4 0 
96633 799 477 158 2 484 132 2 227 1067 13 3 1 2 0 
96693 771 459 160 3 483 121 3 230 1062 8 1 4 2 0 
96625 834 465 146 4 487 118 7 244 1051 6 1 8 4 0 
96530 785 506 168 3 531 119 4 209 1120 13 3 4 5 0 
96710 793 460 161 1 468 139 4 223 1020 13 2 3 3 0 
96683 729 490 161 4 452 119 4 244 1095 12 3 2 2 0 
96620 784 488 157 2 488 141 1 238 1063 6 4 3 5 0 
96720 772 433 145 5 474 137 3 250 1046 5 1 4 5 0 
96684 773 490 146 2 463 129 4 262 1023 9 1 6 8 0 
96566 823 498 159 1 498 124 5 235 1070 7 4 7 3 0 
96646 814 464 159 2 456 138 2 234 1064 7 5 6 3 0 
96626 757 480 154 4 496 131 2 230 1097 15 1 5 2 0 
96793 758 455 161 6 471 110 3 189 1030 10 6 3 5 0 
96645 793 442 150 4 511 117 2 236 1082 9 5 2 2 0 
96647 755 501 154 3 493 118 3 229 1072 11 5 5 4 0 
96698 779 498 144 5 461 129 3 226 1040 7 3 3 4 0 
96715 792 462 131 2 471 118 1 202 1080 9 4 4 9 0 
96569 832 442 163 6 533 140 3 237 1054 1 1 12 7 0 
96692 823 437 159 2 445 117 3 238 1063 8 1 7 5 0 
96709 767 478 156 5 479 130 3 212 1041 8 3 3 6 0 
96650 765 467 156 5 509 141 4 216 1061 8 4 8 6 0 
96690 731 482 168 3 497 131 2 235 1039 12 2 4 4 0 
96635 784 457 171 1 487 132 4 226 1079 12 0 8 4 0 
96622 801 484 146 2 508 139 3 223 1049 14 2 6 1 0 
96744 736 438 128 2 507 136 2 228 1060 6 2 4 6 1 
96621 778 479 160 5 491 142 7 245 1046 7 3 4 12 0 
96621 832 434 151 4 498 159 0 226 1046 13 3 3 10 0 
96611 797 523 143 2 475 119 2 220 1091 5 4 3 5 0 
96626 792 447 168 2 500 152 7 240 1051 8 3 2 2 0 
96706 750 458 148 6 492 132 3 220 1068 6 3 4 4 0 
96667 781 434 158 7 506 154 2 206 1071 5 1 5 3 0 
96650 799 484 169 3 490 150 2 195 1041 6 2 4 5 0 
96665 805 462 145 4 498 110 4 232 1051 5 1 9 9 0 
96687 779 494 162 2 458 109 2 246 1046 8 3 2 2 0 
96658 751 466 160 2 535 142 1 215 1046 8 1 8 7 0 
96577 800 481 177 0 534 118 4 227 1056 12 5 5 4 0 
96570 767 481 172 3 490 154 6 224 1109 10 5 6 3 0 
96617 750 464 174 1 501 131 2 235 1104 7 2 4 8 0 
96614 807 481 152 4 476 121 4 207 1117 11 1 1 4 0 
96584 808 456 147 7 494 121 7 257 1095 11 1 5 7 0 
96673 812 454 151 4 485 122 4 225 1050 5 2 5 8 0 
96682 748 495 132 4 489 120 2 213 1096 10 2 1 6 0 
96698 773 496 153 1 451 120 1 218 1069 6 2 7 5 0 
96631 800 476 164 1 492 132 1 228 1051 8 6 8 2 0 
96674 809 476 159 7 439 127 3 234 1049 11 4 6 2 0 
96676 792 459 163 2 512 127 4 233 1010 9 4 2 7 0 
96546 795 455 151 3 504 124 4 232 1166 10 1 2 7 0 
96564 767 500 152 9 516 134 2 221 1110 9 3 6 7 0 
96653 825 435 144 2 478 123 5 238 1075 10 1 5 6 0 
96650 795 470 117 5 476 140 6 253 1065 7 3 9 4 0 
96701 757 455 140 6 475 132 1 246 1066 10 2 4 5 0 
96653 760 472 169 8 500 158 2 194 1061 5 7 5 6 0 
96639 795 450 143 4 476 149 2 231 1093 7 1 5 5 0 
96602 815 438 181 6 491 136 5 240 1070 4 2 4 6 0 
96637 804 469 157 5 499 128 3 215 1065 7 2 4 5 0 
96668 744 455 180 1 539 136 1 222 1031 14 1 4 4 0 
96679 776 443 175 3 466 127 1 201 1111 9 3 3 3 0 
96590 762 471 153 5 523 131 2 246 1090 15 5 5 2 0 
96734 755 485 149 3 479 136 5 230 1007 6 2 5 4 0 
96685 816 456 146 4 479 132 6 212 1040 5 3 7 9 0 
96702 758 496 168 0 507 111 2 237 993 10 3 9 4 0 
96599 798 471 148 12 504 132 3 199 1115 8 1 2 7 1 
96650 781 489 162 4 512 127 1 214 1041 4 5 5 5 0 
96666 766 462 145 6 479 118 2 215 1114 10 5 6 6 0 
96579 861 477 139 2 535 105 4 209 1070 11 2 3 3 0 
96686 769 457 150 8 515 151 5 205 1036 4 2 7 5 0 
96732 773 452 152 3 494 122 2 245 1007 6 3 4 5 0 
96678 782 463 150 6 506 122 5 216 1048 13 2 7 2 0 
96674 829 465 149 3 469 110 1 208 1066 9 5 6 6 0 
96701 811 473 159 2 490 120 4 202 1022 10 1 4 1 0 
96712 820 453 172 1 456 133 1 218 1015 6 2 8 3 0 
96622 754 497 154 3 487 135 1 225 1091 19 2 3 7 0 
96696 775 441 172 2 505 114 2 227 1050 8 2 3 3 0 
96555 809 510 160 3 525 121 4 230 1065 4 1 6 7 0 
96697 788 477 129 7 509 111 4 230 1034 8 1 3 2 0 
96625 780 462 140 1 512 122 2 243 1100 7 1 3 2 0 
96641 771 487 167 7 460 138 5 236 1066 6 5 5 6 0 
96645 799 464 144 4 503 144 2 206 1066 12 1 4 6 0 
96614 783 473 151 3 496 141 3 236 1082 8 2 5 3 0 
96664 754 473 138 4 494 144 4 251 1064 2 1 3 4 0 
96714 797 456 147 2 494 116 3 198 1053 9 2 6 3 0 
96690 732 438 161 2 513 136 3 223 1090 6 1 4 1 0 
96675 755 509 137 6 507 118 3 218 1048 9 1 5 9 0 
96683 766 453 150 6 480 128 6 232 1074 7 5 2 8 0 
96656 798 485 167 2 500 111 4 194 1066 6 2 6 2 1 
96701 750 460 170 6 503 130 3 232 1020 8 6 4 7 0 
96633 843 459 144 0 497 134 3 220 1037 13 2 6 9 0 
96763 769 469 141 6 469 109 5 198 1050 9 2 5 5 0 
96742 752 467 172 6 463 128 3 206 1039 12 3 3 4 0 
