96680 776 496 154 1 504 116 3 202 1052 4 2 1 9 0 
96673 785 430 168 7 528 130 6 204 1035 14 5 5 10 0 
96578 832 490 163 1 473 126 1 205 1101 12 3 7 8 0 
96610 809 478 149 3 508 127 3 233 1049 12 6 5 8 0 
96686 739 457 175 6 498 144 6 215 1048 6 2 8 10 0 
96596 827 473 161 3 488 110 5 225 1082 14 2 7 7 0 
96614 795 474 163 2 531 111 1 221 1070 8 0 5 5 0 
96599 785 425 196 3 530 136 2 202 1102 7 3 5 5 0 
96701 807 462 148 2 526 130 4 200 1007 8 2 1 2 0 
96752 703 483 152 8 486 108 0 210 1080 9 2 1 6 0 
96601 775 485 162 6 520 144 6 221 1062 6 3 2 7 0 
96726 740 466 158 8 529 114 3 219 1019 7 2 5 4 0 
96761 767 471 151 8 471 128 2 205 1011 8 2 7 8 0 
96662 798 491 189 0 464 112 1 190 1073 10 1 4 5 0 
96681 706 493 155 3 521 120 1 226 1076 4 3 5 6 0 
96696 748 482 172 1 474 117 2 218 1065 13 3 5 4 0 
96595 761 471 167 6 538 143 0 222 1079 9 2 5 2 0 
96680 806 482 155 6 475 122 6 213 1031 8 1 7 8 0 
96616 758 477 149 1 537 131 6 215 1091 6 4 5 4 0 
96601 808 470 183 4 519 124 1 217 1047 9 3 6 8 0 
96700 762 464 170 7 501 139 10 208 1016 10 1 5 7 0 
96712 745 484 145 4 521 112 4 229 1022 11 1 4 6 0 
96719 731 483 171 1 490 122 6 204 1047 10 5 3 8 0 
96756 728 452 169 4 542 123 3 213 989 6 3 5 7 0 
96674 801 488 142 6 479 148 4 220 1018 4 4 5 7 0 
96782 762 433 156 4 480 112 3 222 1028 6 2 6 4 0 
96688 770 493 169 0 486 118 3 219 1031 10 2 4 7 0 
96657 821 437 149 1 488 114 1 214 1098 12 2 2 4 0 
96739 743 468 161 3 469 143 4 229 1017 6 8 1 9 0 
96587 849 489 175 3 505 131 1 193 1049 11 4 0 3 0 
96681 744 471 162 3 450 127 1 229 1108 9 4 4 7 0 
96596 777 519 176 2 490 138 3 204 1078 9 4 1 3 0 
96641 744 495 179 1 453 153 2 219 1092 6 2 3 10 0 
96650 780 467 180 4 478 122 3 214 1079 13 3 4 3 0 
96718 715 461 173 3 498 131 4 221 1051 7 3 9 6 0 
96620 769 502 158 5 517 140 3 237 1030 4 6 4 5 0 
96636 774 472 157 5 514 133 4 213 1075 4 1 7 5 0 
96667 750 449 183 2 526 123 3 208 1070 5 3 7 4 0 
96537 792 486 187 2 541 122 5 209 1094 9 2 5 8 1 
96726 781 455 158 3 513 125 7 210 1003 6 2 3 8 0 
96643 738 483 147 2 512 141 2 210 1097 7 5 5 8 0 
96562 788 492 151 3 516 136 3 208 1124 7 3 2 5 0 
96586 812 471 170 7 519 137 2 206 1071 6 4 4 5 0 
96682 738 444 158 4 527 130 4 218 1067 11 1 4 12 0 
96649 766 477 161 3 511 131 3 211 1058 14 2 6 8 0 
96668 729 460 167 2 558 128 5 205 1060 6 2 5 5 0 
96732 769 467 151 4 487 138 3 207 1018 13 2 5 4 0 
96657 760 457 176 4 529 123 6 205 1063 5 4 9 2 0 
96620 750 502 175 3 527 125 3 241 1038 8 4 3 1 0 
96653 726 473 188 2 500 132 3 201 1102 7 3 5 5 0 
96734 749 451 155 5 462 112 2 242 1062 13 3 3 7 0 
96711 753 439 164 4 503 117 7 208 1078 11 1 1 3 0 
96599 775 477 192 4 510 138 1 233 1051 11 0 2 7 0 
96630 751 472 175 2 492 143 5 195 1122 4 3 3 3 0 
96586 834 460 181 3 540 128 4 220 1017 13 3 5 6 0 
96721 715 429 169 4 496 124 5 229 1082 3 5 11 7 0 
96687 771 454 179 2 550 122 3 177 1034 11 2 4 4 0 
96757 751 479 166 2 484 122 7 201 1013 3 4 5 6 0 
96634 806 474 164 3 492 120 8 214 1066 6 3 5 5 0 
96725 751 470 162 5 523 114 1 207 1020 10 2 3 7 0 
96659 780 467 166 2 506 141 7 186 1061 8 5 6 6 0 
96669 758 469 198 3 494 129 3 227 1029 11 2 3 5 0 
96658 750 466 141 3 516 129 8 219 1093 4 4 7 2 0 
96755 728 456 144 6 512 124 2 213 1032 7 3 10 8 0 
96711 747 486 164 5 494 130 2 183 1052 11 1 6 8 0 
96680 795 479 174 5 484 135 5 201 1025 7 2 4 4 0 
96689 725 512 178 3 524 140 3 219 990 5 3 4 5 0 
96627 745 500 158 4 525 119 2 206 1091 6 4 4 9 0 
96567 726 501 149 4 502 124 6 224 1179 2 2 4 10 0 
96765 714 511 151 2 481 116 2 209 1032 8 1 7 1 0 
96634 714 498 165 3 537 130 3 203 1096 9 1 3 4 0 
96660 803 485 168 6 467 144 7 218 1024 10 0 3 5 0 
96573 814 478 179 6 494 142 4 202 1091 4 1 7 5 0 
96704 760 473 147 3 460 127 1 218 1078 10 0 13 6 0 
96664 761 459 171 5 523 131 2 242 1015 13 5 3 6 0 
96815 720 480 154 2 473 108 0 194 1029 6 4 9 6 0 
96593 821 438 176 1 540 139 5 206 1056 9 2 7 7 0 
96546 804 513 164 1 525 123 5 205 1085 9 2 11 7 0 
96658 767 453 183 4 505 120 3 242 1041 6 4 6 8 0 
96575 781 471 170 4 535 129 3 235 1078 9 0 5 5 0 
96766 722 456 154 1 504 113 4 211 1036 16 6 8 3 0 
96738 730 477 183 2 496 132 8 196 1014 8 4 6 5 1 
96702 746 455 155 1 529 118 3 204 1071 6 0 6 4 0 
96637 773 465 190 2 553 129 6 208 1020 5 1 5 6 0 
96638 800 458 159 1 459 116 2 227 1122 4 3 8 3 0 
96742 707 468 169 0 508 125 10 187 1066 6 3 3 6 0 
96567 769 458 171 4 525 150 1 239 1093 7 6 7 3 0 
96612 778 502 169 5 543 140 6 182 1046 5 4 3 5 0 
96626 737 462 173 2 504 128 0 239 1103 13 0 6 7 0 
96713 771 458 177 0 506 116 2 215 1020 8 4 7 3 0 
96686 743 450 166 2 500 135 6 193 1107 7 3 0 2 0 
96698 809 453 150 1 488 118 3 191 1071 5 2 4 7 0 
96589 817 443 164 1 513 135 7 204 1109 5 2 3 8 0 
96681 761 472 173 3 510 121 3 209 1044 8 6 7 2 0 
96726 753 454 152 4 471 123 2 231 1060 5 3 8 8 0 
96609 782 503 158 2 495 135 4 221 1065 9 4 7 6 0 
96618 829 472 158 2 523 124 7 191 1051 12 1 6 6 0 
96684 767 487 164 3 492 122 0 205 1054 9 1 3 8 1 
96698 772 459 159 1 479 115 1 202 1095 6 2 4 7 0 
96519 796 510 195 5 505 107 1 238 1100 10 3 3 8 0 
96786 694 505 166 2 484 141 2 227 974 5 1 8 5 0 
96662 771 450 168 2 549 132 3 205 1035 10 5 4 4 0 
96730 742 489 173 4 487 134 5 183 1034 2 3 9 5 0 
96636 757 472 168 6 524 134 4 236 1044 7 3 3 6 0 
96682 734 483 156 2 533 128 3 217 1044 2 2 5 9 0 
96654 785 489 173 2 508 137 2 224 1009 10 1 1 5 0 
96698 751 440 166 9 520 131 5 184 1075 8 4 4 5 0 
96580 827 454 164 8 536 127 3 190 1093 7 3 1 7 0 
96663 791 435 163 2 474 114 0 212 1126 7 5 2 6 0 
96646 777 470 148 5 503 140 4 199 1087 10 1 6 4 0 
96682 813 450 169 6 497 113 3 231 1013 13 4 1 5 0 
96665 785 420 170 4 512 105 0 236 1083 6 3 6 5 0 
96627 791 481 150 7 483 123 3 226 1080 11 1 7 10 0 
96675 780 511 149 5 475 120 2 221 1040 8 4 7 3 0 
96658 775 500 165 2 508 117 6 201 1050 7 2 5 4 0 
96645 754 480 147 2 526 141 4 225 1064 3 4 2 3 0 
96581 828 500 191 7 491 126 6 196 1054 8 5 3 4 0 
96728 762 444 161 2 461 141 2 219 1054 9 6 6 5 0 
96601 798 481 165 4 486 114 2 212 1124 4 2 2 5 0 
96678 744 491 166 2 515 118 4 223 1034 12 4 3 6 0 
96590 781 510 169 4 488 127 7 221 1080 9 1 6 7 0 
96667 766 472 179 5 455 140 4 231 1058 9 5 6 3 0 
96610 779 492 181 4 513 117 1 236 1042 8 1 7 9 0 
96680 731 475 153 4 477 140 4 221 1098 6 1 4 6 0 
96703 818 497 150 5 478 131 6 177 1016 9 3 4 3 0 
96658 804 480 177 2 481 125 5 190 1055 8 4 8 3 0 
96632 756 477 163 5 480 147 7 213 1097 8 5 6 4 0 
96588 802 511 159 2 520 119 4 214 1062 6 6 1 6 0 
96724 770 456 178 3 488 106 3 211 1042 8 4 4 3 0 
96645 801 480 170 2 504 128 5 223 1028 2 4 2 6 0 
96687 753 440 174 3 453 133 3 208 1132 5 0 7 2 0 
96625 774 453 181 3 526 128 7 213 1065 13 4 5 3 0 
96696 767 457 173 1 508 138 6 217 1014 7 6 6 4 0 
96647 754 473 157 3 506 143 9 229 1057 6 3 4 9 0 
96655 769 464 168 4 536 129 3 213 1046 1 3 7 2 0 
96667 771 465 178 3 460 129 3 239 1060 11 0 5 9 0 
96595 748 523 169 4 482 131 3 198 1119 13 3 6 6 0 
96656 795 505 175 2 466 142 2 203 1035 6 3 5 5 0 
96754 715 440 153 3 486 121 4 214 1091 6 0 5 8 0 
96770 748 462 150 7 495 129 3 169 1046 8 2 7 4 0 
96683 781 470 168 1 511 116 3 220 1021 12 3 5 6 0 
96642 786 454 174 5 478 151 3 228 1055 8 6 3 7 0 
96703 733 474 164 2 488 114 1 218 1075 7 5 9 7 0 
96757 752 446 157 0 510 137 4 202 1024 3 2 5 1 0 
96734 788 442 155 3 503 120 4 185 1049 4 1 7 5 0 
96725 740 490 154 3 505 112 2 222 1017 9 5 7 9 0 
96735 747 472 175 6 485 125 7 229 998 11 0 4 6 0 
96594 789 508 175 3 530 124 0 216 1045 7 3 3 3 0 
96664 721 468 168 2 483 126 4 216 1128 8 1 2 9 0 
96655 748 497 164 3 508 123 4 204 1074 7 2 4 7 0 
96623 791 479 144 3 491 140 3 199 1112 7 3 1 4 0 
96648 776 449 181 1 532 146 5 217 1023 5 6 8 3 0 
96672 753 462 175 1 476 139 1 217 1081 9 2 6 6 0 
96558 763 490 183 2 510 157 1 203 1113 8 3 5 4 0 
96650 790 503 184 4 497 147 7 203 992 8 3 6 6 0 
96673 798 500 158 6 488 139 3 202 1014 8 0 7 4 0 
96662 742 450 163 4 534 136 4 188 1095 10 1 8 3 0 
96717 749 475 153 1 498 130 6 192 1059 10 3 1 6 0 
96720 735 454 155 3 501 119 6 221 1059 14 3 5 5 0 
96738 759 455 181 0 470 111 6 211 1045 12 1 4 7 0 
96759 745 476 142 1 511 107 5 201 1033 3 5 4 8 0 
96663 772 474 181 2 520 113 3 216 1034 5 2 7 8 0 
96731 745 460 163 5 502 105 3 204 1055 6 5 8 8 0 
96660 775 448 166 5 534 122 2 213 1060 7 1 3 4 0 
96704 751 519 146 5 516 125 3 180 1026 11 2 8 4 0 
96668 737 501 162 1 520 147 3 196 1041 10 4 5 5 0 
96670 809 456 163 8 501 133 3 224 1022 2 2 4 3 0 
96667 779 445 183 7 485 140 1 182 1093 7 4 3 4 0 
96688 744 486 177 4 521 139 6 222 1002 6 0 3 2 0 
96626 757 488 173 1 579 131 6 213 1006 7 1 5 7 0 
96643 734 467 160 3 516 156 4 200 1091 10 5 6 5 0 
96671 798 454 185 2 509 135 4 196 1029 8 2 2 5 0 
96708 776 452 179 7 493 116 4 200 1041 11 0 9 4 0 
96685 758 451 171 3 509 133 6 231 1035 5 4 3 6 0 
96674 765 501 157 4 491 139 3 222 1018 8 1 11 6 0 
96596 822 442 195 7 525 125 2 193 1076 8 0 6 3 0 
96701 779 476 149 3 519 133 3 206 1011 7 4 5 3 1 
96690 794 465 130 2 488 134 4 192 1082 8 3 3 5 0 
96619 794 505 193 2 469 118 3 183 1096 7 2 5 4 0 
96591 776 454 176 3 507 126 1 233 1114 10 3 3 3 0 
96709 779 463 167 3 490 135 5 213 1021 6 3 4 2 0 
96656 753 470 166 4 517 144 1 215 1055 7 1 6 5 0 
96730 764 466 167 4 466 131 4 215 1028 11 1 6 7 0 
96693 743 468 176 5 466 148 5 218 1063 10 1 3 1 0 
96641 797 488 154 5 490 122 6 229 1045 6 2 7 8 0 
96684 758 476 185 2 475 121 6 200 1076 8 1 6 2 0 
96724 710 454 162 3 503 130 5 214 1077 7 1 6 4 0 
96622 737 466 169 4 496 125 1 205 1152 5 2 5 11 0 
96754 735 492 166 0 470 135 3 201 1023 11 3 4 3 0 
96669 741 465 176 4 498 134 2 232 1061 6 1 3 8 0 
96630 743 489 161 5 496 150 6 228 1071 13 3 2 3 0 
96716 746 447 173 2 467 130 4 220 1084 8 1 2 0 0 
96646 770 503 158 1 512 110 2 222 1055 8 2 5 6 0 
96710 780 469 149 1 442 135 4 244 1045 8 1 4 8 0 
96659 786 477 173 7 494 114 5 220 1043 6 3 8 5 0 
96678 770 479 155 8 505 115 4 220 1044 8 4 7 3 0 
96626 775 478 173 1 522 131 8 212 1054 10 3 4 3 0 
96628 756 483 173 4 512 115 2 188 1120 10 0 6 3 0 
96638 740 480 168 5 522 124 1 195 1105 9 3 6 4 0 
96700 758 452 186 2 507 140 1 207 1023 8 2 8 6 0 
96669 746 456 155 5 479 116 6 234 1110 11 3 4 6 0 
96667 774 442 151 2 525 138 2 225 1054 10 3 6 1 0 
96751 755 488 164 5 488 123 4 192 1016 5 3 2 4 0 
96742 743 472 135 2 501 130 3 207 1047 8 1 6 3 0 
96634 799 481 153 3 504 143 3 228 1027 11 4 4 6 0 
96602 791 474 220 6 520 125 2 214 1031 4 1 5 5 0 
96698 735 441 170 3 530 118 4 220 1054 4 3 9 11 0 
96599 825 488 153 6 497 139 4 206 1054 10 6 6 7 0 
96638 775 480 154 6 534 144 4 210 1029 9 1 9 7 0 
96716 768 494 168 1 472 116 6 200 1037 8 3 4 7 0 
96706 693 484 166 4 518 135 4 207 1058 10 5 5 5 0 
96675 785 464 180 6 529 105 5 200 1036 6 2 3 4 0 
96664 778 440 168 2 516 145 3 202 1064 10 1 1 6 0 
96645 767 464 169 3 499 140 1 220 1073 7 3 4 5 0 
96703 765 443 161 5 489 136 3 190 1080 11 4 5 5 0 
96563 769 508 180 2 555 115 3 214 1065 11 3 5 7 0 
96538 785 527 202 6 503 140 2 210 1064 11 3 3 6 0 
96697 753 487 153 6 505 135 4 224 1017 7 2 5 5 0 
96652 773 487 178 4 461 141 5 198 1073 10 6 5 7 0 
96619 776 477 174 8 482 146 1 215 1084 6 3 4 5 0 
96672 773 418 172 4 549 142 2 239 1008 10 2 6 3 0 
96759 711 463 164 6 532 144 5 207 996 5 1 4 3 0 
96652 770 434 148 3 512 155 4 203 1098 8 5 6 2 0 
96686 763 444 159 5 529 124 0 209 1050 12 4 5 9 1 
96677 746 473 166 6 493 133 3 213 1071 12 1 4 2 0 
96709 726 499 150 6 493 132 5 212 1049 7 3 6 3 0 
96666 735 503 173 3 489 136 3 218 1051 10 1 7 5 0 
96510 823 482 161 3 534 155 4 231 1068 7 4 5 13 0 
96657 730 443 168 4 495 132 3 217 1123 9 6 6 7 0 
96721 784 458 169 3 479 135 13 196 1010 19 3 4 6 0 
96706 769 461 161 7 496 123 3 208 1042 9 5 4 6 0 
96511 804 502 158 4 528 125 2 193 1144 17 1 6 5 0 
96602 798 453 176 3 505 146 2 217 1080 9 2 7 0 0 
96724 744 469 141 1 492 115 5 225 1062 7 5 7 3 0 
96709 754 497 174 3 499 125 1 200 1018 7 3 3 7 0 
96611 767 533 182 3 511 128 6 210 1032 6 1 4 6 0 
96776 741 446 151 6 500 110 2 210 1037 9 3 5 4 0 
96600 763 518 186 2 544 122 2 197 1052 4 1 3 6 0 
96576 790 462 161 9 540 132 4 248 1053 10 2 9 4 0 
96631 796 462 180 5 486 143 4 221 1056 8 2 3 3 0 
96672 800 448 193 3 498 140 8 215 1001 9 2 3 8 0 
96733 745 460 180 5 482 109 4 216 1038 10 5 5 8 0 
96731 755 499 150 8 468 127 4 206 1037 8 3 0 4 0 
96611 807 477 175 6 496 133 2 225 1041 10 1 9 7 0 
96690 784 436 168 1 511 133 2 241 1010 12 6 2 4 0 
96665 797 441 175 7 513 128 1 232 1018 9 5 2 7 0 
96634 759 492 172 3 499 137 4 231 1047 7 2 5 8 0 
96665 765 458 163 6 491 151 2 223 1064 4 3 4 1 0 
96755 730 469 155 9 523 128 3 206 1003 7 3 4 5 0 
96601 819 458 181 3 553 108 8 193 1052 7 6 6 5 0 
96659 764 467 175 3 518 119 2 203 1069 7 4 7 3 0 
96681 797 493 165 1 515 139 2 230 958 8 4 3 4 0 
96666 751 502 154 7 486 123 5 208 1080 6 1 5 6 0 
96646 772 499 157 4 458 130 8 210 1103 6 1 1 5 0 
96645 786 505 173 3 498 135 1 205 1034 7 1 2 5 0 
96630 767 474 175 0 540 131 4 212 1052 7 1 4 3 0 
96755 775 483 141 4 492 109 2 209 1008 7 0 6 9 0 
96692 818 458 175 6 470 118 5 220 1015 8 3 6 5 1 
96657 769 474 167 5 497 124 1 234 1046 9 1 5 10 1 
96698 721 468 169 2 518 144 2 201 1054 13 4 5 1 0 
96586 757 504 179 6 512 129 6 219 1072 10 3 7 10 0 
96660 792 430 158 4 505 145 4 214 1062 11 1 11 3 0 
96667 789 501 158 5 502 115 5 219 1021 8 4 4 2 0 
96663 822 474 145 4 491 131 2 223 1015 17 2 3 8 0 
96610 787 470 159 4 492 127 8 230 1082 7 7 9 8 0 
96683 783 467 180 3 504 131 1 203 1024 5 3 4 9 0 
96633 747 448 162 2 526 109 2 215 1138 6 2 5 5 0 
96620 742 515 184 4 504 126 3 211 1071 2 2 6 10 0 
96658 756 490 186 5 529 130 2 194 1030 6 3 4 7 0 
96624 776 463 157 2 521 138 1 187 1109 8 1 5 8 0 
96681 744 453 184 6 523 111 7 216 1054 9 2 3 7 0 
96709 756 476 160 5 513 112 4 204 1042 7 2 6 4 0 
96618 781 455 174 5 532 97 4 223 1088 9 1 5 8 0 
96661 761 458 181 3 544 122 3 216 1021 14 3 3 10 0 
96660 739 462 167 7 505 134 5 222 1079 7 1 7 5 0 
96722 746 461 159 1 468 116 3 229 1073 6 4 4 8 0 
96668 777 447 185 1 492 115 4 203 1091 6 5 5 1 0 
96651 802 473 165 3 516 136 3 192 1036 12 3 1 7 0 
96714 721 468 156 4 490 122 1 224 1075 9 3 8 5 0 
96553 800 489 158 8 513 122 0 224 1113 6 6 5 3 0 
96625 768 494 158 5 504 140 2 210 1076 8 2 3 5 0 
96642 750 467 177 2 498 123 6 210 1104 5 4 6 6 0 
96629 768 475 164 2 507 139 2 207 1085 10 1 5 6 0 
96736 735 469 159 4 500 141 6 227 1003 5 8 3 4 0 
96615 760 531 162 2 501 128 4 233 1047 9 3 2 3 0 
96757 768 438 154 4 498 108 4 214 1032 15 1 6 1 0 
96669 758 479 147 4 504 134 3 204 1083 5 3 4 3 0 
96652 758 457 185 2 509 136 1 224 1046 15 5 3 7 0 
96687 761 462 169 4 469 144 2 225 1058 5 2 7 5 0 
96643 736 489 186 3 509 123 5 199 1075 13 2 11 5 1 
96620 789 486 172 9 488 118 4 224 1062 16 5 5 2 0 
96642 761 486 181 1 487 127 3 222 1068 10 2 7 3 0 
96581 785 438 182 4 502 130 0 209 1140 7 8 9 5 0 
96642 773 467 168 1 505 118 1 197 1106 10 3 5 4 0 
96592 781 499 195 2 515 144 4 214 1033 8 2 5 6 0 
96722 736 444 165 1 489 128 5 245 1044 10 2 3 5 1 
96686 728 509 163 4 489 115 1 223 1061 6 6 4 5 0 
96608 815 445 161 2 460 123 0 244 1118 6 3 6 9 0 
96797 760 426 152 5 512 139 3 201 985 6 1 5 8 0 
96592 797 489 145 3 518 130 3 235 1063 7 2 6 10 0 
96758 751 420 153 3 515 130 3 207 1038 8 1 6 7 0 
96672 795 444 173 6 490 139 5 222 1038 5 3 7 1 0 
96730 730 462 151 4 478 123 1 244 1048 9 3 7 10 0 
96644 732 492 176 8 548 131 5 215 1026 9 2 6 6 0 
96506 785 476 195 2 569 127 4 201 1120 7 3 4 1 0 
96710 761 462 169 2 488 133 1 211 1033 9 4 5 12 0 
96752 732 484 154 5 461 120 3 178 1100 4 2 3 2 0 
96570 785 483 176 4 508 128 6 220 1100 6 3 5 6 0 
96618 831 453 181 3 475 125 1 237 1058 9 1 5 3 0 
96590 797 456 178 5 515 135 6 219 1073 13 2 6 5 0 
96689 774 458 156 3 490 139 2 201 1068 8 4 7 1 0 
96659 775 479 162 7 492 105 3 208 1085 9 3 7 6 0 
96696 742 497 150 3 510 127 4 229 1026 7 2 1 6 0 
96675 740 496 152 4 522 127 2 224 1038 10 5 2 3 0 
96755 758 463 156 3 514 123 5 220 981 7 4 4 7 0 
96674 734 479 149 0 512 127 3 230 1069 6 8 7 2 0 
96592 756 477 200 6 493 119 2 213 1128 4 1 0 9 0 
96632 790 433 164 1 524 135 5 198 1096 14 4 1 3 0 
96629 811 443 173 5 503 145 3 219 1045 12 1 6 5 0 
96572 800 491 165 6 518 131 5 216 1079 7 2 3 5 0 
96735 774 495 152 2 439 141 4 223 1012 9 5 1 8 0 
96711 735 471 166 1 492 141 1 211 1048 10 5 4 4 0 
96672 752 443 178 7 509 128 8 212 1079 6 1 4 1 0 
96643 785 481 145 4 511 133 4 208 1068 7 4 4 3 0 
96721 795 433 167 3 494 127 4 226 1013 3 1 6 7 0 
96677 799 474 141 3 490 131 5 210 1052 8 1 2 7 0 
96717 775 453 154 4 516 113 1 197 1046 8 3 6 7 0 
96582 778 502 154 5 546 132 6 228 1049 7 2 5 4 0 
96612 810 458 172 4 524 137 3 227 1029 9 7 4 4 0 
96718 743 435 147 1 524 138 3 204 1066 12 2 5 2 0 
96654 777 447 167 4 495 131 5 219 1083 8 1 5 4 0 
96649 745 506 195 4 503 141 3 213 1016 13 1 7 4 0 
96669 759 476 148 2 520 131 2 200 1075 8 3 3 4 0 
96647 786 511 153 3 522 135 3 212 1012 7 4 2 3 0 
96604 736 460 183 4 533 125 3 230 1099 10 2 8 3 0 
96677 827 450 169 4 470 125 2 210 1041 9 5 4 7 0 
96589 801 478 173 4 514 131 3 231 1056 7 1 5 7 0 
96680 710 475 169 5 493 132 2 211 1102 4 5 6 6 0 
96552 794 452 172 4 520 128 3 242 1105 14 1 5 8 0 
96627 814 444 185 5 481 133 5 218 1059 14 4 5 6 0 
96668 807 449 159 3 548 123 4 207 1009 6 4 8 5 0 
96596 763 484 158 4 543 144 5 220 1069 5 2 2 5 0 
96697 717 455 163 2 485 142 1 223 1088 8 4 9 6 0 
96711 737 477 170 7 534 128 5 208 1002 10 1 4 5 1 
96699 752 475 181 4 485 123 5 191 1065 7 3 4 6 0 
96632 775 494 162 4 501 112 4 239 1061 3 1 5 7 0 
96681 769 450 183 8 489 149 3 190 1060 7 0 6 5 0 
96702 759 468 159 2 521 116 3 196 1053 7 4 5 4 1 
96635 760 461 177 6 547 129 4 220 1046 7 1 4 3 0 
96698 717 481 172 1 465 149 1 237 1064 8 2 3 2 0 
96699 782 457 155 4 505 131 3 196 1057 4 1 5 1 0 
96641 819 489 158 2 524 117 1 229 1000 5 3 5 7 0 
96649 761 441 158 2 545 150 4 215 1051 12 2 6 4 0 
96604 823 428 170 3 483 115 8 210 1139 7 0 3 7 0 
96689 747 459 152 2 539 130 2 209 1046 9 3 3 10 0 
96645 750 473 173 5 544 132 0 242 1023 6 0 1 6 0 
96682 770 472 152 2 483 128 4 223 1067 5 3 4 5 0 
96641 785 447 169 5 502 118 3 224 1087 8 1 6 4 0 
96705 745 453 165 2 495 136 4 214 1053 16 1 6 5 0 
96674 770 454 157 8 500 131 3 192 1092 10 3 4 2 0 
96692 763 459 148 1 472 138 7 201 1102 6 1 6 4 0 
96611 795 459 170 3 522 148 3 210 1048 13 6 6 6 0 
96645 784 473 164 4 543 120 4 199 1045 9 1 2 7 0 
96665 832 452 150 2 519 111 3 199 1038 12 3 9 5 0 
96614 754 494 145 2 504 142 2 207 1126 4 1 2 3 0 
96695 733 442 169 5 535 125 5 194 1077 6 4 4 6 0 
96681 762 482 168 2 488 150 2 211 1037 7 0 3 7 0 
96730 758 454 143 3 490 125 5 197 1069 14 3 3 6 0 
96669 746 464 146 3 531 122 5 225 1065 6 3 8 7 0 
96580 760 500 149 5 516 138 5 234 1093 7 2 5 6 0 
96697 770 457 174 6 496 130 4 194 1057 6 2 4 3 0 
96755 766 466 166 1 488 109 1 210 1019 7 7 3 2 0 
96720 743 460 153 4 496 117 2 237 1054 7 3 1 3 0 
96691 794 463 128 5 500 130 2 207 1069 3 3 4 1 0 
96684 777 442 179 3 481 130 5 221 1056 9 4 6 3 0 
96672 764 477 159 3 545 122 6 231 1005 3 3 7 3 0 
96722 707 485 152 4 516 118 8 222 1045 11 1 5 4 0 
96657 812 469 180 2 479 142 4 220 1015 6 2 8 4 0 
96701 761 474 145 3 509 131 3 200 1055 8 2 4 4 0 
96714 757 468 159 4 485 144 7 204 1036 14 3 1 4 0 
96684 788 429 154 3 516 144 2 220 1040 7 1 3 9 0 
96656 765 475 150 6 521 131 5 195 1076 10 1 5 4 0 
96748 735 473 149 4 538 135 3 215 990 5 0 0 5 0 
96674 759 456 155 4 480 125 3 239 1085 8 3 8 1 0 
96640 754 485 180 4 504 118 3 222 1064 12 2 4 8 0 
96666 748 477 168 5 522 135 2 204 1054 5 2 7 5 0 
96741 730 447 191 7 524 118 6 208 1015 7 1 4 1 0 
96771 722 462 169 6 490 122 3 226 1009 7 5 4 4 0 
96666 786 440 158 2 548 127 2 224 1030 9 1 3 4 0 
96624 811 474 168 3 518 135 4 209 1034 9 4 2 5 0 
96557 762 498 188 7 515 132 5 209 1103 11 0 4 9 0 
96741 805 474 156 4 450 113 8 222 1006 4 4 8 5 0 
96669 731 498 178 5 511 131 1 212 1044 6 4 2 8 0 
96614 741 444 181 6 550 141 6 216 1083 10 2 3 3 0 
96656 777 460 148 3 473 142 3 221 1099 6 4 6 2 0 
96726 736 457 165 3 487 136 4 227 1038 7 3 7 4 0 
96614 768 505 176 3 505 121 2 217 1073 7 2 5 2 0 
96759 743 454 151 4 496 129 3 206 1029 9 4 10 3 0 
96566 781 514 144 4 496 115 3 222 1133 10 2 2 8 0 
96629 763 481 156 6 500 112 2 239 1088 6 4 7 7 0 
96641 739 471 173 5 485 139 2 212 1104 10 2 6 11 0 
96641 713 490 168 0 537 137 6 210 1075 7 4 7 4 1 
96724 695 472 163 2 502 125 10 221 1071 6 3 3 3 0 
96662 828 423 176 3 469 127 2 207 1079 9 3 5 7 0 
96724 805 423 159 2 520 127 4 204 1001 12 7 5 7 0 
96702 783 472 173 5 437 134 4 218 1042 14 9 2 5 0 
96637 744 476 170 6 525 113 4 210 1093 11 1 3 7 0 
96596 792 487 168 2 519 118 7 209 1078 10 2 6 6 0 
96719 774 438 165 4 475 142 6 228 1026 10 2 6 5 0 
96682 749 441 167 5 529 122 4 216 1056 12 4 9 4 0 
96596 785 490 170 2 531 123 3 218 1070 2 1 7 2 0 
96778 784 424 169 3 497 129 3 208 986 6 3 4 6 0 
96672 774 460 165 5 530 119 3 217 1027 10 1 10 7 0 
96729 747 480 170 2 480 124 3 204 1048 4 0 6 3 0 
96701 752 480 160 1 488 134 6 226 1030 9 7 2 4 0 
96582 842 467 161 2 522 146 5 212 1032 8 4 11 6 0 
96781 722 447 175 2 488 120 2 219 1032 4 1 4 3 0 
96735 766 448 172 3 481 117 5 220 1030 9 3 4 7 0 
96695 739 534 160 3 496 132 0 196 1024 11 4 2 4 0 
96674 793 450 156 5 441 138 3 236 1088 9 1 1 5 0 
96689 769 444 144 5 527 140 3 202 1051 11 1 6 8 0 
96701 715 486 159 3 508 134 5 219 1047 9 1 3 10 0 
96607 788 438 173 1 528 146 5 242 1055 4 5 1 7 0 
96589 784 518 138 1 530 113 7 243 1062 7 1 4 3 0 
96652 769 470 162 3 488 117 4 222 1082 14 4 5 8 0 
96537 790 490 149 4 524 142 6 201 1134 6 5 5 6 1 
96641 769 456 167 2 500 128 6 221 1092 7 4 1 6 0 
96704 768 496 158 6 472 112 3 215 1050 5 2 4 5 0 
96584 826 466 173 1 512 136 2 220 1058 12 0 4 6 0 
96730 738 459 174 0 519 125 3 193 1037 12 2 4 4 0 
96662 742 447 162 7 521 111 4 236 1078 16 3 7 4 0 
96667 759 492 164 2 533 111 0 225 1024 5 4 7 7 0 
96755 797 490 164 3 468 122 3 200 972 15 2 2 6 1 
96787 764 456 153 6 476 115 3 218 1005 7 3 6 1 0 
96620 783 466 171 4 502 128 5 210 1088 11 4 1 7 0 
96634 765 458 163 4 515 137 4 221 1074 8 4 9 4 0 
96775 706 470 156 2 523 135 6 180 1026 11 2 5 3 0 
96680 771 454 168 2 487 125 7 223 1056 12 4 2 9 0 
96602 786 468 163 2 511 133 6 198 1112 6 4 8 1 0 
96651 749 494 169 3 497 128 2 219 1066 9 5 4 4 0 
96607 799 462 183 6 514 133 6 194 1078 7 5 3 3 0 
96707 739 451 174 4 486 139 1 245 1034 9 1 5 5 0 
96697 793 456 173 2 493 106 4 236 1016 10 3 7 4 0 
96692 770 455 169 5 520 124 4 216 1022 7 5 5 6 0 
96708 718 453 143 4 493 150 10 208 1095 7 0 4 7 0 
96649 727 475 185 2 542 122 1 241 1032 12 2 6 4 0 
96702 764 462 190 3 481 119 2 201 1062 7 2 3 2 0 
96640 744 508 164 4 523 142 6 213 1037 8 3 3 5 0 
96735 704 485 164 5 483 123 7 214 1060 9 3 4 4 0 
96517 763 504 190 2 526 137 9 229 1111 7 2 1 2 0 
96636 789 463 154 7 514 116 4 217 1082 6 2 3 7 0 
96662 765 475 157 6 518 128 7 196 1067 8 2 5 4 0 
96581 732 474 181 6 532 133 3 216 1130 5 0 5 2 0 
96723 745 457 138 1 537 121 7 192 1058 6 5 6 4 0 
96672 807 467 150 3 494 126 1 219 1042 8 3 4 4 0 
96738 766 473 161 1 489 119 2 202 1035 4 2 5 3 0 
96742 786 458 164 3 450 125 4 224 1031 4 4 2 3 0 
96623 793 497 162 6 523 116 1 199 1064 6 1 4 5 0 
96685 770 449 182 4 482 128 4 215 1059 11 2 3 6 0 
96632 749 494 171 5 487 157 3 198 1079 16 2 3 4 0 
96646 770 456 163 3 496 153 5 218 1072 6 1 2 9 0 
96660 823 434 167 0 484 142 9 218 1043 8 2 6 4 0 
96665 748 467 184 3 499 136 2 220 1051 9 1 8 7 0 
96626 825 435 186 3 526 126 2 220 1034 7 1 4 5 0 
96721 776 436 151 3 491 123 0 226 1062 8 1 0 2 0 
96589 773 508 187 4 511 121 2 235 1050 3 4 6 7 0 
96649 799 452 155 4 501 149 2 218 1053 11 1 5 1 0 
96805 766 452 150 2 476 122 3 198 1012 3 2 3 6 0 
96630 792 487 160 4 490 138 5 200 1073 11 2 3 5 0 
96648 769 469 169 4 526 139 6 212 1040 9 3 2 4 0 
96608 741 510 154 3 528 151 5 222 1054 13 4 5 2 0 
96683 759 438 175 4 512 125 3 223 1045 13 2 10 8 0 
96672 759 482 164 2 495 131 3 217 1051 8 5 7 4 0 
96630 780 434 167 5 466 135 3 239 1117 10 8 3 3 0 
96646 784 472 160 4 543 129 5 179 1056 7 3 4 8 0 
96604 748 501 157 5 517 128 3 213 1103 11 4 2 4 0 
96601 780 494 173 6 523 116 0 209 1070 9 4 8 7 0 
96693 770 497 166 6 475 122 2 223 1040 4 1 0 1 0 
96633 773 474 173 2 491 134 4 200 1090 7 4 6 9 0 
96698 767 444 171 5 472 144 5 199 1071 10 2 6 6 0 
96742 751 443 167 3 506 132 5 224 1006 13 1 3 4 0 
96636 739 472 139 5 549 134 4 222 1082 7 1 7 3 0 
96748 738 459 154 4 509 126 2 224 1014 13 3 3 3 0 
96733 742 537 167 2 484 95 1 230 989 7 2 6 5 0 
96642 765 488 160 2 495 140 3 214 1073 12 3 3 0 0 
96756 697 477 157 5 467 135 6 250 1023 9 3 10 5 0 
96618 767 461 162 4 543 141 0 199 1086 8 2 2 7 0 
96817 720 449 180 4 475 128 2 207 995 9 4 7 3 0 
96747 749 472 170 1 478 133 6 228 1000 6 0 4 6 0 
96578 784 460 183 5 528 129 7 238 1064 12 0 6 6 0 
96687 746 479 188 2 489 137 4 218 1031 8 3 2 6 0 
96710 765 480 174 1 499 110 5 207 1026 8 5 5 5 0 
96638 787 489 157 2 519 150 0 203 1039 3 3 4 6 0 
96677 751 470 151 3 509 139 9 200 1072 7 2 3 7 0 
96629 814 426 176 2 516 128 6 202 1081 7 2 4 7 0 
96668 761 448 151 2 497 134 4 218 1089 14 2 4 8 0 
96710 743 447 161 8 511 127 3 223 1047 10 1 4 5 0 
96638 739 457 168 4 515 127 10 199 1122 7 5 3 6 0 
96644 797 481 146 3 553 130 5 210 1017 4 2 2 6 0 
96635 751 468 169 3 536 122 4 213 1083 8 0 2 6 0 
