48392 398 227 73 1 266 53 2 92 487 5 0 0 4 0 
48343 371 251 78 2 283 57 0 83 523 5 1 1 2 0 
48413 334 234 78 0 236 72 1 117 501 5 3 3 3 0 
48328 372 217 93 2 289 64 1 76 549 2 2 3 2 0 
48284 403 244 79 2 254 73 2 117 532 7 0 2 1 0 
48343 389 232 88 0 253 69 0 89 525 5 2 2 3 0 
48375 363 229 102 1 264 70 1 113 471 4 1 3 3 0 
48376 352 229 93 3 279 53 2 106 500 2 3 2 0 0 
48326 351 235 97 5 263 74 3 107 527 2 1 4 5 0 
48350 372 211 92 0 238 72 0 86 568 6 1 2 2 0 
48325 396 238 98 0 233 70 3 93 534 7 1 0 2 0 
48321 394 243 79 2 260 56 3 109 522 6 2 1 2 0 
48399 377 213 92 1 248 79 6 90 482 7 0 2 4 0 
48322 391 219 102 2 265 60 1 108 519 3 2 3 3 0 
48378 360 238 85 3 241 58 1 102 523 2 2 2 5 0 
48235 393 250 94 5 300 65 1 102 533 4 6 7 5 0 
48338 380 230 93 1 245 66 2 102 537 3 2 0 1 0 
48316 357 224 98 2 259 74 0 108 557 2 1 2 0 0 
48264 402 275 66 2 269 63 0 96 552 5 1 4 1 0 
48436 365 209 79 3 271 58 1 100 469 4 2 1 2 0 
48364 337 250 88 2 262 65 2 94 519 4 3 5 5 0 
48394 367 213 77 2 256 71 2 99 513 2 0 2 2 0 
48360 337 255 82 1 254 60 2 96 540 6 1 3 3 0 
48336 390 222 117 3 278 52 0 109 483 3 1 3 3 0 
48234 384 249 89 4 252 72 4 116 583 5 2 2 4 0 
48337 372 236 84 2 247 79 1 114 520 2 3 2 1 0 
48365 382 229 88 2 249 69 1 92 510 2 4 2 5 0 
48339 360 233 97 2 253 76 1 103 527 1 5 1 2 0 
48306 349 251 79 1 283 54 0 112 550 4 1 4 6 0 
48295 395 249 77 3 257 63 3 107 536 2 3 4 6 0 
48332 374 249 80 2 256 56 3 97 537 8 0 4 2 0 
48346 372 243 86 1 244 50 0 100 551 3 0 3 1 0 
48430 350 196 94 2 223 55 0 95 544 6 2 2 1 0 
48390 369 229 83 3 255 64 2 84 509 5 2 3 2 0 
48296 359 232 93 0 285 72 2 112 537 3 1 3 5 0 
48397 341 241 85 3 236 76 1 103 499 9 3 4 2 0 
48300 395 240 103 1 250 60 1 106 533 5 0 3 3 0 
48305 368 249 103 3 239 70 3 124 530 1 0 4 1 0 
48355 393 208 92 1 286 63 1 106 487 2 1 3 2 0 
48410 371 212 72 1 242 71 3 98 511 6 1 1 1 0 
48313 391 253 92 2 241 72 2 87 540 4 0 2 1 0 
48323 371 245 94 0 276 59 3 79 541 2 1 4 2 0 
48374 375 249 80 2 241 56 1 100 511 6 0 0 5 0 
48364 417 227 79 1 221 69 3 91 517 7 0 1 3 0 
48323 360 232 72 3 243 72 1 123 559 6 2 1 3 0 
48315 354 232 83 3 263 62 2 127 553 2 0 2 2 0 
48380 353 230 85 2 261 66 3 98 512 4 1 3 2 0 
48324 347 235 95 1 249 73 2 99 564 6 1 1 3 0 
48342 358 230 102 2 264 80 1 81 533 2 2 3 0 0 
48340 364 211 78 2 262 73 0 109 550 4 1 2 4 0 
48355 373 219 86 4 251 79 2 93 534 3 0 0 1 0 
48355 386 211 90 1 258 76 2 90 519 7 2 2 1 0 
48311 367 247 88 2 243 76 2 112 544 3 4 0 1 0 
48315 393 222 81 2 272 71 2 108 520 6 3 1 4 0 
48317 376 260 98 1 262 67 2 92 510 6 2 3 4 0 
48255 373 240 97 2 292 52 2 107 574 0 0 1 5 0 
48378 360 215 92 2 261 64 2 119 498 4 3 0 2 0 
48413 358 238 75 2 254 56 1 94 499 3 2 3 2 0 
48291 378 236 88 1 284 58 1 122 532 3 2 2 2 0 
48311 397 229 86 1 276 71 1 89 530 3 2 1 3 0 
48343 380 240 101 1 235 58 1 100 527 6 2 0 6 0 
48373 357 238 80 1 250 51 3 106 528 6 1 4 2 0 
48362 371 226 86 1 241 63 4 98 541 3 0 3 1 0 
48346 376 246 84 1 261 58 0 95 525 3 1 2 2 0 
48348 377 243 100 2 253 61 0 92 512 2 2 4 4 0 
48286 353 243 103 1 278 75 1 109 542 3 1 4 1 0 
48336 389 240 80 0 256 76 1 116 501 2 1 0 2 0 
48329 366 228 82 3 282 62 0 106 531 6 3 1 1 0 
48236 414 262 88 3 280 56 2 101 548 3 1 2 4 0 
48336 371 262 86 1 251 63 3 96 523 1 0 5 2 0 
48331 406 231 78 0 246 71 1 97 531 4 1 1 2 0 
48344 387 235 94 3 281 62 0 90 491 5 2 3 3 0 
48285 378 239 94 0 270 74 3 112 534 5 1 2 3 0 
48367 349 199 88 2 276 77 5 109 515 6 1 0 6 0 
48320 364 245 87 2 251 58 3 119 541 5 1 3 0 1 
48293 417 226 94 5 266 62 2 109 516 2 2 3 3 0 
48268 388 259 96 1 283 61 2 127 503 4 1 5 2 0 
48398 360 221 107 0 249 71 1 92 490 4 0 4 3 0 
48353 367 240 108 2 255 54 1 92 519 3 2 2 2 0 
48287 368 245 104 4 275 60 0 104 542 4 2 1 4 0 
48367 383 245 92 1 256 58 5 92 495 1 2 2 1 0 
48361 383 236 94 1 250 61 1 95 508 6 1 3 0 0 
48322 374 251 92 3 246 65 2 87 549 1 1 5 2 0 
48390 388 235 72 3 261 67 1 85 488 5 0 2 3 0 
48320 373 245 88 3 265 74 2 116 505 2 0 3 4 0 
48267 380 234 82 2 268 81 1 102 571 5 3 2 2 0 
48312 376 243 88 5 250 65 2 98 554 2 1 1 3 0 
48365 408 218 84 4 243 52 0 96 520 2 2 5 1 0 
48376 397 252 87 0 239 60 1 102 473 4 2 5 2 0 
48356 344 215 97 2 265 66 3 101 541 3 3 1 3 0 
48334 348 229 88 0 247 73 0 103 569 2 2 3 2 0 
48383 375 224 90 5 268 67 1 92 481 5 2 3 4 0 
48287 348 281 86 2 278 77 0 89 545 1 2 0 4 0 
48322 354 258 78 1 261 64 0 117 531 8 0 1 5 0 
48380 368 228 80 3 244 58 2 102 522 6 0 2 5 0 
48334 349 215 96 0 261 70 1 117 546 3 4 1 3 0 
48400 339 225 87 0 288 44 3 85 521 5 1 0 2 0 
48364 367 223 90 1 265 65 2 88 519 7 3 0 6 0 
48354 369 221 84 3 245 71 1 112 532 2 2 2 2 0 
48351 365 257 89 2 259 57 3 90 516 4 1 4 2 0 
48362 360 249 100 1 242 64 1 100 507 8 1 3 2 0 
48226 402 261 100 2 240 58 4 110 586 5 1 2 3 0 
48366 354 243 88 1 239 69 1 108 522 2 0 3 4 0 
48340 399 238 80 4 263 76 2 94 492 6 2 1 3 0 
48320 417 240 81 2 236 55 0 108 531 2 0 4 4 0 
48337 343 219 80 1 252 68 1 119 568 7 1 4 0 0 
48380 375 238 83 1 275 61 1 102 472 7 2 2 1 0 
48350 365 232 84 0 222 73 1 118 543 5 1 1 5 0 
48410 357 242 90 1 245 74 2 101 468 2 1 2 5 0 
48357 369 238 91 3 254 58 3 78 540 4 0 4 1 0 
48254 383 255 105 0 264 68 0 110 553 1 3 2 2 0 
48316 352 256 90 3 251 68 2 112 540 5 1 1 3 0 
48301 395 238 89 3 249 75 3 102 533 3 2 3 4 0 
48315 377 219 93 4 256 54 2 110 561 5 2 0 2 0 
48347 351 229 84 3 288 71 1 105 510 5 3 3 0 0 
48404 332 251 75 0 222 83 1 103 514 4 7 1 3 0 
48318 371 249 112 3 248 50 0 126 512 4 1 2 4 0 
48282 348 239 106 3 283 74 2 111 542 2 4 1 3 0 
48299 381 247 73 4 249 57 1 115 565 2 3 2 2 0 
48294 381 243 89 3 269 66 3 100 537 5 2 3 5 0 
48269 362 262 99 3 287 60 1 108 542 4 1 0 2 0 
48375 380 252 73 1 254 61 2 104 483 7 3 2 3 0 
48329 410 212 83 4 282 61 2 97 510 6 1 1 2 0 
48287 371 270 84 2 249 62 1 110 553 6 1 2 2 0 
48337 404 211 93 1 284 70 0 85 506 3 2 1 3 0 
48293 425 246 84 5 244 65 1 87 545 4 0 1 0 0 
48314 373 240 79 0 300 69 1 93 518 4 0 6 3 0 
48406 354 192 97 1 262 65 1 101 509 5 4 3 0 0 
48326 385 224 93 3 277 52 0 109 526 4 1 0 0 0 
48336 389 208 94 1 285 62 0 88 520 9 0 4 4 0 
48375 359 222 88 3 247 72 4 101 518 2 4 2 3 0 
48345 391 211 92 1 267 62 1 92 528 5 0 0 5 0 
48382 364 250 81 3 222 66 1 108 517 1 1 2 2 0 
48279 387 216 93 3 281 52 3 112 564 7 0 1 2 0 
48309 395 234 91 2 253 58 1 101 548 2 0 3 3 0 
48373 363 238 83 1 263 53 3 104 506 6 4 3 0 0 
48321 361 238 102 1 269 55 2 117 522 5 2 4 1 0 
48320 367 236 81 1 262 78 0 99 545 3 3 4 1 0 
48337 361 249 101 2 242 74 1 93 525 4 1 4 6 0 
48417 350 220 82 3 231 66 1 96 523 7 0 1 3 0 
48313 357 259 102 4 280 60 2 82 534 2 1 0 4 0 
48288 398 254 81 1 258 77 1 92 540 3 1 2 4 0 
48302 371 258 97 3 265 63 1 110 516 7 1 1 5 0 
48293 388 243 106 4 246 65 0 96 548 3 4 3 1 0 
48328 341 262 98 1 271 50 3 85 549 4 0 1 7 0 
48320 400 228 90 2 267 86 4 99 496 3 0 2 3 0 
48355 367 211 70 2 249 68 3 112 551 3 3 1 5 0 
48304 372 251 91 2 248 65 0 110 542 4 3 2 6 0 
48318 367 211 84 0 289 75 0 128 518 8 2 0 0 0 
48443 349 217 79 2 260 62 2 86 490 4 3 1 2 0 
48285 370 247 87 2 262 76 5 98 555 4 3 1 5 0 
48358 339 238 81 1 243 62 1 114 554 2 0 2 5 0 
48329 401 204 89 1 265 64 1 115 521 3 3 2 2 0 
48361 390 225 88 1 259 80 0 96 490 5 1 2 2 0 
48471 336 222 88 1 228 65 0 92 481 6 1 4 5 0 
48367 371 237 79 0 293 51 1 106 482 7 0 1 5 0 
48312 370 246 95 3 272 53 3 114 523 2 1 3 3 0 
48280 388 252 84 3 236 69 0 88 590 5 3 0 2 0 
48309 368 246 97 1 248 74 1 102 543 5 1 1 4 0 
48351 378 225 64 1 244 60 2 119 542 6 1 1 6 0 
48322 371 224 92 3 225 71 4 106 574 3 1 3 1 0 
48265 373 250 94 3 260 65 1 99 580 5 0 4 1 0 
48355 396 225 91 2 270 57 1 92 503 2 2 0 4 0 
48370 355 236 103 1 251 70 0 91 514 4 0 4 1 0 
48346 390 230 115 0 273 62 1 78 499 2 0 3 1 0 
48386 336 237 95 2 275 62 1 80 519 5 1 0 1 0 
48364 353 250 81 0 236 55 2 97 555 5 0 1 1 0 
48287 376 234 83 0 265 80 3 102 563 4 0 1 2 0 
48286 361 239 98 5 290 84 0 97 531 3 0 3 3 0 
48265 405 240 92 2 283 76 3 87 539 4 1 2 1 0 
48326 357 251 86 0 253 55 0 104 552 8 1 5 2 0 
48303 391 254 85 2 251 76 1 115 518 1 0 2 1 0 
48346 379 230 81 3 270 64 2 113 505 3 1 1 2 0 
48321 366 247 89 3 279 54 1 100 529 4 0 2 5 0 
48325 384 232 85 2 241 65 5 98 553 2 3 2 3 0 
48368 385 226 89 2 256 43 1 92 529 4 0 2 3 0 
48344 348 214 94 3 263 67 0 105 551 3 2 2 4 0 
48381 357 236 79 2 244 74 0 92 528 2 1 1 3 0 
48353 341 248 90 1 258 64 1 95 540 2 0 4 3 0 
48394 341 221 96 3 225 67 1 104 536 2 4 2 4 0 
48353 368 217 91 2 277 60 1 78 545 1 3 3 1 0 
48410 379 228 86 0 257 47 2 101 477 5 2 3 3 0 
48342 376 225 96 2 244 70 3 112 526 2 0 2 0 0 
48340 369 252 68 3 267 60 2 102 529 3 0 1 4 0 
48376 375 225 94 1 255 65 0 96 499 3 3 3 5 0 
48382 347 226 98 1 256 46 1 92 540 5 1 2 3 0 
48283 384 238 103 2 238 73 0 100 569 2 3 4 1 0 
48347 355 256 84 5 253 74 0 89 534 1 0 2 0 0 
48426 338 211 83 1 261 62 1 97 513 4 0 1 2 0 
48458 329 199 72 1 227 74 3 112 514 5 1 4 1 0 
48403 350 216 69 4 263 66 4 118 499 1 2 3 2 0 
48379 371 223 91 3 239 58 2 92 534 2 1 2 3 0 
48356 370 236 88 1 258 68 3 113 504 1 0 0 2 0 
48312 347 242 82 3 285 74 1 97 546 8 0 1 2 0 
48366 355 235 90 0 261 57 2 105 521 4 2 1 1 0 
48393 339 230 82 3 267 61 2 103 513 3 1 3 0 0 
48241 378 243 91 2 309 60 2 98 562 3 4 2 5 0 
48360 365 220 96 2 249 63 0 120 508 11 2 2 2 0 
48350 372 243 78 3 254 64 1 94 529 3 2 2 5 0 
48386 369 199 96 1 278 60 2 87 514 2 0 3 3 0 
48399 338 249 82 1 241 73 4 100 505 2 2 1 3 0 
48285 414 224 102 1 256 58 0 116 532 6 1 2 3 0 
48332 391 234 99 2 272 62 2 115 482 5 1 0 3 0 
48314 375 223 88 1 251 72 1 106 562 3 1 1 2 0 
48350 311 244 98 4 273 75 0 90 549 2 0 2 2 0 
48360 361 265 90 2 234 75 1 102 496 5 0 6 3 0 
48309 395 248 85 2 258 56 3 108 519 7 3 3 4 0 
48377 362 234 85 3 235 81 2 91 523 1 2 3 1 0 
48257 415 223 90 3 256 85 1 112 546 4 1 3 4 0 
48347 378 220 109 1 239 54 1 92 553 4 0 0 2 0 
48342 350 247 79 1 279 61 4 102 525 3 2 3 2 0 
48330 381 228 94 1 234 69 3 97 550 4 3 2 4 0 
48292 372 249 104 2 265 65 1 103 535 5 2 2 3 0 
48392 360 246 80 3 245 55 2 106 508 0 0 2 1 0 
48373 349 245 73 1 252 52 5 104 536 4 1 2 3 0 
48270 373 219 99 5 275 63 0 104 577 7 0 5 3 0 
48288 363 237 107 0 271 68 1 110 551 0 1 2 1 0 
48419 354 236 85 0 251 61 2 101 482 1 1 6 1 0 
48361 372 224 87 2 255 69 3 105 514 5 0 1 2 0 
48290 388 221 114 2 254 70 1 120 534 3 0 1 2 0 
48366 356 243 89 1 250 62 1 85 533 3 1 4 6 0 
48331 387 245 80 1 250 63 3 114 507 5 3 3 8 0 
48288 372 215 96 1 273 73 2 106 562 1 2 3 6 0 
48360 343 241 100 4 245 66 2 110 514 3 7 2 3 0 
48278 391 211 95 6 273 54 1 105 574 6 2 1 3 0 
48358 376 236 77 2 277 61 2 107 491 5 3 3 2 0 
48319 372 212 85 3 287 57 1 105 549 1 3 3 3 0 
48353 367 224 95 6 257 56 1 93 529 4 4 2 9 0 
48411 350 221 87 3 248 65 1 96 512 2 2 0 2 0 
48306 369 221 83 1 254 55 1 115 580 5 3 3 4 0 
48403 359 221 80 1 253 63 4 91 519 3 0 1 2 0 
48376 363 220 106 1 226 78 2 92 523 4 2 3 4 0 
48333 378 225 90 7 229 73 1 90 559 4 2 1 8 0 
48365 352 241 84 2 233 76 1 105 532 3 1 2 3 0 
48308 347 236 83 4 253 67 2 101 588 3 1 4 3 0 
48310 360 248 102 0 267 76 1 105 524 1 1 4 1 0 
48278 399 226 112 3 281 72 2 98 518 4 2 1 4 0 
48350 362 229 82 4 270 56 2 92 545 2 5 1 0 0 
48340 366 223 88 1 268 47 2 111 548 1 2 0 3 0 
48362 377 242 76 0 250 56 2 98 520 4 3 4 6 0 
48356 389 218 93 0 260 61 1 112 499 7 1 1 2 0 
48308 379 260 102 4 254 66 1 100 514 6 1 2 3 0 
48297 400 238 73 4 258 70 3 96 551 4 1 2 3 0 
48306 342 235 102 2 289 65 1 90 552 2 4 7 3 0 
48367 377 220 101 1 240 59 1 99 527 2 2 2 2 0 
48373 352 259 96 2 242 67 0 92 511 1 0 2 3 0 
48300 342 262 77 2 261 73 1 99 574 4 0 1 4 0 
48325 400 213 96 1 234 74 3 106 534 4 1 2 7 0 
48339 386 218 95 2 244 77 3 98 529 5 0 1 3 0 
48329 380 222 102 4 235 54 2 121 537 5 5 1 3 0 
48403 346 227 90 2 281 65 1 88 488 3 2 1 3 0 
48302 394 231 91 2 240 82 3 97 544 7 3 2 2 0 
48367 350 252 76 0 245 60 3 93 547 4 1 2 0 0 
48343 364 239 80 1 248 61 1 96 553 7 1 4 2 0 
48387 370 229 81 3 277 64 1 86 494 1 0 5 2 0 
48307 346 239 78 1 248 81 3 117 570 5 1 4 0 0 
48330 333 230 85 3 274 77 0 104 556 5 1 1 1 0 
48329 363 224 78 0 265 73 1 100 558 1 1 2 5 0 
48265 389 264 85 0 289 60 1 111 526 6 0 1 3 0 
48417 350 238 87 0 241 56 0 106 491 4 1 2 7 0 
48319 376 252 84 1 247 74 3 108 530 1 0 3 2 0 
48369 351 247 85 3 267 50 4 98 511 5 2 3 5 0 
48336 365 223 82 3 262 71 3 98 547 3 1 3 3 0 
48351 374 238 101 2 249 62 0 93 517 4 0 5 4 0 
48364 382 243 81 4 261 56 2 96 494 6 3 4 4 0 
48360 378 221 95 3 246 51 1 92 540 4 4 1 4 0 
48343 346 228 81 2 258 63 1 100 565 5 1 3 4 0 
48302 377 227 85 1 263 59 1 115 558 7 2 1 2 0 
48360 359 242 95 1 263 59 1 108 503 2 2 2 3 0 
48366 380 227 80 5 248 70 4 101 507 5 0 2 5 0 
48356 373 231 96 2 242 71 1 83 531 4 3 1 6 0 
48345 340 252 85 1 258 63 1 103 539 4 2 3 4 0 
48350 355 236 97 0 263 54 2 101 536 3 1 2 0 0 
48386 359 236 87 1 264 64 2 97 492 5 3 2 2 0 
48360 358 229 94 3 257 52 2 73 565 2 1 2 2 0 
48343 353 276 89 2 230 72 1 83 538 2 3 4 4 0 
48370 334 228 93 3 266 69 1 102 524 4 0 3 3 0 
48300 389 245 77 3 258 71 3 99 539 7 3 2 4 0 
48371 393 208 86 0 243 62 3 96 522 8 2 4 2 0 
48364 324 251 82 0 277 54 1 105 531 2 2 6 1 0 
48367 332 237 78 3 272 57 1 97 546 6 0 1 3 0 
48317 379 227 107 4 265 53 2 111 524 3 1 5 2 0 
48381 340 235 96 3 262 56 1 96 518 4 3 2 3 0 
48295 381 262 88 1 252 59 0 113 540 4 3 0 2 0 
48380 381 217 75 1 261 60 0 118 498 4 0 2 3 0 
48333 341 217 103 2 240 78 2 109 570 1 0 3 1 0 
48347 362 259 91 1 272 74 0 85 501 2 2 1 3 0 
48329 342 242 103 0 271 58 1 108 536 2 1 4 3 0 
48296 370 245 101 1 248 61 0 103 565 1 0 6 3 0 
48352 372 220 93 0 235 64 0 104 548 7 2 2 1 0 
48329 367 249 85 3 276 50 0 102 526 7 0 1 5 0 
48375 371 227 96 0 245 63 1 119 490 7 1 2 3 0 
48346 376 239 88 0 265 59 1 116 494 7 1 2 6 0 
48307 372 242 92 3 273 65 1 106 529 4 1 2 3 0 
48360 361 235 95 3 259 63 1 90 516 8 4 3 2 0 
48319 365 257 96 2 252 68 2 94 539 1 0 1 4 0 
48310 367 236 89 2 238 67 5 110 559 7 1 5 4 0 
48322 397 208 97 4 257 64 3 85 552 1 0 5 5 0 
48367 354 230 94 4 262 61 2 103 514 2 1 2 4 0 
48273 382 237 95 0 298 58 1 104 538 8 2 1 3 0 
48367 372 227 92 1 242 63 1 109 512 7 1 4 2 0 
48301 377 242 83 3 256 67 3 98 559 4 1 4 2 0 
48325 374 227 109 2 252 62 1 116 518 3 3 3 5 0 
48360 394 223 71 1 262 58 3 92 527 5 1 1 2 0 
48325 367 236 110 5 273 57 2 98 519 4 0 2 2 0 
48320 371 253 99 1 249 69 3 87 534 9 1 3 1 0 
48344 398 214 89 2 263 60 0 109 509 4 0 4 4 0 
48348 397 196 72 2 253 56 2 108 558 2 3 3 0 0 
48302 392 255 89 3 259 48 4 100 535 3 2 3 5 0 
48310 384 257 87 1 253 71 1 107 515 5 2 3 4 0 
48354 393 221 113 0 241 60 0 87 515 9 1 2 4 0 
48408 367 230 92 1 271 64 0 73 479 8 3 3 1 0 
48358 385 244 102 0 226 61 0 90 526 4 2 2 0 0 
48329 359 244 99 4 271 67 5 99 510 7 2 0 4 0 
48344 389 240 99 2 221 62 0 99 531 6 1 5 1 0 
48348 378 223 92 2 258 69 1 92 526 3 1 0 7 0 
48329 384 246 90 0 284 82 2 100 474 3 3 1 2 0 
48382 352 205 109 3 253 65 2 88 534 5 0 1 1 0 
48337 421 225 84 1 243 64 1 94 525 4 0 0 1 0 
48347 371 252 92 1 256 62 1 99 513 2 0 1 3 0 
48375 329 223 73 3 288 75 2 93 529 2 2 2 4 0 
48340 353 239 90 2 274 63 1 96 532 4 1 1 4 0 
48343 369 212 91 4 258 67 2 110 530 7 1 3 3 0 
48309 430 250 111 5 228 47 0 89 526 2 1 0 2 0 
48348 349 231 96 1 257 65 3 111 530 3 0 2 4 0 
48265 385 266 98 2 263 66 2 101 542 2 2 3 3 0 
48276 386 257 86 1 272 65 3 106 542 0 1 1 4 0 
48292 372 253 100 4 247 75 3 116 531 2 1 2 2 0 
48324 358 227 97 1 262 78 0 99 542 1 1 6 4 0 
48193 432 236 84 2 263 80 0 95 598 3 2 8 4 0 
48273 405 245 86 0 279 67 4 105 527 4 0 3 2 0 
48258 368 269 91 1 268 73 1 87 568 8 1 4 3 0 
48356 354 226 74 2 275 64 1 94 537 5 2 7 3 0 
48392 363 221 67 0 239 60 1 93 551 7 2 1 3 0 
48329 343 213 80 2 273 69 2 118 565 2 1 2 1 0 
48369 379 260 105 2 231 66 1 78 501 2 1 2 3 0 
48299 409 243 84 0 260 53 0 103 539 2 1 2 5 0 
48381 361 231 90 1 238 54 2 108 521 5 4 2 2 0 
48324 391 224 80 3 275 63 0 107 519 4 2 3 5 0 
48292 388 262 86 3 228 79 1 116 533 4 1 1 6 0 
48343 395 226 97 4 258 62 1 93 510 3 5 1 2 0 
48336 333 223 94 0 278 76 1 108 537 6 1 4 3 0 
48366 371 244 78 2 256 63 3 105 501 4 1 2 4 0 
48269 380 252 101 1 265 71 5 98 546 6 3 2 1 0 
48328 374 262 84 0 255 52 0 87 545 5 1 4 3 0 
48234 375 251 93 5 284 75 3 108 562 1 2 3 4 0 
48318 363 236 98 3 246 63 3 100 559 4 1 1 5 0 
48382 365 212 82 1 242 67 1 92 547 4 1 2 2 0 
48355 371 224 73 3 268 61 6 98 528 4 1 6 2 0 
48323 373 226 94 3 252 60 2 101 557 4 1 2 2 0 
48376 366 204 97 4 231 53 2 103 554 3 3 1 3 0 
48338 369 253 90 6 260 72 2 104 498 5 0 1 2 0 
48365 340 237 92 2 259 68 2 100 522 6 1 4 2 0 
48251 396 259 87 1 288 52 2 109 542 8 2 1 2 0 
48307 349 253 103 5 272 64 2 81 554 4 2 2 2 0 
48294 385 240 86 2 282 53 1 96 551 4 2 1 3 0 
48348 382 244 91 1 218 64 2 108 533 3 1 3 2 0 
48323 374 244 89 0 247 75 2 105 524 7 2 3 5 0 
48422 342 227 88 0 278 54 2 100 485 1 0 0 1 0 
48367 340 230 83 1 259 78 0 103 527 5 0 3 4 0 
48371 361 244 89 2 253 54 1 90 525 2 1 5 2 0 
48356 370 232 88 3 272 52 1 99 514 4 3 4 2 0 
48391 337 215 82 0 242 64 2 116 538 6 2 5 0 0 
48345 395 225 81 0 260 53 1 87 541 1 1 5 5 0 
48350 354 228 90 1 251 71 3 113 528 4 1 3 3 0 
48421 352 269 68 2 227 50 5 96 503 2 1 3 1 0 
48281 365 243 95 2 276 50 3 107 571 2 0 3 2 0 
48404 385 215 68 1 236 50 2 88 540 0 3 6 2 0 
48293 369 241 99 2 273 70 5 91 543 2 4 0 8 0 
48410 373 217 88 2 257 58 3 92 484 7 0 3 6 0 
48324 376 272 90 0 273 62 1 102 492 5 1 0 2 0 
48286 409 243 85 2 273 67 6 97 522 4 1 4 1 0 
48375 365 227 87 1 238 73 3 108 514 4 1 1 2 1 
48392 356 231 66 2 276 52 2 82 531 3 2 4 1 0 
48356 382 227 81 2 252 68 1 108 512 4 0 3 4 0 
48310 398 227 78 3 282 68 2 109 507 5 4 3 4 0 
48303 395 261 97 2 254 54 0 93 533 4 1 2 1 0 
48350 378 235 91 2 263 60 2 91 518 5 1 3 1 0 
48267 375 251 91 1 255 71 2 104 573 4 0 2 4 0 
48290 391 255 89 1 261 65 1 107 530 4 1 1 4 0 
48368 344 232 84 2 249 56 2 97 554 4 2 2 4 0 
48281 374 241 88 4 246 61 3 104 589 0 1 4 4 0 
48294 358 216 86 2 278 77 2 92 585 3 2 1 4 0 
48372 358 245 81 2 270 67 0 105 496 1 1 0 2 0 
48276 389 243 79 1 275 62 3 92 568 4 2 2 4 0 
48298 389 228 84 3 276 72 3 98 537 4 3 1 4 0 
48318 355 230 82 2 241 73 2 109 576 4 2 4 2 0 
48304 384 221 75 0 272 64 3 99 567 4 2 4 1 0 
48361 353 202 87 0 268 71 1 104 538 5 2 3 4 1 
48336 388 226 87 3 262 64 1 101 522 3 2 1 4 0 
48307 402 236 90 0 254 60 5 93 540 6 0 4 3 0 
48303 386 235 106 4 255 70 3 90 535 5 4 2 2 0 
48376 371 247 77 5 234 67 3 78 530 5 1 3 3 0 
48302 379 223 93 3 277 67 4 78 565 7 0 0 2 0 
48328 379 212 85 2 308 47 0 91 541 4 0 2 1 0 
48315 384 226 104 2 268 63 0 102 528 3 2 0 3 0 
48319 365 241 105 2 283 55 3 86 533 3 0 0 5 0 
48368 357 214 80 1 245 67 3 95 560 6 0 2 2 0 
48307 356 241 77 2 289 80 1 109 529 4 3 1 1 0 
48335 368 255 76 1 229 67 0 97 558 3 1 6 4 0 
48306 371 245 84 4 261 57 2 99 557 4 2 4 4 0 
48312 386 216 88 4 249 59 3 100 572 4 1 2 4 0 
48297 375 246 97 1 299 61 1 109 506 4 1 1 2 0 
48376 365 226 72 1 242 66 3 95 543 4 1 2 4 0 
48321 335 219 89 2 281 72 4 113 552 3 1 4 4 0 
48365 378 224 93 3 241 54 2 96 527 5 2 5 5 0 
48410 356 204 88 3 262 62 0 91 508 5 2 4 5 0 
48353 338 248 96 3 261 56 5 97 537 4 0 0 2 0 
48280 401 216 95 1 235 80 3 107 568 5 2 3 4 0 
48248 394 269 102 2 256 65 0 106 543 4 2 6 3 0 
48316 370 226 93 2 266 67 2 114 539 3 0 0 2 0 
48359 345 243 81 1 262 61 3 110 520 4 3 4 4 0 
48350 366 253 84 1 245 58 3 93 527 7 3 4 6 0 
48358 381 234 91 2 229 55 3 82 550 4 3 3 5 0 
48272 389 255 111 0 271 69 1 96 524 3 3 4 2 0 
48380 318 240 93 2 248 69 3 103 532 7 1 1 3 0 
48375 361 232 97 1 257 73 2 79 516 1 0 2 4 0 
48338 338 246 100 3 273 72 2 96 522 5 2 2 1 0 
48345 385 250 97 1 261 69 2 96 485 2 1 3 3 0 
48292 383 234 96 1 259 77 2 102 540 6 1 4 2 1 
48445 333 239 88 1 245 53 3 100 484 3 2 1 3 0 
48282 398 261 92 1 244 68 0 89 554 4 0 4 3 0 
48381 356 225 95 1 267 55 1 95 513 3 1 4 3 0 
48258 378 237 80 0 287 59 3 107 576 8 0 2 5 0 
48401 353 213 79 2 259 69 1 116 496 2 1 4 4 0 
48324 396 247 80 4 263 57 0 104 518 2 1 2 2 0 
48395 384 202 95 1 247 56 1 117 493 6 1 1 1 0 
48356 380 230 81 1 251 65 2 93 534 3 0 2 2 0 
48380 397 237 77 1 242 68 0 102 489 3 0 2 2 0 
48341 359 227 103 2 273 60 3 99 523 3 1 0 6 0 
48347 395 242 86 1 246 60 2 108 502 3 1 2 5 0 
48391 348 241 91 3 252 65 1 94 502 4 2 2 4 0 
48295 368 257 92 1 284 71 4 98 520 4 0 1 5 0 
48287 433 240 89 2 271 58 2 84 522 4 2 3 3 0 
48360 356 245 79 2 259 68 0 94 528 5 0 1 3 0 
48367 351 239 74 1 257 63 1 103 537 1 4 1 1 0 
48308 395 230 95 3 249 60 1 103 551 2 0 0 3 0 
48368 392 243 83 3 248 69 1 94 490 5 1 3 0 0 
48381 380 209 86 2 250 68 0 105 504 7 1 3 4 0 
48337 379 218 96 1 259 57 1 117 524 4 0 5 2 0 
48361 368 243 86 0 255 53 3 101 522 3 0 2 3 0 
48354 373 219 88 2 246 60 3 94 549 3 2 1 6 0 
48373 366 221 92 1 261 68 0 120 490 2 0 1 5 0 
48289 356 240 93 1 283 83 2 98 545 2 1 3 4 0 
48358 344 238 89 1 272 59 1 97 531 3 2 1 4 0 
48365 373 241 86 0 246 50 4 100 526 3 0 2 4 0 
48316 352 235 102 1 264 72 2 104 541 4 1 1 5 0 
48398 347 238 82 1 265 66 2 92 499 5 2 3 0 0 
48349 365 244 109 2 246 67 0 90 519 5 0 0 4 0 
48288 419 244 85 2 242 63 3 96 551 3 0 1 3 0 
48355 366 233 95 1 237 72 3 97 526 7 0 3 5 0 
48358 347 243 86 1 231 76 1 104 536 3 5 5 4 0 
48387 348 221 89 3 258 54 0 109 521 4 2 0 4 0 
48320 369 247 91 3 240 77 4 100 537 7 0 3 2 0 
48370 372 213 86 5 260 56 0 98 527 8 2 0 3 0 
48385 369 246 94 2 238 44 2 104 504 5 1 3 3 0 
48342 371 239 100 3 250 65 2 83 530 9 1 2 3 0 
48383 329 249 54 5 260 71 1 93 546 4 1 1 3 0 
48322 367 228 94 5 250 66 1 115 541 2 3 5 1 0 
48323 379 250 84 1 279 62 2 97 509 6 4 0 4 0 
48366 371 226 74 3 258 82 2 82 527 5 0 1 3 0 
48310 363 247 84 0 270 49 1 108 563 1 1 2 1 0 
48305 376 214 103 1 235 65 1 108 579 8 0 3 2 0 
48319 336 252 83 2 271 72 1 116 537 3 1 5 2 0 
48372 358 242 79 1 257 63 0 105 506 10 3 1 3 0 
48311 368 217 104 2 261 79 4 101 543 5 2 1 2 0 
48382 361 208 92 0 268 68 0 103 509 3 1 1 4 0 
48309 368 223 95 3 255 83 2 87 562 5 2 3 3 0 
48325 372 215 77 2 295 60 2 119 522 5 2 3 1 0 
48239 382 243 88 1 282 68 2 95 590 4 0 3 3 0 
48317 371 253 90 2 275 53 1 82 549 1 3 0 3 0 
48325 357 220 94 2 279 65 5 106 529 6 2 6 4 0 
48349 361 227 81 2 240 50 2 102 572 9 0 3 2 0 
48352 376 222 102 0 272 65 0 86 516 3 1 2 3 0 
48310 402 201 90 2 287 72 2 90 523 7 3 3 8 0 
48374 367 224 92 2 250 57 1 81 543 3 1 2 3 0 
48328 344 241 82 1 269 72 1 121 533 5 0 2 1 0 
48317 354 242 86 0 260 81 0 91 558 4 2 2 3 0 
48332 364 228 84 1 265 68 0 103 543 4 3 1 4 0 
48430 340 214 87 1 254 64 2 93 506 5 2 2 0 0 
48297 392 255 87 2 259 59 2 85 550 3 2 4 3 0 
48288 366 256 101 2 262 82 0 95 540 6 0 2 0 0 
48261 400 243 96 0 259 78 6 106 541 2 3 2 3 0 
48321 371 226 91 1 282 68 1 117 512 2 1 4 3 0 
48283 364 275 81 4 253 61 1 114 556 2 1 2 3 0 
48400 375 219 84 5 229 77 0 83 514 4 4 3 3 0 
48341 367 231 85 2 250 66 1 118 526 5 2 4 2 0 
48450 385 207 84 2 244 64 3 88 468 1 1 0 3 0 
48264 385 240 83 2 263 87 0 103 563 1 1 4 4 0 
48365 347 255 95 4 244 54 3 107 517 6 1 0 2 0 
48355 351 206 90 3 269 63 4 119 530 3 3 2 2 0 
48365 369 228 89 1 249 68 3 94 527 2 1 2 2 0 
48332 342 255 85 2 258 65 3 104 546 3 0 4 1 0 
48319 402 235 95 1 260 75 3 93 509 1 4 1 2 0 
48361 356 245 98 1 252 53 1 96 526 3 1 2 5 0 
48280 406 209 100 4 302 61 4 94 524 6 4 5 1 0 
48397 368 221 88 3 247 76 0 99 492 6 0 3 0 0 
48351 382 255 81 3 268 68 0 92 488 5 1 3 3 0 
48323 374 251 76 2 254 71 3 94 545 2 2 2 1 0 
48350 354 234 79 3 282 72 1 93 522 3 1 3 3 0 
