48399 259 294 94 1 254 54 2 113 514 7 2 3 4 0 
48379 236 296 95 1 269 68 2 99 543 3 2 5 2 0 
48388 284 304 68 2 233 67 0 105 542 2 2 2 1 0 
48407 267 266 101 0 235 67 0 98 546 2 3 6 2 0 
48419 264 277 97 2 259 60 3 99 510 4 1 3 2 0 
48316 268 280 88 4 282 69 0 113 572 4 2 1 1 0 
48398 287 267 97 1 264 64 1 83 533 1 0 2 2 0 
48312 295 300 103 2 255 78 1 112 532 1 2 1 6 0 
48387 248 307 87 2 272 65 1 94 524 5 0 4 4 0 
48340 275 295 93 1 267 58 0 115 549 1 1 1 4 0 
48443 262 277 107 1 254 56 3 101 487 1 1 3 4 0 
48408 256 280 85 2 233 67 2 99 557 5 0 5 1 0 
48371 269 279 94 1 269 62 0 97 553 1 0 4 0 0 
48364 272 272 92 4 258 73 3 97 555 2 0 6 2 0 
48360 289 316 67 4 258 62 0 112 526 2 1 0 3 0 
48369 259 295 87 1 251 64 1 114 544 7 2 3 3 0 
48394 284 282 85 1 254 73 2 104 507 3 0 9 2 0 
48387 287 307 95 1 255 73 0 83 502 1 2 4 3 0 
48396 268 299 80 3 239 57 1 103 540 2 1 3 8 0 
48423 256 274 83 0 266 74 0 81 537 3 1 0 2 0 
48384 250 301 82 3 262 77 3 98 535 1 1 2 1 0 
48388 261 278 89 2 252 76 2 111 528 3 1 4 5 0 
48365 290 294 74 0 251 87 1 92 539 2 1 2 2 0 
48356 275 310 82 3 248 60 0 99 554 4 3 2 4 0 
48381 281 289 94 3 268 53 2 102 521 0 1 2 3 0 
48379 268 306 79 1 283 66 0 100 502 8 1 2 5 0 
48369 258 292 91 2 262 57 1 121 533 5 0 4 5 0 
48352 276 276 111 1 275 71 3 82 543 3 1 2 4 0 
48305 279 301 92 5 281 70 2 90 564 6 1 2 2 0 
48471 231 292 80 0 228 66 1 86 530 5 0 6 3 1 
48438 232 303 89 2 242 70 3 86 528 1 0 3 3 0 
48370 278 277 86 2 252 60 3 111 549 2 0 6 4 0 
48397 240 305 91 2 225 90 1 101 541 3 1 3 0 0 
48456 234 296 95 3 278 64 1 97 464 4 1 4 3 0 
48388 250 319 88 4 249 75 0 104 515 2 0 2 4 0 
48300 266 276 108 3 310 53 2 101 569 4 1 3 4 0 
48360 258 272 83 2 295 69 0 105 538 0 3 9 6 0 
48378 241 292 91 1 274 61 3 97 553 3 1 1 4 0 
48471 240 275 63 1 241 58 1 102 535 4 1 3 5 0 
48308 289 306 111 2 253 60 1 118 532 6 3 5 6 0 
48394 246 293 84 0 269 63 0 104 529 7 2 5 4 0 
48421 270 275 86 3 267 68 2 97 504 1 0 5 1 0 
48387 254 307 83 1 244 68 2 108 537 2 2 3 2 0 
48390 259 284 73 1 283 67 0 107 520 3 4 6 3 0 
48324 283 325 89 2 252 55 1 108 550 5 0 3 3 0 
48377 291 284 100 0 251 63 1 91 533 1 2 2 4 0 
48307 284 320 101 1 278 64 1 93 535 5 2 5 4 0 
48382 296 266 100 2 240 66 0 111 532 1 4 0 0 0 
48408 283 284 87 1 267 66 0 94 502 4 0 1 3 0 
48327 277 320 78 4 274 69 1 118 522 4 2 2 2 0 
48400 254 276 100 2 286 51 1 101 517 4 0 3 5 0 
48283 288 300 87 1 291 71 0 88 581 1 2 4 3 0 
48379 267 296 75 1 276 73 1 98 525 2 2 2 3 0 
48319 267 304 86 2 262 65 2 106 576 3 0 5 3 0 
48366 280 295 83 1 266 73 1 92 530 4 1 7 1 0 
48377 260 292 93 3 250 75 2 99 540 2 2 1 4 0 
48397 272 273 91 0 272 58 1 109 518 3 1 4 1 0 
48413 240 286 95 2 238 54 2 103 563 0 1 0 3 0 
48375 277 290 87 1 275 58 0 100 525 6 1 2 3 0 
48461 260 268 86 4 257 64 2 96 493 3 1 3 2 0 
48381 251 278 99 1 265 65 1 117 527 3 1 7 4 0 
48383 246 326 85 1 251 54 2 100 542 4 2 1 3 0 
48389 244 290 95 1 261 73 0 100 537 4 2 0 3 1 
48416 236 278 92 1 264 76 0 91 536 4 1 4 1 0 
48352 287 312 92 1 253 68 4 87 531 4 3 1 5 0 
48378 268 285 104 3 285 68 0 85 515 0 0 5 4 0 
48393 269 297 77 1 257 65 1 110 517 3 3 4 3 0 
48412 272 291 99 2 238 58 1 107 506 4 4 3 3 0 
48374 269 303 85 1 252 67 1 105 535 3 2 3 0 0 
48301 276 297 88 2 264 76 1 102 584 3 1 2 3 0 
48340 280 311 104 3 249 72 1 91 541 2 1 5 0 0 
48408 300 298 88 3 247 64 1 83 501 1 0 1 5 0 
48397 256 306 94 5 261 61 3 91 516 6 1 2 1 0 
48412 262 296 88 2 248 64 1 115 499 3 4 0 6 0 
48340 286 295 89 1 275 57 0 96 548 6 0 2 5 0 
48461 257 281 81 1 247 60 0 91 503 4 0 10 4 0 
48395 286 271 73 1 276 68 2 90 530 1 0 4 3 0 
48407 250 301 103 0 248 77 0 89 514 1 4 6 0 0 
48366 259 287 100 1 262 77 1 88 550 2 3 3 1 0 
48384 274 282 93 5 277 58 2 99 516 2 1 5 2 0 
48375 264 292 99 4 252 63 0 101 539 1 2 3 5 0 
48398 258 332 89 3 224 77 1 99 513 0 4 0 2 0 
48323 279 308 108 0 277 70 5 114 509 0 1 3 3 0 
48366 280 287 91 2 264 58 0 97 542 1 1 6 5 0 
48370 271 280 69 0 243 74 3 111 562 11 1 2 3 0 
48428 293 302 87 2 263 63 2 70 475 3 2 3 7 0 
48388 270 268 103 1 250 73 0 115 524 2 0 5 1 0 
48399 277 275 100 2 243 64 0 114 516 6 1 2 1 0 
48395 272 316 84 2 256 62 1 95 504 2 2 1 8 0 
48385 268 290 75 3 257 61 2 83 559 7 3 2 5 0 
48313 296 294 84 1 268 70 2 101 563 3 3 1 1 0 
48380 279 286 95 0 243 62 2 100 544 5 2 1 1 0 
48390 283 293 73 0 264 68 1 112 507 5 1 2 1 0 
48409 265 297 96 0 248 59 1 111 499 7 1 4 3 0 
48377 273 284 98 2 245 70 1 105 536 3 0 4 2 0 
48364 256 303 80 1 277 69 0 112 521 5 1 5 6 0 
48464 274 253 90 1 234 70 2 89 511 2 1 5 3 1 
48383 253 297 80 2 273 65 2 91 542 3 3 3 3 0 
48274 261 330 100 0 280 74 1 99 570 4 2 4 1 0 
48356 290 289 96 0 249 60 2 124 527 4 0 2 1 0 
48391 252 283 90 4 249 59 2 99 564 2 1 3 1 0 
48340 285 306 74 4 289 61 2 94 530 7 2 3 3 0 
48389 275 305 86 1 258 74 0 91 510 2 2 4 3 0 
48362 268 299 101 3 255 64 2 96 538 8 0 3 1 0 
48339 299 290 79 1 281 56 2 124 516 2 3 5 3 0 
48433 268 285 85 2 242 52 1 93 527 4 1 7 0 0 
48409 270 292 101 1 253 59 3 94 505 4 1 4 4 0 
48365 278 288 104 2 240 73 2 111 524 5 1 4 3 0 
48344 256 308 104 2 271 77 0 86 543 1 4 2 2 0 
48406 262 307 83 2 245 75 1 91 510 8 1 4 5 0 
48397 275 293 92 1 249 72 2 90 519 2 1 3 4 0 
48336 271 293 86 1 307 58 1 108 531 2 2 1 3 0 
48384 292 272 79 4 275 73 0 90 522 3 1 3 2 0 
48398 265 307 81 3 246 75 1 98 514 2 2 3 5 0 
48354 265 308 85 2 259 62 1 105 550 2 1 4 2 0 
48371 285 300 93 1 258 67 1 112 499 3 1 6 3 0 
48446 261 272 84 3 254 56 1 90 524 1 3 2 3 0 
48320 272 281 101 1 288 75 0 122 529 4 2 2 3 0 
48400 278 315 100 1 222 63 0 93 520 3 0 3 2 0 
48436 267 286 81 3 251 70 1 105 490 4 1 4 1 0 
48411 266 267 81 4 279 69 1 86 523 5 2 4 2 0 
48363 285 297 85 2 273 67 0 97 523 1 2 2 3 0 
48402 260 259 86 1 250 59 4 114 549 4 2 5 5 0 
48398 290 290 67 1 271 62 2 87 522 0 1 6 3 0 
48316 269 292 100 2 256 61 0 109 585 2 2 5 1 0 
48361 258 302 84 2 255 77 2 86 565 4 1 2 1 0 
48348 279 307 85 2 251 62 0 109 547 4 1 3 2 0 
48389 249 272 94 0 255 63 2 102 558 5 5 2 4 0 
48429 250 291 64 3 243 55 1 76 573 5 5 1 4 0 
48346 266 297 96 3 280 69 1 94 535 2 3 2 6 0 
48380 249 300 96 1 256 68 5 100 535 3 0 2 5 0 
48406 254 305 97 1 284 58 0 78 504 4 4 3 2 0 
48419 292 297 82 2 238 52 2 83 519 4 2 3 5 0 
48444 258 307 88 3 256 60 1 81 489 3 3 3 4 0 
48319 316 299 85 1 280 61 0 90 534 2 1 6 6 0 
48301 307 313 85 0 251 73 4 109 545 6 2 3 1 0 
48440 238 276 97 0 262 67 2 99 509 1 1 4 4 0 
48397 255 291 90 1 262 67 1 122 505 4 1 0 4 0 
48425 273 287 79 0 253 54 0 102 515 6 2 3 1 0 
48370 316 283 83 2 261 60 3 99 516 2 0 1 4 0 
48369 258 282 87 2 259 55 1 126 554 2 0 2 3 0 
48333 290 310 112 2 272 61 0 94 516 2 2 3 3 0 
48324 271 310 102 3 292 64 0 124 502 2 1 1 4 0 
48349 296 283 88 3 267 61 3 99 537 1 3 6 4 0 
48388 270 295 87 1 235 64 1 109 539 4 1 6 0 0 
48373 289 294 94 1 255 45 0 96 545 5 1 0 2 0 
48465 248 296 80 0 219 68 1 97 514 3 1 6 2 0 
48343 294 289 82 1 279 72 0 112 523 1 1 3 0 0 
48327 280 289 78 3 263 72 1 112 568 3 1 1 2 0 
48421 279 271 84 3 239 55 2 103 533 4 0 3 3 0 
48310 270 270 90 2 302 62 0 103 581 3 4 1 2 0 
48434 284 309 88 2 237 52 0 84 496 2 3 3 6 0 
48361 290 288 102 1 247 61 0 87 554 1 1 1 6 0 
48374 291 265 71 3 283 65 0 101 537 3 0 1 6 0 
48402 259 289 87 0 271 57 0 92 535 3 3 0 2 0 
48309 271 326 112 1 263 73 1 106 528 2 2 4 2 0 
48316 270 341 82 3 254 76 1 102 547 1 1 3 3 0 
48360 271 302 87 3 265 55 1 85 560 3 3 1 4 0 
48396 262 284 81 1 271 72 2 105 514 2 1 6 3 0 
48364 279 310 112 2 247 60 1 90 526 1 2 1 5 0 
48395 274 278 86 1 264 66 3 91 530 5 3 3 1 0 
48449 251 264 100 2 255 67 1 86 514 2 3 2 4 0 
48389 221 310 89 4 250 55 0 108 565 2 2 1 4 0 
48399 294 280 89 1 276 64 1 93 493 5 2 2 1 0 
48394 259 274 100 2 282 60 3 84 530 2 4 3 3 0 
48392 251 277 89 1 257 77 0 86 562 3 1 1 3 0 
48389 260 292 83 1 271 65 1 78 552 2 5 1 0 0 
48386 262 301 89 0 257 67 0 85 543 2 1 4 3 0 
48338 264 335 85 2 266 63 2 102 533 4 0 3 3 0 
48321 281 294 104 3 244 62 3 108 565 4 3 7 1 0 
48360 255 307 97 0 244 80 2 101 543 2 1 6 2 0 
48408 261 273 73 0 250 77 2 99 548 2 1 5 1 0 
48455 248 261 83 3 253 44 3 100 542 3 2 3 0 0 
48349 290 310 83 5 268 62 1 109 515 0 2 4 2 0 
48297 282 291 109 1 286 69 1 93 557 2 3 6 3 0 
48380 268 292 95 1 265 53 3 103 522 7 1 4 6 0 
48418 267 270 88 1 232 60 2 110 541 4 1 3 3 0 
48352 263 303 79 0 283 65 2 110 529 7 1 2 4 0 
48408 248 280 82 2 252 57 2 100 558 5 1 3 2 0 
48303 298 315 102 0 253 57 0 117 545 4 2 3 1 0 
48408 271 288 91 0 267 52 2 119 492 3 3 3 1 0 
48327 266 298 97 2 270 63 1 115 546 4 1 4 6 0 
48357 271 283 113 3 265 69 1 96 532 3 2 4 0 1 
48360 254 301 67 1 266 70 0 120 554 1 3 2 1 0 
48346 290 267 101 1 268 58 1 118 540 4 0 0 6 0 
48273 287 313 110 2 246 69 3 106 571 5 3 6 6 0 
48432 272 275 93 1 249 73 1 88 512 2 0 2 0 0 
48395 263 292 76 0 260 71 2 100 532 1 4 1 3 0 
48447 243 278 88 2 249 71 1 86 528 3 0 3 1 0 
48377 268 311 104 1 253 58 0 101 518 3 1 1 4 0 
48414 273 277 89 3 241 71 1 89 535 3 0 0 4 0 
48403 270 257 83 0 265 73 2 98 539 3 3 2 2 0 
48440 247 300 79 2 246 69 1 95 511 2 1 5 2 0 
48340 281 319 91 2 259 92 2 86 516 4 2 3 3 0 
48453 261 290 90 5 238 68 1 90 488 2 3 6 5 0 
48326 268 295 101 2 289 66 2 100 536 5 3 4 3 0 
48420 271 296 100 3 250 57 3 98 493 2 4 1 2 0 
48376 289 291 79 1 246 58 1 93 552 3 1 2 8 0 
48393 282 311 93 1 228 65 1 98 518 2 2 1 5 0 
48441 240 280 71 3 268 66 0 98 524 2 1 2 4 0 
48427 269 292 83 4 257 63 2 96 496 3 4 4 0 0 
48345 269 318 102 2 266 64 0 88 536 3 3 3 1 0 
48342 284 318 91 0 266 57 0 105 530 1 1 3 2 0 
48441 249 290 93 1 236 60 1 95 523 3 1 4 3 0 
48415 271 278 82 2 244 60 1 87 551 3 2 2 2 0 
48317 281 330 91 1 250 59 1 96 566 2 2 3 1 0 
48364 273 311 93 5 251 55 2 109 528 4 1 2 2 0 
48335 302 268 94 3 252 65 1 107 557 1 1 8 6 0 
48321 302 286 94 1 266 59 1 108 551 4 3 1 3 0 
48467 235 290 76 2 212 54 0 99 557 3 0 2 3 0 
48319 272 326 103 0 256 65 1 98 555 1 2 2 0 0 
48381 279 295 80 0 262 66 1 99 527 5 2 2 1 0 
48391 268 309 74 0 272 51 3 83 531 2 5 2 9 0 
48398 258 277 78 0 267 73 2 108 531 4 0 3 1 0 
48350 277 274 104 2 248 68 0 110 557 3 4 1 2 0 
48310 321 307 80 2 251 65 2 116 534 6 1 3 2 0 
48368 284 277 80 5 257 75 1 108 531 2 1 5 6 0 
48404 262 300 95 3 243 72 1 82 527 6 2 1 2 0 
48308 255 327 89 2 288 61 1 98 567 1 1 2 0 0 
48335 252 323 96 0 242 74 1 88 577 2 5 2 3 0 
48416 247 294 77 0 280 61 1 87 526 3 1 2 5 0 
48354 276 302 87 5 272 71 2 115 505 4 2 5 0 0 
48420 264 291 78 0 266 49 3 90 526 5 1 3 4 0 
48428 249 284 81 2 273 54 1 83 534 4 1 3 3 0 
48429 264 240 94 2 253 72 2 93 533 4 4 4 5 1 
48313 307 307 97 3 262 58 1 94 542 11 1 2 2 0 
48451 292 272 75 0 263 74 2 92 470 2 0 3 4 0 
48379 254 290 71 3 274 60 0 109 548 1 2 5 4 0 
48340 275 315 81 1 259 55 1 99 564 5 1 3 1 0 
48404 261 314 70 1 234 61 0 111 530 4 2 5 3 0 
48356 275 312 84 2 253 84 1 99 527 2 2 0 3 0 
48362 274 272 94 2 265 62 0 101 561 3 1 0 3 0 
48359 255 313 105 0 259 61 0 104 532 5 0 3 4 0 
48410 277 315 80 2 233 66 0 89 515 6 1 3 3 0 
48345 303 294 79 1 261 78 1 103 520 6 0 6 3 0 
48353 284 282 88 3 256 72 2 104 546 4 1 1 4 0 
48359 275 325 88 2 279 66 1 90 508 2 2 2 1 0 
48382 262 286 82 2 257 62 1 102 552 3 4 2 2 1 
48345 280 289 92 0 268 74 1 109 535 0 2 2 3 0 
48322 282 334 84 2 262 67 3 112 521 5 1 4 1 0 
48363 262 314 101 1 267 64 0 107 518 2 0 0 1 0 
48380 282 290 76 3 271 61 1 114 515 0 2 4 1 0 
48322 269 300 97 2 262 69 0 109 557 0 1 8 4 0 
48351 267 320 95 3 275 56 1 92 530 2 2 2 4 0 
48394 266 272 85 2 268 70 1 106 527 4 0 1 4 0 
48376 256 267 82 2 272 56 0 123 562 0 0 3 1 0 
48431 246 264 102 2 250 58 1 109 527 3 1 4 2 0 
48319 274 344 96 0 254 64 1 108 529 2 1 4 4 0 
48432 268 260 92 2 262 62 6 99 508 2 1 3 3 0 
48345 268 304 109 3 260 58 2 89 548 6 2 4 2 0 
48446 267 279 85 2 261 53 2 99 499 0 1 5 1 0 
48322 279 282 103 2 252 67 1 122 560 2 0 7 1 0 
48368 303 312 90 2 262 62 0 79 508 4 1 5 4 0 
48365 241 328 92 1 278 67 1 92 530 1 1 2 1 0 
48446 264 277 93 0 262 57 0 92 499 1 2 4 3 0 
48361 266 278 102 0 284 64 1 95 538 6 1 3 1 0 
48328 263 291 97 1 257 80 0 108 563 4 1 1 6 0 
48383 268 282 82 2 280 76 0 87 529 1 2 3 5 0 
48359 289 289 77 3 262 70 1 92 543 3 2 7 3 0 
48358 272 329 83 3 251 63 0 101 529 3 1 6 1 0 
48379 276 280 97 0 270 69 2 92 520 3 4 6 2 0 
48480 259 270 72 3 225 57 1 93 528 4 1 4 3 0 
48424 276 276 92 1 264 60 1 88 510 2 0 3 3 0 
48255 288 366 95 5 253 64 0 104 560 1 4 0 5 0 
48334 277 297 105 2 255 75 3 103 537 4 1 5 2 0 
48402 292 324 71 2 261 59 3 77 491 5 1 6 6 0 
48445 237 298 92 2 261 63 1 88 507 2 1 2 1 0 
48400 224 288 77 1 287 61 2 100 552 3 1 2 2 0 
48397 269 299 92 1 250 71 1 105 502 2 3 5 3 0 
48357 273 319 88 3 236 65 0 107 541 3 2 3 3 0 
48374 261 305 94 3 250 57 1 109 531 3 2 4 6 0 
48430 260 278 74 4 277 74 0 84 511 4 2 1 1 0 
48385 269 287 92 1 267 69 1 98 517 4 2 2 6 0 
48379 285 275 91 1 262 73 2 106 518 0 2 3 3 0 
48361 277 309 71 7 251 71 2 94 545 2 3 5 2 0 
48333 289 294 102 3 279 57 3 105 521 2 3 4 5 0 
48472 250 285 88 1 253 53 0 98 489 2 2 1 6 0 
48416 277 269 87 1 252 62 2 97 530 4 1 2 0 0 
48390 236 288 94 0 291 73 3 82 532 3 4 1 3 0 
48403 280 301 80 1 265 79 2 100 482 4 0 2 1 0 
48341 277 304 75 2 303 76 2 87 519 4 4 2 4 0 
48442 265 254 105 2 254 62 0 96 511 5 0 2 2 0 
48368 251 303 98 2 281 70 0 87 528 3 1 3 5 0 
48370 261 286 90 0 272 52 1 102 557 3 1 2 3 0 
48328 302 301 91 1 257 60 4 101 544 0 5 3 3 0 
48448 250 272 78 1 286 72 1 105 473 3 2 3 6 0 
48320 290 314 81 1 255 69 2 94 564 4 3 2 1 0 
48331 281 327 88 3 263 63 1 106 524 5 1 5 2 0 
48394 270 251 81 2 257 72 0 103 549 5 4 8 4 0 
48348 290 283 92 2 286 79 1 105 507 3 0 2 2 0 
48388 264 317 79 2 235 68 0 107 531 2 2 2 3 0 
48341 313 285 93 1 253 70 0 104 535 0 1 1 3 0 
48411 271 281 87 1 257 60 0 86 543 1 0 2 0 0 
48297 299 316 92 1 271 63 2 96 551 1 3 4 4 0 
48423 260 271 78 1 254 63 0 108 533 0 2 5 2 0 
48337 291 301 85 3 267 51 1 124 528 6 1 4 1 0 
48428 271 267 97 0 254 62 2 92 516 5 1 2 3 0 
48423 263 292 84 1 231 71 1 105 522 0 3 0 4 0 
48386 280 307 111 1 240 66 1 117 487 1 0 1 2 0 
48343 289 300 72 3 292 72 2 99 516 7 0 2 3 0 
48366 272 284 86 3 273 85 1 94 528 3 1 1 3 0 
48365 254 279 100 2 281 64 2 94 555 2 0 0 2 0 
48422 271 276 106 0 257 66 1 109 483 2 1 2 4 0 
48378 264 282 97 1 261 67 1 105 535 3 0 4 2 0 
48416 292 270 70 0 257 61 3 83 538 2 0 4 4 0 
48368 253 316 91 1 243 70 1 85 566 1 1 4 0 0 
48372 288 276 78 0 278 80 1 99 517 5 3 1 2 0 
48363 283 286 95 3 277 62 0 92 527 4 2 3 3 0 
48385 265 276 94 1 249 64 1 115 543 1 1 4 1 0 
48335 281 309 98 2 226 65 0 103 569 1 2 3 6 0 
48410 272 299 82 2 236 62 0 92 538 3 1 3 0 0 
48337 272 293 86 1 273 68 2 126 530 4 0 3 5 0 
48392 273 284 97 1 269 66 2 95 511 6 2 1 1 0 
48318 268 311 96 0 285 65 2 108 538 2 1 3 3 0 
48405 279 294 79 3 241 62 1 105 521 5 2 2 1 0 
48377 283 299 87 1 249 65 0 106 517 5 2 3 6 0 
48455 268 305 87 2 241 74 2 84 475 2 1 1 3 0 
48349 244 265 90 1 271 70 1 114 585 1 3 2 4 0 
48415 242 283 93 2 248 67 0 93 541 6 0 5 5 0 
48453 267 276 96 1 275 57 0 77 488 3 2 4 1 0 
48388 279 309 85 1 255 61 1 110 503 1 2 1 4 0 
48412 233 340 75 1 248 61 2 101 518 2 1 4 2 0 
48381 276 284 102 0 247 69 4 107 522 2 3 2 1 0 
48378 278 294 89 0 251 68 0 111 518 4 4 0 5 0 
48435 251 284 78 2 272 50 0 96 520 4 2 2 4 0 
48400 273 306 93 2 236 69 0 109 501 5 2 3 1 0 
48391 255 310 77 4 287 67 0 103 495 3 4 3 1 0 
48350 285 325 81 5 270 62 1 101 514 1 0 2 3 0 
48361 277 281 88 0 262 74 2 111 531 2 1 6 4 0 
48371 271 271 93 2 247 69 2 101 558 4 2 5 3 1 
48371 282 321 89 2 239 66 1 102 515 4 1 5 2 0 
48381 270 331 88 3 228 57 1 124 507 1 2 3 4 0 
48306 305 309 95 1 249 71 3 106 547 4 0 2 2 0 
48372 277 285 94 2 253 66 2 107 536 2 0 3 1 0 
48413 243 306 87 2 252 59 1 91 537 2 1 3 3 0 
48332 289 276 98 2 264 54 2 110 563 6 0 1 3 0 
48334 269 284 94 3 269 61 2 98 579 1 0 2 4 0 
48435 261 307 71 2 242 55 1 96 521 2 1 4 2 0 
48375 275 291 87 1 299 67 0 94 504 2 1 2 2 0 
48334 303 273 103 0 268 65 3 107 536 2 1 1 4 0 
48408 286 287 81 2 239 78 2 100 505 5 4 3 0 0 
48348 274 283 105 5 269 59 2 115 532 1 2 4 1 0 
48380 267 280 85 2 271 53 1 105 550 1 0 3 2 0 
48368 286 283 106 1 238 67 1 84 553 8 2 1 2 0 
48413 288 271 92 3 245 52 1 95 531 4 1 4 0 0 
48430 279 285 94 2 262 66 1 87 484 3 0 5 2 0 
48312 254 332 85 0 256 71 2 99 579 2 1 4 3 0 
48327 268 289 90 2 282 62 0 122 550 1 2 4 1 0 
48408 278 261 113 0 256 47 2 103 522 4 3 0 3 0 
48371 288 287 81 1 258 68 1 93 547 1 1 3 0 0 
48331 272 306 99 0 280 76 0 95 531 4 2 3 1 0 
48402 260 285 95 3 287 69 2 86 503 2 1 2 3 0 
48356 277 311 102 1 247 65 1 110 525 1 0 1 3 0 
48382 275 310 100 0 243 57 1 114 504 2 2 4 6 0 
48375 256 287 95 1 259 76 0 97 539 5 5 3 2 0 
48340 281 284 74 7 268 67 1 103 561 3 0 6 5 0 
48354 262 315 98 2 265 67 2 112 515 2 2 3 1 0 
48379 261 266 84 4 265 62 1 116 544 3 3 8 4 0 
48391 282 281 93 3 248 72 0 96 518 3 4 5 4 0 
48433 282 273 88 2 223 54 1 106 532 2 1 3 0 0 
48381 267 328 88 1 228 64 0 102 533 2 1 4 1 0 
48474 234 269 90 2 244 49 1 104 521 5 3 2 2 0 
48460 270 270 91 1 245 51 0 97 511 1 1 1 1 0 
48412 253 277 101 2 261 64 1 88 528 0 3 4 6 0 
48391 263 282 92 0 261 77 1 94 529 2 2 5 1 0 
48408 273 289 87 2 267 64 2 91 511 1 1 1 3 0 
48451 281 268 69 1 262 60 0 108 488 2 2 7 1 0 
48331 280 314 80 4 258 61 1 103 558 2 3 3 2 0 
48421 263 284 75 5 270 50 1 94 527 4 1 2 3 0 
48345 295 296 93 0 280 60 2 124 494 3 2 1 5 0 
48428 300 277 85 0 264 53 3 101 477 1 1 6 3 1 
48391 255 275 96 2 275 69 3 99 522 3 1 3 6 0 
48343 285 285 87 0 262 59 3 97 570 2 1 3 3 0 
48406 251 281 96 0 241 52 3 129 530 4 1 4 2 0 
48367 303 326 97 2 252 54 2 72 516 3 5 1 0 0 
48369 283 263 83 3 296 51 2 106 532 5 1 2 4 0 
48335 280 305 90 0 250 65 0 110 556 3 1 2 3 0 
48363 281 296 83 1 260 71 1 99 536 2 0 4 3 0 
48346 284 311 87 0 257 72 1 98 537 2 0 4 1 0 
48375 270 294 87 2 257 59 2 105 538 3 2 2 4 0 
48415 272 284 96 0 251 78 1 99 497 0 0 4 3 0 
48437 243 305 84 1 236 68 1 103 510 3 2 0 7 0 
48349 272 307 81 4 262 66 1 115 530 6 3 2 2 0 
48401 258 311 88 4 269 72 0 99 485 7 1 4 1 0 
48365 248 299 96 3 257 58 1 99 568 2 1 3 0 0 
48267 245 328 94 0 291 75 2 104 585 3 1 1 4 0 
48348 270 306 83 2 240 75 1 140 521 1 2 4 7 0 
48339 275 303 78 0 276 66 0 102 547 3 4 2 5 0 
48347 274 294 96 1 295 71 1 104 501 3 4 6 2 1 
48360 270 305 98 3 255 54 0 104 543 1 1 3 3 0 
48392 264 302 99 1 258 66 2 94 511 5 1 3 2 0 
48324 286 282 99 1 271 66 1 118 538 6 1 4 3 0 
48374 284 294 89 1 265 66 0 104 514 4 0 3 2 0 
48364 260 290 98 1 255 65 2 104 548 5 1 4 3 0 
48421 268 300 77 1 257 55 1 98 509 4 1 5 3 0 
48417 265 277 90 0 233 77 0 112 518 4 3 3 1 0 
48378 281 292 81 6 268 56 1 93 535 3 1 4 1 0 
48350 279 300 82 3 242 61 1 107 564 4 2 3 2 0 
48303 277 328 94 4 259 69 0 107 545 7 2 5 0 0 
48384 290 267 81 4 273 80 1 104 504 4 2 3 3 0 
48366 256 303 96 5 253 61 1 92 554 3 1 5 4 0 
48338 273 290 82 4 263 72 1 107 555 5 1 4 5 0 
48323 299 331 83 2 265 81 2 86 524 0 2 1 1 0 
48377 288 299 93 3 266 63 0 102 503 1 1 2 2 0 
48380 258 326 87 3 250 64 4 88 527 3 0 5 5 0 
48382 276 253 96 0 265 57 4 120 535 2 2 4 4 0 
48383 267 286 98 0 271 59 1 97 528 3 2 4 1 0 
48404 275 302 85 3 229 53 0 100 542 2 0 3 2 0 
48438 239 295 82 1 265 57 2 107 504 3 2 3 2 0 
48374 285 282 108 1 233 73 0 95 541 4 2 0 2 0 
48369 286 292 91 0 254 71 1 105 521 5 0 3 2 0 
48382 251 308 92 2 248 63 1 91 553 3 1 2 3 0 
48476 261 292 68 2 248 54 2 96 496 2 0 0 3 0 
48385 269 289 93 2 266 65 1 91 533 1 4 1 0 0 
48348 289 300 96 0 256 57 2 95 546 2 1 3 5 0 
48381 274 289 80 3 250 54 4 92 561 2 3 5 2 0 
48390 295 302 85 0 265 71 3 87 492 2 2 1 5 0 
48381 256 318 90 4 249 83 1 93 518 1 0 5 1 0 
48439 234 290 76 2 255 56 0 113 530 1 2 0 2 0 
48429 267 277 100 3 236 64 1 98 511 5 4 2 3 0 
48356 286 309 81 2 285 61 2 85 519 4 0 6 4 0 
48383 298 268 93 1 263 61 1 92 531 5 1 3 0 0 
48343 277 292 95 1 272 69 2 98 540 2 2 4 3 0 
48352 264 269 90 2 281 78 1 122 535 3 1 0 2 0 
48283 300 325 98 4 260 75 2 114 523 5 1 5 5 0 
48375 271 287 100 3 274 62 1 100 522 4 1 0 0 0 
48446 271 283 82 2 268 56 2 88 496 1 1 1 3 0 
48372 247 305 84 0 253 72 1 94 558 2 2 8 2 0 
48340 280 310 97 2 251 73 2 108 524 6 1 2 4 0 
48490 246 240 93 2 245 73 1 100 501 3 1 3 2 0 
48364 265 302 84 1 269 74 0 113 519 5 0 2 2 0 
48354 261 290 107 2 242 73 0 97 569 3 2 0 0 0 
48349 279 296 102 0 294 68 1 96 509 2 0 2 2 0 
48365 251 293 87 4 264 70 3 106 547 1 0 6 3 0 
48410 256 303 106 3 251 68 1 98 497 3 1 1 2 0 
48395 288 248 90 2 280 56 0 88 544 3 4 0 2 0 
48304 282 298 79 0 259 91 2 90 581 6 2 3 3 0 
48396 296 303 88 2 232 48 4 115 504 1 2 5 4 0 
48353 280 303 86 0 266 71 0 82 546 3 3 3 4 0 
48345 258 290 70 1 293 70 1 96 566 1 6 0 3 0 
48334 288 290 87 3 280 57 0 100 553 2 1 2 3 0 
48379 247 309 100 3 277 44 4 97 533 2 2 2 1 0 
48331 281 289 94 1 296 69 0 75 548 6 3 1 6 0 
48413 243 297 91 0 240 74 0 111 525 1 2 2 1 0 
48387 224 304 105 0 280 71 2 121 495 1 1 2 7 0 
48396 274 260 71 0 290 73 2 103 524 4 1 2 0 0 
48339 300 326 87 1 266 63 0 91 517 4 1 5 0 0 
48413 247 276 89 2 270 59 2 121 507 3 7 3 1 0 
48348 262 320 91 0 268 62 2 95 539 4 0 4 5 0 
48403 266 296 97 2 248 42 2 113 522 1 1 3 4 0 
48386 262 273 102 1 281 62 1 103 519 3 1 4 2 0 
48396 298 282 86 0 244 65 1 92 522 5 2 2 5 0 
48363 269 308 77 1 271 58 0 95 548 4 1 1 4 0 
48386 271 285 83 3 266 60 1 98 534 3 3 2 5 0 
48384 272 305 88 4 256 65 5 105 506 1 1 3 5 0 
48411 219 311 71 2 286 64 4 99 521 2 2 6 2 0 
48420 251 308 83 3 237 59 1 96 533 1 2 2 4 0 
48339 254 308 90 4 259 62 2 91 573 9 2 7 0 0 
48411 271 297 85 1 236 64 0 108 516 5 1 2 3 0 
48451 260 271 87 1 258 65 1 89 510 1 1 1 4 0 
48398 259 307 90 0 252 61 0 83 541 3 2 1 3 0 
48390 276 299 84 2 245 60 2 111 521 2 4 1 3 0 
48358 277 298 86 1 276 62 1 93 537 2 1 4 4 0 
48374 282 300 79 2 266 62 1 95 533 0 4 1 1 0 
48401 272 298 92 2 247 68 0 110 504 0 1 4 1 0 
48355 272 292 90 1 267 67 1 96 543 4 3 2 7 0 
48382 262 316 72 4 257 64 6 112 515 2 2 3 3 0 
48417 241 309 96 1 266 77 0 98 487 2 4 2 0 0 
48360 277 292 66 2 301 75 2 89 524 3 2 3 4 0 
48388 272 305 86 0 240 74 0 112 509 5 0 4 5 0 
48383 278 319 102 1 255 51 3 104 498 1 0 2 3 0 
48408 264 318 79 2 258 44 2 92 523 2 0 6 2 0 
48325 275 331 85 2 249 72 1 95 555 3 3 3 1 0 
48401 262 272 82 3 279 62 1 93 537 1 2 3 2 0 
48376 293 311 88 2 243 71 0 90 516 2 3 2 3 0 
48431 260 312 91 2 231 48 0 97 512 4 4 2 6 0 
48393 254 270 74 2 254 63 2 101 572 3 3 6 3 0 
48390 268 296 93 1 275 67 1 95 509 1 1 2 1 0 
48385 273 271 85 1 284 56 3 96 534 3 2 4 3 0 
48363 275 298 80 2 276 61 1 100 532 0 4 4 3 1 
48329 286 294 93 0 300 59 1 97 527 3 4 3 4 0 
48306 289 297 92 2 274 72 0 120 537 4 1 5 1 0 
48351 276 318 101 0 247 68 2 99 525 2 2 7 2 0 
48381 262 309 94 6 225 57 4 108 547 2 0 3 2 0 
48389 254 291 83 5 271 52 1 104 541 2 0 3 4 0 
48347 279 306 88 0 270 73 1 113 513 4 2 1 3 0 
48379 278 270 86 1 249 81 2 92 546 2 0 7 7 0 
48384 262 301 94 1 239 74 2 108 521 7 3 2 2 0 
48349 266 273 89 0 248 67 1 121 576 2 2 1 5 0 
48330 285 300 101 3 251 60 0 98 565 0 1 4 2 0 
48363 260 317 65 3 266 62 4 97 551 4 3 2 3 0 
48372 255 318 107 3 242 51 0 103 539 2 0 6 2 0 
48411 255 303 79 2 248 64 2 112 506 6 3 5 4 0 
48377 271 295 75 1 244 76 1 90 559 3 3 2 3 0 
48406 271 276 91 1 266 68 3 83 524 4 3 3 1 0 
48358 301 295 96 1 269 63 0 100 504 2 3 5 3 0 
48393 259 285 93 1 269 49 2 86 549 1 5 4 4 0 
48404 235 293 87 3 264 64 2 115 525 0 1 2 5 0 
48400 266 267 86 2 247 67 1 118 530 4 2 7 3 0 
48406 252 297 78 2 247 65 2 107 535 2 3 0 4 0 
