48352 308 295 66 0 245 75 1 118 528 7 1 3 1 0 
48359 310 299 61 3 224 77 1 147 511 3 2 2 1 0 
48420 273 280 54 1 269 58 1 125 504 7 1 6 1 0 
48351 294 316 46 2 230 65 0 129 557 1 2 5 2 0 
48302 304 313 90 1 238 55 1 125 561 4 0 3 3 0 
48386 316 271 53 1 224 56 0 124 563 0 2 3 1 0 
48333 318 317 64 3 234 66 2 124 531 1 0 5 2 0 
48414 288 289 57 1 234 64 1 146 492 3 5 2 4 0 
48340 297 282 65 1 254 69 2 137 544 2 2 4 1 0 
48405 275 313 59 2 226 65 1 113 533 4 1 2 1 0 
48378 300 298 71 2 242 67 0 126 504 2 2 4 4 0 
48349 312 298 49 0 244 84 0 115 543 2 1 3 0 0 
48455 265 271 70 1 204 53 0 138 530 5 4 0 4 0 
48343 293 313 96 1 233 64 0 119 529 1 2 4 2 0 
48398 271 283 59 3 248 55 0 122 552 5 2 1 1 0 
48374 286 322 76 3 228 58 4 118 517 5 1 2 6 0 
48461 274 283 67 1 247 54 3 97 506 0 2 3 2 0 
48395 284 300 59 4 250 71 0 125 502 2 2 2 4 0 
48401 271 300 62 1 242 63 2 98 553 2 0 1 4 0 
48363 326 286 72 2 220 61 0 118 545 2 1 2 2 0 
48337 287 312 70 1 238 60 0 123 559 3 3 4 3 0 
48368 284 287 71 2 242 59 2 127 548 5 0 3 2 0 
48403 291 310 59 3 237 56 0 127 509 1 1 3 0 0 
48352 318 300 55 1 214 83 1 112 557 2 1 4 0 0 
48438 286 260 78 0 227 82 1 116 505 0 1 4 2 0 
48349 275 312 65 1 260 72 2 137 518 3 3 0 3 0 
48327 312 288 78 0 251 68 0 118 551 3 1 2 1 0 
48379 283 298 53 1 247 63 1 104 559 5 2 2 3 0 
48391 314 298 59 4 229 59 2 119 516 2 1 3 3 0 
48377 294 283 75 1 215 80 1 126 535 8 0 2 3 0 
48466 265 265 64 1 228 63 1 118 512 4 2 6 5 0 
48379 280 282 59 3 236 66 3 154 529 7 1 0 1 0 
48379 281 292 70 2 246 63 0 119 536 5 4 1 2 0 
48392 295 309 64 1 272 67 0 82 510 3 0 4 1 0 
48424 292 268 65 3 220 65 3 136 515 4 1 3 1 0 
48429 281 298 68 0 211 63 1 125 515 5 0 4 0 0 
48327 317 267 68 3 271 69 6 129 533 3 2 3 2 0 
48393 292 285 73 4 212 65 0 128 540 1 2 4 1 0 
48393 297 278 70 0 270 57 3 110 512 1 3 2 4 0 
48359 315 311 66 0 220 70 1 121 527 3 4 3 0 0 
48408 279 305 65 2 209 58 5 138 525 2 2 0 2 0 
48407 288 309 69 2 224 69 1 123 492 4 2 3 7 0 
48368 291 325 67 3 241 61 4 124 506 2 3 2 3 0 
48326 317 328 58 2 257 59 2 128 517 0 3 2 1 0 
48361 297 300 72 2 240 65 0 98 552 4 1 6 2 0 
48400 291 283 63 0 215 87 0 104 546 4 2 2 2 1 
48422 293 296 66 0 224 63 1 126 500 5 3 0 1 0 
48383 278 282 64 2 232 80 1 117 543 5 3 8 2 0 
48328 331 308 70 3 216 49 5 128 552 3 1 4 2 0 
48387 277 304 75 2 220 66 2 126 533 3 5 0 0 0 
48414 293 279 70 1 227 53 1 127 525 4 3 2 1 0 
48348 305 294 67 0 222 71 1 127 555 5 2 1 2 0 
48411 302 292 56 3 242 61 4 114 505 6 1 2 0 1 
48339 321 271 66 0 237 63 4 134 552 6 2 2 3 0 
48395 274 288 65 0 235 57 0 136 540 1 1 4 4 0 
48413 284 312 74 3 219 62 0 118 507 3 0 4 1 0 
48406 287 299 71 1 231 80 0 120 494 7 1 1 2 0 
48464 284 274 67 2 238 67 1 117 479 3 1 1 2 0 
48302 350 301 63 0 231 44 1 122 570 5 5 2 4 0 
48394 296 314 74 2 220 66 0 127 499 4 3 1 0 0 
48238 334 280 67 1 253 69 2 150 593 3 2 6 2 0 
48396 294 310 71 2 225 73 1 99 517 5 1 4 2 0 
48377 257 294 63 2 233 56 0 130 579 5 1 2 1 0 
48295 295 324 76 2 237 73 2 123 563 4 1 4 1 0 
48394 287 314 53 1 242 63 1 118 518 5 1 1 2 0 
48384 283 315 72 2 215 61 2 118 535 4 4 3 2 0 
48398 304 277 70 3 228 69 2 132 510 3 0 2 2 0 
48442 280 289 64 2 207 61 2 108 535 5 1 4 0 0 
48342 323 286 71 2 229 74 3 130 528 8 2 2 0 0 
48365 310 278 65 0 254 58 2 140 514 5 0 4 5 0 
48359 302 285 60 1 246 57 3 117 561 2 4 3 0 0 
48404 287 295 55 2 246 61 2 113 528 2 1 3 1 0 
48322 314 303 66 0 244 79 1 103 559 2 2 4 1 0 
48295 303 316 69 2 252 68 0 135 549 3 2 1 5 0 
48372 266 322 62 1 235 66 1 129 540 2 0 0 4 0 
48359 302 287 60 1 232 70 1 141 540 1 4 2 0 0 
48323 312 300 63 2 229 81 2 137 536 7 3 3 2 0 
48392 292 302 50 1 218 66 1 123 543 4 2 4 2 0 
48386 303 329 60 1 236 62 1 117 501 3 1 0 0 0 
48385 296 285 68 2 234 70 2 116 532 0 0 7 3 0 
48303 305 329 60 2 243 55 1 151 536 5 0 6 4 0 
48397 301 272 58 2 233 81 0 113 532 1 4 4 2 0 
48427 273 300 69 1 221 61 1 120 518 3 2 2 2 0 
48382 287 310 54 1 240 69 0 126 525 2 1 1 1 1 
48322 285 331 70 1 234 76 1 119 551 2 1 4 3 0 
48360 293 309 71 0 232 52 1 120 554 0 2 4 2 0 
48408 290 313 54 3 222 59 0 132 512 3 0 3 1 0 
48394 284 316 67 1 236 72 1 109 511 2 1 5 1 0 
48375 293 303 64 1 241 62 3 118 529 3 2 3 3 0 
48281 315 326 71 2 260 62 2 118 546 7 2 3 5 0 
48375 304 292 76 2 212 71 0 115 542 1 3 6 1 0 
48352 315 294 79 3 243 59 1 111 533 3 2 2 3 0 
48418 271 278 73 2 245 52 2 129 519 3 1 7 0 0 
48339 280 322 67 0 227 69 0 133 555 2 1 0 5 0 
48385 267 304 56 2 255 55 2 123 541 4 0 4 2 0 
48347 332 287 67 4 230 54 1 129 540 5 2 0 2 0 
48346 296 345 56 2 228 77 0 120 523 1 0 3 3 0 
48372 309 297 78 2 248 55 1 114 514 3 1 1 5 0 
48357 303 321 62 1 255 64 2 128 497 4 0 4 2 0 
48326 287 321 71 5 218 57 1 134 563 2 4 6 5 0 
48347 309 287 59 0 192 65 1 137 595 2 5 0 1 0 
48342 273 295 68 0 241 73 1 127 569 4 3 4 0 0 
48445 264 290 65 3 231 49 0 123 519 2 1 5 3 0 
48441 268 302 71 1 213 75 1 101 511 7 5 2 2 0 
48306 277 326 65 1 257 64 2 122 568 2 5 4 1 0 
48305 290 328 74 5 256 65 1 130 532 6 3 1 4 0 
48425 294 306 66 2 218 59 0 109 512 2 1 4 2 0 
48389 273 291 58 2 222 66 2 144 548 1 0 1 3 0 
48375 303 293 68 1 236 72 0 124 514 4 5 5 0 0 
48404 287 290 65 2 207 71 2 120 539 7 2 3 1 0 
48352 300 276 70 2 243 52 3 119 568 6 1 6 2 0 
48415 293 277 68 1 245 49 2 108 532 1 1 3 5 0 
48385 274 323 74 2 243 64 1 105 520 2 1 5 1 0 
48455 254 280 55 0 250 64 1 120 508 5 2 3 3 0 
48388 278 323 63 4 220 59 4 131 524 1 2 1 2 0 
48382 265 297 63 2 218 77 1 118 567 4 1 3 2 0 
48385 308 308 64 3 209 51 1 102 555 4 3 2 5 0 
48447 297 271 79 2 212 69 2 93 517 2 3 5 1 0 
48388 287 294 57 4 237 54 0 106 561 3 2 5 2 0 
48359 281 308 68 4 262 71 0 120 515 4 2 3 3 0 
48379 280 310 72 3 249 67 0 120 511 6 0 2 1 0 
48366 284 314 66 2 207 69 1 128 553 3 1 2 4 0 
48349 311 306 75 0 242 59 1 132 515 4 1 1 4 0 
48383 302 284 71 3 221 53 1 109 569 1 0 1 2 0 
48407 271 287 63 1 239 62 0 135 521 8 1 1 4 0 
48372 273 306 62 2 241 58 1 128 540 4 1 9 3 0 
48383 275 289 66 1 254 64 2 130 532 3 0 0 1 0 
48332 314 289 63 1 235 52 4 141 558 2 5 4 0 0 
48410 297 261 59 2 238 66 1 130 526 4 1 4 1 0 
48360 312 300 85 4 225 58 2 119 526 1 1 4 3 0 
48368 280 306 76 4 238 59 1 136 521 5 1 3 2 0 
48342 288 328 62 3 243 64 2 123 537 0 3 3 2 0 
48282 320 307 66 1 239 69 4 132 568 5 3 3 1 0 
48365 295 281 61 1 241 57 0 124 566 1 2 3 3 0 
48343 297 332 73 1 237 52 1 118 538 3 3 2 0 0 
48414 286 299 71 1 237 62 1 111 506 5 1 2 4 0 
48310 322 297 59 2 259 57 2 115 565 5 3 1 3 0 
48425 278 301 61 3 212 64 0 129 518 5 1 0 3 0 
48385 308 333 44 1 210 67 1 115 526 6 2 1 1 0 
48268 306 301 83 3 235 54 1 132 597 7 3 9 1 0 
48289 322 292 68 2 249 71 2 118 579 1 1 3 3 0 
48331 293 335 52 1 245 65 0 125 543 5 1 3 1 0 
48378 316 297 59 3 246 53 1 119 521 4 0 2 1 0 
48318 310 320 70 2 248 62 3 145 511 2 3 4 2 0 
48430 285 296 67 2 217 54 0 117 524 3 0 4 1 0 
48396 301 280 58 3 248 62 2 111 529 1 1 5 3 0 
48373 296 295 74 3 223 73 0 127 527 3 3 1 2 0 
48394 302 287 60 1 235 57 3 136 516 4 2 2 1 0 
48363 290 274 63 0 243 61 3 130 561 3 0 4 5 0 
48381 291 315 64 1 230 57 0 121 533 3 1 3 0 0 
48296 294 315 67 1 244 87 2 130 553 5 2 2 2 0 
48441 279 281 55 1 233 73 1 121 494 6 5 8 2 0 
48359 285 307 79 2 233 63 2 107 544 7 3 7 2 0 
48391 278 297 59 2 232 55 3 104 563 5 3 3 5 0 
48470 254 256 63 0 257 56 2 128 511 2 1 0 0 0 
48408 260 301 59 0 204 66 3 123 562 4 5 4 1 0 
48421 247 291 61 4 252 61 3 127 526 0 3 3 1 0 
48372 297 261 67 3 233 77 2 149 526 5 2 2 4 0 
48361 287 307 55 1 237 81 1 121 533 7 3 2 4 0 
48380 295 276 73 2 239 66 1 104 553 5 0 4 2 0 
48277 302 317 68 2 252 64 2 125 582 1 2 2 4 0 
48414 306 293 65 1 213 72 2 114 506 5 0 7 2 0 
48346 296 303 65 1 252 72 3 140 510 5 1 5 1 0 
48309 282 296 69 2 229 80 1 137 587 2 1 4 1 0 
48405 289 265 59 3 230 64 1 146 531 1 2 2 2 0 
48433 290 290 76 2 235 51 1 104 509 3 2 4 0 0 
48384 306 302 64 1 241 63 2 126 504 2 2 3 0 0 
48394 282 310 56 0 242 52 1 114 537 5 4 2 1 0 
48370 298 279 68 2 242 74 1 131 522 4 3 4 2 0 
48342 307 314 56 1 232 54 1 117 562 3 1 5 5 0 
48418 283 299 58 2 221 70 1 122 523 0 1 1 1 0 
48361 284 302 75 3 257 69 1 123 509 7 1 5 3 0 
48326 291 302 72 1 256 67 2 135 542 2 2 0 2 0 
48418 262 282 65 1 232 57 1 128 543 5 0 4 2 0 
48396 274 254 61 2 237 69 1 148 551 4 1 1 1 0 
48334 313 276 73 2 250 66 0 119 559 4 0 3 1 0 
48425 280 308 67 2 235 61 0 117 495 2 3 3 2 0 
48400 300 308 55 0 232 60 4 127 506 3 2 2 1 0 
48395 296 273 71 1 233 69 3 134 515 7 1 1 1 0 
48318 269 311 68 2 258 62 0 141 558 7 1 2 3 0 
48388 288 293 53 4 227 68 1 118 550 3 1 4 2 0 
48373 297 297 66 2 240 76 2 98 538 4 5 1 1 0 
48389 291 281 62 0 239 66 3 123 537 3 0 3 3 0 
48358 317 310 57 2 258 70 1 115 505 1 2 2 2 0 
48357 268 305 67 0 247 64 1 121 561 3 1 3 2 0 
48349 275 316 66 1 212 58 2 152 559 3 1 2 4 0 
48445 278 283 53 2 230 65 1 121 512 4 2 2 2 0 
48435 280 279 67 1 236 65 1 113 517 1 2 2 1 0 
48385 306 282 66 2 213 65 0 136 538 3 2 0 2 0 
48376 288 277 84 1 252 62 0 115 533 3 3 3 3 0 
48339 315 311 50 3 268 70 2 114 512 5 4 3 4 0 
48414 282 270 62 1 235 77 2 116 529 3 2 3 4 0 
48391 269 294 75 1 254 49 0 141 513 4 3 5 1 0 
48328 314 310 82 0 254 55 2 125 521 1 1 5 2 0 
48358 306 296 60 2 225 61 0 137 538 4 2 4 7 0 
48272 303 305 52 2 265 82 1 153 554 5 2 1 3 0 
48338 305 322 56 2 228 62 4 116 554 8 1 3 1 0 
48409 300 271 68 1 228 47 5 135 527 3 0 1 5 0 
48312 320 314 74 2 256 69 2 120 523 0 3 3 2 0 
48358 280 307 83 3 249 78 2 104 530 1 3 0 2 0 
48393 278 287 71 2 241 57 1 139 517 3 3 4 4 0 
48309 294 309 70 2 261 56 1 124 567 2 0 4 1 0 
48386 289 286 62 1 231 60 6 118 547 5 3 4 2 0 
48344 336 290 63 1 238 72 2 123 520 2 3 5 1 0 
48427 320 277 51 3 218 64 2 105 521 4 2 4 2 0 
48400 303 300 69 1 237 65 1 112 506 3 0 2 1 0 
48412 287 263 74 3 218 60 1 134 535 7 2 2 2 0 
48392 285 276 55 4 226 53 1 134 564 4 1 2 3 0 
48398 261 311 68 1 203 66 3 127 551 4 2 1 4 0 
48482 260 290 58 2 199 66 1 106 520 4 2 5 5 0 
48386 274 292 59 1 243 70 2 125 538 5 2 1 2 0 
48330 323 290 76 3 240 60 2 112 555 3 1 5 0 0 
48418 312 284 59 1 237 64 3 110 507 3 1 0 1 0 
48437 269 295 53 1 199 62 3 128 547 2 2 1 1 0 
48299 312 311 78 2 239 74 2 133 543 3 0 2 2 0 
48372 311 288 53 3 243 61 0 111 549 5 2 1 1 0 
48380 328 274 71 2 239 63 1 103 526 3 1 6 3 0 
48349 298 282 78 0 231 53 3 122 578 1 1 2 2 0 
48425 280 283 65 1 259 56 2 109 513 2 3 2 0 0 
48408 283 281 64 2 220 65 1 129 538 2 2 2 3 0 
48392 282 312 67 3 234 54 0 124 529 0 0 2 1 0 
48375 275 283 74 1 243 71 1 117 549 3 3 4 1 0 
48436 258 309 71 3 235 65 2 124 487 5 0 3 2 0 
48321 300 308 69 1 238 52 1 141 561 2 2 1 3 0 
48423 265 282 74 0 242 70 1 119 518 2 1 2 1 0 
48348 318 296 71 1 218 58 1 133 541 6 1 4 4 0 
48335 303 296 79 1 252 73 2 128 523 2 1 3 2 0 
48412 294 282 60 4 220 70 3 113 528 4 1 6 3 0 
48419 268 300 56 1 221 69 1 113 537 6 3 3 3 0 
48376 296 312 65 1 191 71 3 142 534 5 2 1 1 0 
48361 302 278 62 0 259 74 0 133 521 1 4 2 3 0 
48458 286 278 65 1 199 64 0 114 527 3 0 2 3 0 
48402 310 308 67 0 219 71 2 106 502 2 4 2 5 0 
48337 326 281 65 2 226 55 6 124 566 5 3 4 0 0 
48347 316 293 74 4 240 68 0 134 515 2 2 3 2 0 
48368 282 297 65 2 241 67 1 123 545 3 0 5 1 0 
48444 287 284 65 1 200 67 0 112 535 0 0 3 2 0 
48393 311 296 58 0 215 70 1 124 525 4 1 1 1 0 
48397 306 289 53 0 219 72 0 131 523 2 2 1 4 1 
48325 281 293 68 2 251 61 1 116 589 5 3 2 3 0 
48350 315 316 52 0 243 67 1 119 525 6 1 4 1 0 
48356 315 283 70 3 235 58 3 111 559 4 3 0 0 0 
48357 277 320 62 0 233 63 1 135 545 1 2 3 1 0 
48282 299 319 72 2 241 74 0 119 583 5 1 3 0 0 
48447 281 273 62 1 236 55 0 109 531 3 0 0 2 0 
48292 337 317 75 1 224 68 4 126 538 6 4 4 4 0 
48355 290 288 65 2 263 60 1 118 547 0 2 5 4 0 
48367 299 298 77 1 256 54 2 124 510 1 1 7 3 0 
48452 273 292 62 0 225 64 1 119 499 5 1 4 3 0 
48399 270 308 78 0 237 64 2 98 531 5 4 3 1 0 
48297 328 283 74 1 248 58 1 116 581 6 3 1 2 1 
48339 330 316 56 2 228 67 2 133 522 2 0 2 1 0 
48396 319 263 79 1 228 66 0 125 514 3 1 4 1 0 
48393 262 307 78 2 194 54 1 128 570 2 2 3 4 0 
48413 304 297 60 3 215 60 1 105 536 1 1 1 3 0 
48313 303 297 77 5 238 68 0 134 550 5 5 3 2 0 
48407 293 278 69 3 212 54 1 131 542 3 1 5 1 0 
48345 336 282 65 0 252 63 3 117 527 2 3 4 1 0 
48390 289 309 76 1 215 58 2 123 524 7 3 2 1 0 
48370 267 308 60 1 250 70 1 154 514 1 2 0 2 0 
48371 285 279 68 1 255 65 2 146 519 5 0 2 2 0 
48324 321 304 67 3 233 62 1 136 535 6 0 6 2 0 
48383 277 264 62 2 261 70 1 127 536 9 2 4 2 0 
48384 275 307 67 0 258 58 2 118 523 3 0 4 1 0 
48396 304 288 70 4 237 68 0 122 503 3 1 2 2 0 
48360 282 299 53 0 230 64 2 134 566 4 2 2 2 0 
48354 300 284 51 1 245 70 1 120 561 6 3 1 3 0 
48324 299 304 73 2 234 72 0 138 545 2 3 2 2 0 
48342 310 298 73 2 239 66 0 120 541 4 0 3 2 0 
48409 300 284 64 2 228 64 0 115 520 3 3 5 3 0 
48440 307 273 69 0 234 62 2 106 496 3 1 2 5 0 
48398 295 286 69 2 212 70 3 129 524 4 1 5 2 0 
48430 280 246 77 0 207 72 2 112 570 0 0 3 1 0 
48444 280 278 55 0 225 69 1 113 523 5 5 1 1 0 
48431 286 299 65 3 208 65 0 135 495 5 0 3 5 0 
48331 311 305 75 2 217 68 1 136 546 1 1 5 1 0 
48378 288 319 65 3 236 68 0 128 505 1 4 2 3 0 
48391 243 304 60 2 254 73 0 114 549 2 2 3 3 0 
48451 288 315 69 2 214 67 3 124 456 2 2 4 3 0 
48397 274 286 54 2 261 57 2 130 529 1 1 3 3 0 
48322 306 300 63 0 244 74 2 141 538 4 0 4 2 0 
48421 254 289 65 0 217 78 3 110 552 3 5 3 0 0 
48404 276 306 58 6 224 60 0 136 520 6 1 1 2 0 
48431 288 275 63 3 261 74 0 105 492 4 0 1 3 0 
48426 289 272 67 0 215 68 2 122 522 5 3 7 2 0 
48367 303 273 71 3 256 64 5 117 528 6 1 3 3 0 
48332 329 284 64 2 279 70 0 110 517 5 2 4 2 0 
48406 287 283 71 0 211 70 0 113 553 2 0 3 1 0 
48393 304 313 59 1 235 51 1 115 517 2 3 4 2 0 
48358 285 294 80 1 260 71 0 109 537 0 1 2 2 0 
48388 267 284 60 1 238 67 0 122 562 4 4 1 2 0 
48375 276 281 69 3 242 63 1 124 553 6 3 3 1 0 
48387 280 296 57 1 236 66 3 109 546 5 4 4 5 1 
48287 304 307 65 1 260 56 1 132 575 2 1 4 5 0 
48381 314 256 58 4 255 71 2 117 535 3 2 2 0 0 
48357 304 312 56 1 247 58 0 124 529 4 1 5 2 0 
48443 264 274 80 2 246 51 2 126 502 2 1 3 4 0 
48352 298 285 64 0 264 63 0 125 536 2 4 5 2 0 
48465 284 274 55 2 193 66 1 139 510 1 3 4 3 0 
48397 296 282 73 2 234 59 1 116 533 3 1 2 1 0 
48395 281 288 65 2 231 71 3 129 527 4 1 2 1 0 
48391 294 299 63 3 235 68 0 121 521 3 0 1 1 0 
48382 304 286 57 1 247 65 3 120 532 1 1 1 0 0 
48389 288 299 60 3 238 65 2 113 536 4 0 3 0 0 
48332 299 297 60 4 224 70 4 137 560 5 2 3 3 0 
48383 287 284 63 1 239 64 1 129 540 5 0 3 1 0 
48386 301 298 71 1 250 66 2 130 485 5 2 3 0 0 
48356 271 291 82 0 208 73 2 140 570 5 1 0 1 0 
48381 305 308 72 1 213 67 0 128 519 3 1 1 1 0 
48390 288 272 58 3 248 63 2 117 548 2 5 3 1 0 
48400 281 294 55 0 235 84 3 128 509 3 0 3 4 1 
48437 288 258 60 1 240 61 1 122 523 3 2 1 3 0 
48319 299 302 83 0 239 71 0 141 536 3 2 3 2 0 
48391 302 295 75 1 237 60 2 127 492 6 3 4 5 0 
48360 301 291 72 1 235 54 3 132 533 10 4 2 2 0 
48365 286 303 65 1 237 68 1 128 534 4 3 2 3 0 
48410 299 284 64 2 256 64 1 116 484 10 2 3 5 0 
48412 276 278 77 1 212 64 1 121 546 3 2 5 2 0 
48419 283 280 53 3 243 68 2 126 512 3 1 4 3 0 
48400 285 277 72 4 250 59 2 122 520 2 0 3 4 0 
48440 265 264 63 2 229 71 1 115 540 5 2 1 2 0 
48420 301 273 60 1 217 55 3 128 534 0 2 2 4 0 
48401 288 275 73 0 244 64 1 113 533 4 0 1 3 0 
48382 310 295 63 1 213 76 2 130 516 3 2 4 3 0 
48363 282 295 62 1 239 73 0 113 557 6 2 6 1 0 
48475 285 258 64 0 232 53 1 122 495 7 1 3 4 0 
48359 303 305 65 4 242 64 1 145 504 2 3 3 0 0 
48393 287 289 57 1 246 52 2 130 534 2 1 2 4 0 
48353 296 306 76 1 243 57 1 119 542 3 1 0 2 0 
48394 276 325 62 1 221 61 3 127 520 5 0 4 1 0 
48433 275 279 66 2 234 70 1 116 511 6 1 3 3 0 
48427 287 320 64 3 219 70 1 134 471 4 0 0 0 0 
48421 276 287 63 1 247 60 0 114 518 5 1 4 3 0 
48422 285 294 61 3 215 75 1 122 513 1 1 5 2 0 
48384 304 316 58 4 232 54 3 128 505 2 2 7 1 0 
48358 312 289 82 2 236 63 0 116 533 0 3 5 1 0 
48378 306 302 64 3 229 49 0 120 537 6 2 3 1 0 
48384 276 293 61 1 223 74 0 133 544 1 2 6 2 0 
48356 269 320 71 2 246 63 2 133 525 3 5 1 4 0 
48377 283 297 69 1 252 66 0 112 531 2 2 3 5 0 
48415 277 328 67 0 216 50 1 138 495 3 2 3 5 0 
48325 297 327 69 1 226 72 0 118 556 1 4 2 2 0 
48417 270 290 73 0 214 63 3 117 543 5 2 2 1 0 
48415 263 289 60 3 228 73 3 127 528 5 0 2 4 0 
48413 320 286 58 3 205 64 2 119 522 1 2 3 2 0 
48366 304 309 90 2 236 60 1 118 504 2 1 2 5 0 
48290 345 256 76 3 251 76 0 123 570 5 0 3 2 0 
48367 275 308 64 0 241 67 0 127 538 6 2 4 1 0 
48371 280 323 67 0 209 80 1 123 534 6 2 2 2 0 
48410 295 290 57 1 225 66 0 128 517 2 1 4 4 0 
48412 259 290 70 0 242 55 1 132 531 6 1 1 0 0 
48390 278 286 75 1 245 64 0 132 524 1 1 0 3 0 
48356 316 299 60 1 251 62 3 116 529 4 1 2 0 0 
48347 313 291 62 1 251 68 2 126 529 5 0 3 2 0 
48367 292 289 61 1 229 63 2 119 569 2 3 2 1 0 
48267 298 312 76 0 267 57 0 152 561 3 3 1 3 0 
48381 283 290 75 1 221 49 0 154 537 4 2 2 1 0 
48368 295 298 61 2 247 57 1 114 549 2 2 2 2 0 
48315 301 303 67 2 262 65 0 114 562 4 1 2 2 0 
48320 323 290 56 3 255 73 2 119 547 5 3 1 3 0 
48332 301 307 68 0 252 64 1 130 537 2 3 3 0 0 
48419 297 304 50 2 234 54 0 119 514 0 0 4 3 0 
48331 287 266 71 0 265 88 0 125 554 1 4 5 3 0 
48453 258 305 56 3 236 76 2 101 497 6 2 2 3 0 
48391 316 308 60 1 230 62 0 120 505 3 0 2 2 0 
48356 286 289 64 0 258 62 2 137 531 2 3 8 2 0 
48461 266 296 69 3 232 62 0 109 495 0 3 2 2 0 
48416 278 281 59 8 229 58 1 127 534 3 0 4 2 0 
48442 262 292 64 0 233 73 1 124 499 5 1 1 3 0 
48424 299 289 63 2 225 58 2 112 514 2 0 4 6 0 
48407 291 273 73 1 232 59 0 121 533 0 2 5 3 0 
48378 302 278 65 1 249 54 2 124 539 4 1 2 1 0 
48357 301 303 64 1 266 45 0 125 526 3 1 4 4 0 
48412 253 285 72 4 234 67 3 127 531 1 3 4 4 0 
48347 309 275 61 3 231 65 0 135 563 3 2 2 4 0 
48415 278 306 67 4 221 64 1 114 522 4 1 3 0 0 
48427 283 278 62 2 242 71 2 123 501 3 2 3 1 0 
48357 294 290 81 2 223 59 1 141 543 1 3 3 2 0 
48434 272 279 64 0 238 68 1 117 513 4 0 5 5 0 
48377 296 309 64 2 216 56 3 106 559 6 2 2 2 0 
48340 284 298 64 5 275 71 1 115 537 2 4 3 1 0 
48380 307 276 78 2 248 73 0 131 496 3 2 2 2 0 
48364 310 277 59 2 241 64 3 126 544 3 1 4 2 0 
48392 278 293 52 1 229 81 0 121 541 7 0 2 3 0 
48352 305 306 60 1 242 79 1 109 532 7 2 2 2 0 
48359 295 294 80 2 235 59 2 127 533 5 2 3 4 0 
48498 260 257 57 0 206 60 2 114 530 7 1 5 3 0 
48377 315 285 56 2 233 64 3 126 524 6 3 1 5 0 
48427 283 280 61 2 245 56 1 111 526 4 0 2 2 0 
48320 295 311 58 3 260 68 2 132 547 1 1 1 1 0 
48282 312 318 56 4 223 72 1 124 600 4 0 4 0 0 
48388 298 318 59 1 248 61 0 109 510 2 1 4 1 0 
48325 334 291 67 2 253 67 0 124 523 1 3 5 5 0 
48360 295 295 68 2 256 68 4 120 520 3 1 2 6 0 
48398 281 301 62 0 238 68 0 103 537 2 5 3 2 0 
48425 277 292 65 2 217 72 3 115 514 8 5 3 2 0 
48390 299 305 71 2 225 67 0 103 524 5 1 2 6 0 
48400 287 297 71 4 218 62 2 109 539 2 0 5 3 1 
48344 301 308 55 3 231 65 2 120 565 1 1 1 3 0 
48481 301 274 66 0 204 59 1 97 510 3 3 1 0 0 
48382 317 275 57 2 219 62 0 111 564 4 1 3 3 0 
48355 322 288 61 0 240 55 3 110 561 3 0 1 1 0 
48358 312 284 60 4 232 69 1 139 533 2 2 3 1 0 
48368 289 321 46 1 235 69 1 115 549 1 1 3 1 0 
48331 321 281 70 2 247 67 0 130 540 3 1 3 4 0 
48386 317 259 85 3 233 58 0 122 526 5 1 5 0 0 
48333 312 332 68 3 229 60 0 119 534 2 3 2 3 0 
48392 303 258 79 3 242 65 2 139 512 2 1 1 1 0 
48344 312 271 72 0 255 78 1 118 541 5 0 0 3 0 
48359 308 287 55 1 245 60 0 125 553 3 1 1 2 0 
48347 310 285 62 1 245 64 3 127 545 2 1 3 5 0 
48357 306 328 56 1 236 72 1 126 510 3 1 0 3 0 
48350 322 262 75 4 248 68 1 127 529 5 3 3 3 0 
48349 290 300 67 3 261 66 0 132 521 4 1 2 4 0 
48386 285 300 79 3 252 57 1 104 522 2 1 6 2 0 
48389 302 276 69 0 224 56 2 119 554 3 1 2 3 0 
48485 262 296 58 1 226 65 0 118 483 2 1 1 2 0 
48382 278 320 57 2 221 69 1 116 542 3 2 4 3 0 
48459 283 310 65 2 197 68 1 110 493 2 2 4 4 0 
48420 288 293 57 1 224 60 2 112 534 4 1 2 2 0 
48352 281 291 73 3 257 58 0 121 554 4 1 2 3 0 
48344 309 307 57 0 223 81 1 114 554 3 1 3 3 0 
48407 288 315 78 3 221 72 1 117 490 3 1 2 2 0 
48379 305 298 68 4 220 69 2 127 520 2 0 2 4 0 
48427 244 297 65 1 227 69 1 138 523 3 1 1 3 0 
48410 299 280 64 4 220 82 1 125 503 2 2 6 2 0 
48395 274 280 91 3 211 64 0 112 561 2 2 4 1 0 
48326 311 308 60 1 241 67 1 125 548 2 2 4 4 0 
48367 303 273 49 0 230 70 1 149 545 4 6 1 2 0 
48386 293 319 71 1 222 70 2 112 515 4 2 2 1 0 
48382 296 302 64 1 255 76 0 115 496 5 2 5 1 0 
48364 284 301 74 3 246 72 4 135 507 3 1 3 3 0 
48406 270 297 76 0 231 61 0 125 521 5 1 3 4 0 
48328 286 290 73 2 228 67 2 108 598 9 1 5 3 0 
48369 299 281 82 1 256 56 1 142 507 3 1 1 1 0 
48315 320 291 73 4 247 56 2 138 537 3 4 7 3 0 
48346 266 288 65 1 257 63 1 134 572 2 4 1 0 0 
48358 301 304 45 2 255 72 2 118 535 0 2 2 4 0 
48396 301 296 69 0 233 61 3 120 507 3 4 4 3 0 
48380 318 324 65 2 237 55 1 97 510 5 0 3 3 0 
48396 280 287 58 5 245 55 1 137 522 3 2 5 4 0 
48358 281 316 68 1 225 54 1 148 529 5 4 7 3 0 
48327 309 289 60 0 271 64 2 129 537 2 3 2 5 0 
48442 302 279 61 1 218 55 0 115 517 5 1 3 1 0 
48400 276 319 62 0 206 74 3 123 531 5 1 0 0 0 
48376 287 298 67 2 217 79 0 136 528 5 0 3 2 0 
48361 315 302 64 2 230 57 1 118 535 2 2 5 6 0 
48410 287 294 64 3 229 38 1 131 534 2 1 3 3 0 
48349 288 322 55 4 241 69 1 137 528 4 1 1 0 0 
48385 270 300 68 0 227 68 0 121 556 1 1 2 1 0 
48349 272 308 68 2 228 77 0 101 581 4 1 4 5 0 
48372 321 280 64 1 244 75 4 123 511 2 0 1 2 0 
48425 288 318 69 2 230 51 0 105 507 0 0 3 2 0 
48404 280 289 93 1 224 64 2 121 513 1 3 3 2 0 
48408 299 270 88 4 256 49 2 106 509 4 1 1 3 0 
48346 282 314 73 2 247 59 1 105 552 6 4 2 7 0 
48371 301 309 65 2 223 58 1 119 543 4 2 1 1 0 
48417 272 304 55 3 238 64 0 111 527 3 0 3 3 0 
48324 329 280 66 1 238 72 1 120 554 2 4 5 4 0 
48404 278 292 60 1 229 63 1 135 530 1 2 3 1 0 
48434 285 256 66 1 235 67 0 121 521 7 0 1 6 0 
48342 295 304 61 0 233 71 1 144 529 2 5 9 4 0 
48381 284 277 61 2 237 59 0 128 554 9 2 3 3 0 
48445 278 278 73 1 241 63 0 110 502 3 1 1 4 0 
48383 285 282 69 4 233 67 0 129 539 0 1 5 3 0 
48460 291 255 66 5 234 47 1 124 506 3 4 0 4 0 
48385 316 303 55 1 236 44 1 132 519 2 2 1 3 0 
48329 323 297 72 2 278 63 1 119 505 2 1 4 4 0 
48333 269 305 82 3 234 71 1 136 558 2 0 1 5 0 
48436 284 283 51 2 226 64 4 138 501 4 1 3 3 0 
48395 326 283 59 0 238 78 4 129 479 5 1 2 1 0 
48376 292 283 76 4 234 60 0 105 562 6 0 1 1 0 
48432 286 296 60 0 210 69 1 105 530 2 3 2 4 0 
48428 282 272 67 4 230 75 0 139 501 1 1 0 0 0 
48383 296 276 74 2 224 75 0 130 530 2 0 6 2 0 
48357 307 280 75 3 235 63 1 112 560 4 0 3 0 0 
48407 291 306 60 2 218 65 1 123 515 4 1 5 2 0 
48434 295 301 70 1 211 50 2 133 496 3 0 3 1 0 
48374 284 297 71 3 235 66 1 129 524 8 2 3 3 0 
48322 307 287 77 1 247 51 0 142 558 5 1 0 2 0 
48423 266 289 75 1 238 78 0 124 493 9 2 1 1 0 
48416 291 289 60 3 237 53 0 105 535 4 1 2 4 0 
48417 304 291 66 2 228 47 1 127 504 4 2 3 4 0 
48423 270 292 62 1 231 60 0 120 534 0 2 2 3 0 
48369 304 292 79 1 245 68 1 120 508 4 2 2 5 0 
48327 293 321 67 2 251 71 1 126 535 2 1 3 0 0 
48397 293 275 71 1 224 74 3 119 528 6 2 3 4 0 
48370 301 278 52 5 237 58 0 108 576 6 2 2 5 0 
48357 297 296 64 1 237 51 2 145 539 3 2 4 2 0 
48452 288 278 56 3 218 78 3 114 498 5 2 3 2 0 
48450 285 278 70 2 232 64 2 113 492 5 2 5 0 0 
48380 294 288 60 2 239 52 2 131 538 3 2 3 5 1 
48363 299 301 65 2 254 61 0 126 522 1 0 3 3 0 
48405 262 300 51 1 204 65 4 146 550 3 1 7 1 0 
48351 288 291 57 2 239 83 0 133 543 3 2 5 3 0 
48327 302 308 61 2 231 62 4 142 546 6 3 5 1 0 
48349 353 318 57 1 239 69 3 101 500 3 0 2 5 0 
48367 312 282 72 2 243 68 1 130 508 7 2 4 2 0 
48472 264 255 61 2 211 76 2 135 506 6 3 5 2 0 
48340 305 315 74 1 235 66 2 135 520 2 0 2 3 0 
