48396 276 298 74 2 219 60 0 121 545 4 1 3 1 0 
48360 311 296 68 4 245 50 0 109 545 3 0 4 5 0 
48381 282 285 67 1 261 53 0 117 540 7 3 3 0 0 
48387 288 307 73 0 235 45 2 114 537 1 0 5 6 0 
48395 303 272 73 1 224 59 1 111 553 1 0 7 0 0 
48427 291 292 72 3 217 71 1 103 511 1 0 3 8 0 
48383 283 293 66 1 242 65 0 132 525 3 3 3 1 0 
48383 269 282 77 1 251 52 2 112 561 2 2 5 1 0 
48442 261 270 71 0 246 60 1 108 533 0 3 4 1 0 
48380 298 303 67 3 233 61 1 150 497 0 3 2 2 0 
48368 303 310 84 2 247 57 1 103 517 2 2 2 2 0 
48339 282 286 86 1 238 63 0 122 575 3 3 1 1 0 
48380 320 304 62 1 270 56 1 108 489 2 1 4 2 0 
48344 284 292 88 2 240 64 2 105 570 4 0 2 3 0 
48403 311 287 86 0 219 63 1 95 529 2 0 3 1 0 
48340 299 281 73 3 229 69 1 139 548 4 3 7 4 0 
48521 241 264 69 2 226 56 2 114 500 1 1 2 1 0 
48332 287 298 53 2 256 72 1 113 573 5 2 4 2 0 
48385 293 297 46 1 213 62 0 109 584 4 3 2 1 0 
48367 300 272 70 2 263 64 0 106 544 5 1 3 3 0 
48350 297 313 63 0 230 65 0 128 545 6 1 1 1 0 
48356 314 288 64 2 240 68 1 130 530 1 1 4 1 0 
48373 284 287 65 2 253 66 1 117 542 1 2 4 3 0 
48400 283 298 73 2 236 65 3 126 504 5 3 1 1 0 
48331 282 313 67 1 235 74 2 133 551 5 1 1 4 0 
48411 276 280 59 0 260 71 1 121 510 5 4 1 1 0 
48416 295 298 65 2 239 79 2 108 484 2 1 6 3 0 
48380 268 325 78 1 240 54 1 110 528 5 2 5 3 0 
48349 291 307 70 2 223 74 5 119 549 2 1 2 6 0 
48404 306 276 64 0 239 70 1 126 506 2 1 4 1 0 
48410 283 297 61 1 241 50 2 114 531 4 2 0 4 0 
48411 292 284 67 2 215 63 1 146 498 4 3 9 5 0 
48426 279 312 64 0 238 56 0 111 507 1 4 0 2 0 
48416 288 274 72 2 228 69 1 107 531 3 2 4 3 0 
48373 305 279 67 2 250 51 1 106 550 4 5 5 2 0 
48382 272 281 61 1 232 66 0 119 579 2 2 3 0 0 
48409 305 276 67 0 247 65 1 99 520 1 4 4 2 0 
48400 297 296 71 0 258 46 1 127 497 2 1 1 3 0 
48467 282 252 63 2 215 68 2 111 524 5 2 5 2 0 
48353 265 321 72 0 245 59 0 113 555 4 1 6 5 1 
48427 272 316 70 1 237 69 1 102 495 3 1 3 3 0 
48409 282 283 64 1 228 67 2 130 524 3 1 5 1 0 
48432 303 305 70 2 207 65 1 94 514 2 1 0 4 0 
48351 302 298 71 1 260 53 1 143 512 3 2 1 2 0 
48360 298 324 85 7 267 70 6 115 463 2 1 1 1 0 
48348 272 319 70 6 236 60 0 97 587 3 1 1 0 0 
48333 286 289 71 0 261 81 0 120 546 2 4 7 0 0 
48421 274 308 73 0 242 67 2 115 491 5 1 1 0 0 
48425 268 289 72 2 228 77 4 115 507 3 5 1 4 0 
48428 282 293 53 0 245 59 0 122 504 5 1 6 2 0 
48364 272 299 76 1 224 53 1 144 554 6 2 1 3 0 
48345 320 276 75 0 235 61 2 124 548 7 2 2 3 0 
48358 255 281 83 1 272 69 2 109 554 6 1 5 4 0 
48323 305 290 69 1 271 59 0 107 564 2 4 3 2 0 
48405 293 301 73 2 246 61 0 116 501 1 0 1 0 0 
48346 318 300 87 0 217 67 2 108 545 4 2 3 1 0 
48359 307 295 62 3 257 53 1 109 546 3 0 2 3 0 
48470 258 286 75 1 246 59 0 115 479 6 2 1 2 0 
48355 283 314 74 1 250 62 1 136 513 5 1 3 2 0 
48371 295 299 66 1 248 61 1 117 529 2 1 3 6 0 
48346 291 301 78 1 252 79 2 108 531 5 3 2 1 0 
48419 272 259 80 0 237 59 0 133 527 5 1 1 7 0 
48356 270 328 66 2 248 66 1 135 517 4 1 5 1 0 
48363 268 299 78 5 252 57 1 120 549 1 0 3 4 0 
48403 295 314 64 3 244 58 2 131 473 5 4 4 0 0 
48358 279 298 70 1 245 79 1 137 521 2 3 4 2 0 
48436 279 296 80 4 221 61 1 105 511 2 2 0 2 0 
48422 299 284 63 2 229 46 1 112 533 2 1 2 4 0 
48383 280 300 56 4 227 52 2 137 548 5 0 4 2 0 
48460 274 264 74 1 248 62 0 109 500 3 1 1 3 0 
48395 285 312 77 1 241 56 0 115 506 2 1 4 5 0 
48372 301 323 72 0 251 54 4 126 484 2 4 5 2 0 
48320 312 308 59 2 264 75 1 113 534 4 2 2 4 0 
48442 290 267 70 0 225 73 1 118 507 0 3 1 3 0 
48477 285 285 76 2 219 57 3 104 485 1 2 3 1 0 
48414 275 284 82 1 226 60 0 127 517 6 0 6 2 0 
48386 312 280 64 2 249 55 4 124 514 1 4 3 2 0 
48400 301 304 80 2 226 55 2 117 499 3 1 4 6 0 
48452 267 265 62 1 226 73 0 133 513 3 2 1 2 0 
48317 328 277 70 1 247 86 1 124 540 6 0 2 1 0 
48407 275 296 79 1 238 59 2 115 519 5 2 1 1 0 
48438 277 319 67 2 223 63 0 95 502 5 3 3 3 0 
48353 291 304 76 1 229 70 2 90 572 4 0 7 1 0 
48358 290 311 53 1 221 65 1 131 558 4 2 3 2 0 
48379 285 298 82 4 243 66 1 106 527 6 2 0 1 0 
48383 276 294 66 3 248 78 0 126 522 1 1 1 1 0 
48417 295 290 77 2 238 63 1 109 500 2 1 3 2 0 
48360 286 301 64 2 227 78 0 121 548 4 2 4 3 0 
48367 305 286 69 2 249 64 4 118 526 3 3 1 3 0 
48412 272 301 78 0 235 51 3 106 534 2 1 4 1 0 
48418 262 270 65 1 259 67 1 120 526 4 1 3 3 0 
48426 279 265 69 2 237 71 1 113 526 4 1 4 1 1 
48334 270 302 61 0 265 75 3 118 561 3 1 5 2 0 
48391 297 269 60 2 249 77 0 120 527 0 4 3 1 0 
48411 266 294 65 2 218 60 1 123 544 4 1 9 2 0 
48290 292 304 75 3 267 75 0 113 571 2 1 6 1 0 
48378 281 282 71 0 247 65 3 119 544 2 1 4 3 0 
48327 301 295 75 1 261 74 0 130 527 2 1 1 5 0 
48388 276 320 78 3 239 67 1 112 506 4 2 3 1 0 
48438 297 282 66 1 248 59 1 113 486 3 0 4 2 0 
48452 273 280 57 4 243 63 0 119 500 4 1 4 0 0 
48416 270 291 66 0 225 60 2 121 539 5 1 0 4 0 
48335 295 327 65 2 260 59 3 131 511 4 3 2 3 0 
48400 288 271 79 0 225 65 1 129 528 5 2 1 6 0 
48356 284 279 94 1 221 63 1 135 564 1 0 0 1 0 
48370 287 316 63 3 237 60 1 112 541 5 1 2 2 0 
48375 283 287 61 1 225 57 1 140 557 4 2 3 4 0 
48394 276 284 70 4 241 80 2 125 516 2 3 0 3 0 
48408 268 301 76 1 232 64 2 115 523 5 2 1 2 0 
48386 282 303 64 1 282 68 1 115 491 3 0 2 2 0 
48390 275 304 72 3 229 67 0 125 519 5 3 3 5 0 
48441 271 305 59 2 218 56 2 108 527 2 4 2 3 0 
48377 298 279 77 5 234 76 1 109 537 2 0 4 1 0 
48398 280 309 70 2 224 63 2 120 521 1 2 4 4 0 
48334 287 312 77 0 266 63 1 122 530 3 2 3 0 0 
48361 286 325 65 0 261 64 1 121 507 3 2 2 2 0 
48366 291 286 62 5 246 63 3 147 524 2 2 3 0 0 
48359 295 310 77 1 235 70 0 125 514 3 4 5 2 0 
48398 290 278 64 1 244 78 4 114 515 5 2 3 4 0 
48370 299 272 58 5 248 75 0 117 548 1 0 4 3 0 
48370 294 262 82 1 251 68 1 111 542 6 2 8 2 0 
48388 278 269 63 2 245 60 1 126 558 3 2 2 3 0 
48351 307 315 61 2 243 64 0 129 514 6 1 4 3 0 
48349 298 289 73 1 246 65 0 130 534 4 1 7 3 0 
48334 297 311 78 2 242 65 0 128 532 4 0 3 4 0 
48382 332 255 80 2 236 81 1 108 516 0 2 4 1 0 
48406 300 290 60 1 247 56 0 112 514 4 1 6 3 0 
48400 288 304 48 2 243 71 2 118 520 1 0 2 1 0 
48405 263 308 62 1 237 66 3 125 520 2 3 3 2 0 
48341 289 320 63 0 242 75 1 110 552 3 1 2 1 0 
48392 284 281 76 0 243 62 0 118 535 0 0 6 3 0 
48374 257 328 61 1 261 52 0 111 548 2 0 2 3 0 
48344 289 289 63 2 263 77 2 112 544 2 4 4 5 0 
48329 318 300 70 3 246 64 1 127 533 3 1 2 3 0 
48422 282 296 59 1 230 65 1 120 513 3 2 4 2 0 
48435 297 312 62 0 237 49 2 121 474 1 2 4 4 0 
48414 292 280 65 4 230 71 4 100 530 4 2 0 4 0 
48367 259 332 65 4 226 72 1 140 530 1 3 0 0 0 
48438 273 299 55 4 239 51 0 116 513 3 2 4 3 0 
48367 280 291 82 4 233 60 0 116 555 1 4 3 4 0 
48381 285 274 65 3 278 71 1 104 528 5 2 2 1 0 
48421 283 268 63 1 233 63 1 121 535 5 3 2 1 0 
48425 271 274 71 1 247 76 3 105 516 3 1 5 2 0 
48380 273 286 83 0 236 70 0 139 518 6 2 2 5 0 
48388 300 316 58 3 216 70 2 111 525 3 3 1 4 0 
48377 288 278 60 0 241 61 0 118 571 2 2 2 0 0 
48425 294 287 80 1 227 65 0 102 510 3 2 2 2 0 
48351 264 339 78 3 237 57 2 119 543 2 1 2 2 0 
48332 297 280 74 1 273 68 2 127 538 1 2 5 0 0 
48339 273 295 75 3 256 68 1 103 573 4 3 4 3 0 
48361 297 321 66 2 258 51 0 107 525 3 0 5 4 0 
48346 293 297 58 4 242 69 1 139 537 3 1 5 5 0 
48407 290 282 58 1 249 63 0 104 536 3 2 4 1 0 
48399 288 267 83 0 233 61 1 113 543 5 3 3 1 0 
48422 267 289 79 1 259 76 2 97 499 4 2 1 2 0 
48368 292 315 72 1 240 59 3 124 513 3 3 3 4 0 
48399 275 294 78 4 230 56 0 109 541 2 1 6 5 0 
48311 288 314 70 2 249 63 3 144 544 2 4 3 3 0 
48377 286 310 79 0 229 56 1 112 539 3 4 2 2 0 
48331 309 293 65 3 260 77 0 129 525 4 0 2 2 0 
48336 297 297 64 0 267 47 3 141 543 3 0 2 0 0 
48391 277 301 83 2 246 63 0 126 503 2 3 3 0 0 
48414 271 301 67 2 225 68 1 137 503 2 1 4 3 1 
48416 265 305 59 2 231 49 2 120 535 3 3 5 5 0 
48399 268 299 69 1 227 63 1 115 548 6 0 2 2 0 
48438 308 273 67 4 230 50 0 95 525 4 2 1 3 0 
48366 309 263 69 3 252 70 0 128 523 4 3 4 6 0 
48430 283 303 66 3 265 68 0 107 463 4 2 2 4 0 
48345 280 307 80 0 261 56 1 132 528 3 3 1 3 0 
48285 331 313 83 1 231 65 0 145 535 1 3 2 5 0 
48390 278 282 65 1 257 63 2 107 544 6 1 2 2 0 
48330 271 309 57 3 262 71 2 123 558 4 3 6 1 0 
48374 284 269 78 0 254 70 0 116 543 1 3 6 2 0 
48404 302 294 62 0 236 59 1 119 511 5 2 1 4 0 
48351 297 314 72 2 225 70 2 112 538 4 3 3 7 0 
48388 281 307 78 2 241 56 1 113 523 3 4 2 1 0 
48452 259 289 72 1 206 76 1 120 519 1 0 3 1 0 
48524 280 282 60 1 221 48 1 108 472 1 1 1 0 0 
48426 272 279 61 3 241 60 1 111 537 2 2 1 4 0 
48409 280 283 61 2 268 64 1 129 499 3 0 0 1 0 
48353 293 298 85 1 240 76 1 118 517 8 3 3 4 0 
48445 284 284 54 2 221 55 2 112 532 3 0 2 4 0 
48406 292 293 69 1 227 73 1 114 514 1 2 3 4 0 
48404 266 283 85 4 219 78 6 114 530 3 2 3 3 0 
48352 279 294 65 2 245 62 0 138 552 3 4 3 1 0 
48393 274 319 77 1 224 72 1 120 507 2 6 3 1 0 
48391 298 289 86 0 238 70 2 102 508 6 1 5 4 0 
48365 278 315 77 1 226 60 2 131 531 5 2 4 3 0 
48388 280 319 75 1 259 59 0 124 479 5 2 7 2 0 
48394 299 296 84 1 251 54 1 111 499 2 2 4 2 0 
48374 298 320 62 0 227 73 1 104 532 2 2 1 4 0 
48369 291 284 61 4 235 65 4 137 542 1 2 4 1 0 
48397 292 302 77 2 226 76 0 123 491 5 1 4 4 0 
48356 291 313 81 2 251 64 1 92 540 4 1 4 0 0 
48335 294 300 76 5 265 70 4 97 547 5 0 1 1 0 
48394 290 280 72 1 248 68 1 140 496 2 3 2 3 0 
48408 274 294 67 0 237 62 2 135 514 1 1 2 3 0 
48372 291 293 61 3 243 68 2 118 543 2 1 2 1 0 
48298 288 267 73 3 236 70 2 131 615 5 4 7 1 0 
48468 268 279 71 0 228 64 2 103 510 2 1 0 4 0 
48367 275 332 72 1 235 60 0 106 539 3 5 3 2 0 
48323 283 328 57 2 257 66 2 124 550 3 4 1 0 0 
48343 290 307 67 2 272 56 1 107 547 2 2 2 2 0 
48316 312 328 62 1 237 52 1 136 541 6 2 6 0 0 
48384 277 284 82 2 246 75 4 115 517 3 2 4 5 0 
48346 297 297 80 0 260 69 1 116 518 6 3 3 4 0 
48349 314 297 78 1 228 64 0 119 537 3 2 2 6 0 
48389 298 307 80 2 223 62 1 129 503 3 1 2 0 0 
48358 287 281 78 1 256 70 0 119 538 1 2 5 4 0 
48411 278 282 60 1 250 72 0 120 521 3 1 0 1 0 
48436 279 292 70 3 204 73 1 116 516 5 1 1 3 0 
48458 304 270 66 4 219 51 2 110 505 5 1 3 2 0 
48378 282 303 69 0 221 69 2 111 549 6 1 4 5 0 
48327 303 310 70 2 244 71 1 117 541 6 1 5 2 0 
48373 270 303 63 2 238 60 3 135 538 0 4 3 8 0 
48405 288 282 71 4 237 74 0 99 532 0 1 6 1 0 
48370 284 297 69 0 266 59 0 105 540 4 1 2 3 0 
48409 284 272 68 1 228 58 0 119 552 3 1 1 4 0 
48399 304 301 63 1 233 83 1 88 515 4 2 2 4 0 
48385 263 301 78 2 245 59 0 120 539 2 1 2 3 0 
48395 278 276 70 3 248 74 0 103 544 2 2 2 3 0 
48410 307 284 69 1 229 56 1 114 519 7 0 2 1 0 
48334 291 294 81 1 258 67 1 134 527 6 4 0 2 0 
48386 316 311 63 1 246 67 1 100 498 4 2 1 4 0 
48366 292 288 85 2 237 60 2 105 549 5 2 4 3 0 
48380 271 320 80 2 229 63 3 139 503 2 3 2 3 0 
48355 307 301 80 1 228 57 2 113 547 3 2 1 3 0 
48427 270 274 82 3 244 56 3 114 515 3 2 4 3 0 
48416 275 290 85 3 234 68 0 122 498 2 2 4 1 0 
48380 280 286 69 1 252 54 2 131 529 1 4 5 6 0 
48399 278 291 68 2 226 64 1 114 544 5 3 3 2 0 
48371 283 343 69 2 250 66 1 119 488 2 2 3 1 0 
48247 315 340 68 3 240 59 0 128 589 4 1 5 1 0 
48307 288 318 77 1 224 67 1 127 574 7 2 4 3 0 
48417 267 279 80 3 259 69 2 124 493 4 0 1 2 0 
48375 295 309 72 1 229 72 0 118 513 5 4 4 3 0 
48454 267 286 70 2 229 72 2 120 479 8 3 5 3 0 
48373 272 332 48 2 262 77 0 140 482 3 3 3 3 0 
48395 300 315 77 3 227 51 0 98 526 0 2 3 3 0 
48427 282 283 56 5 250 67 2 105 517 3 1 2 0 0 
48368 285 295 66 4 238 74 5 126 526 4 3 2 4 0 
48391 288 307 62 0 238 61 2 124 519 3 2 0 3 0 
48365 301 311 69 1 234 56 3 114 533 4 2 5 2 0 
48424 283 287 62 1 245 64 4 107 515 2 4 0 2 0 
48460 264 289 69 1 241 57 2 99 507 4 3 1 3 0 
48431 275 315 73 2 232 66 1 114 486 1 1 2 1 0 
48435 317 279 65 2 205 53 1 129 509 1 1 2 1 0 
48333 287 306 74 2 255 60 6 107 553 3 1 6 7 0 
48423 281 278 65 1 223 67 1 119 536 3 0 1 2 0 
48344 291 290 70 2 238 78 2 134 538 5 3 2 3 0 
48349 284 304 78 0 273 66 2 113 520 2 1 6 2 0 
48361 277 305 65 0 228 69 1 125 560 2 2 2 3 0 
48389 268 292 65 1 251 68 2 119 536 3 3 2 1 0 
48421 268 295 67 1 218 78 0 116 529 2 1 1 3 0 
48355 270 268 78 1 244 76 0 110 595 2 0 1 0 0 
48369 267 308 65 0 273 69 3 115 521 5 0 2 3 0 
48449 285 299 79 4 219 58 0 107 490 4 1 1 4 0 
48330 319 307 79 2 233 51 3 131 531 9 1 0 4 0 
48400 265 307 73 1 234 67 3 127 517 1 2 3 0 0 
48388 316 299 72 3 232 73 2 110 497 1 0 5 2 0 
48380 291 305 76 0 242 58 0 97 544 3 0 1 3 0 
48387 257 299 77 0 261 71 0 124 510 2 2 4 6 0 
48434 294 294 73 0 204 59 2 101 534 2 1 0 2 0 
48354 310 295 63 1 238 60 2 120 548 5 2 0 2 0 
48407 291 285 63 4 248 65 4 110 515 3 1 1 3 0 
48436 290 260 70 2 259 59 2 115 495 1 5 1 5 0 
48351 300 280 88 2 236 70 0 109 550 4 1 5 4 0 
48368 320 282 80 2 226 71 1 126 516 3 1 2 2 0 
48389 283 281 55 0 257 64 3 92 562 6 3 1 4 0 
48390 282 308 69 1 241 64 0 131 505 3 2 2 2 0 
48361 296 289 81 0 210 65 0 125 564 3 1 3 2 0 
48413 271 278 66 4 242 59 1 125 525 7 3 3 3 0 
48367 271 279 77 5 251 65 0 134 538 3 2 4 4 0 
48330 287 301 73 2 250 69 2 116 558 2 3 3 4 0 
48349 298 282 72 1 244 63 1 138 540 2 1 6 3 0 
48311 284 301 66 3 264 58 2 137 562 2 2 7 1 0 
48424 264 276 79 3 234 68 3 122 515 3 3 3 3 0 
48436 295 274 60 1 237 66 1 117 504 3 2 1 3 0 
48414 270 283 67 0 213 67 2 117 555 2 2 3 4 1 
48345 324 298 62 2 251 64 0 124 520 3 2 1 4 0 
48431 281 293 64 1 238 63 0 105 515 2 1 3 3 0 
48375 286 312 83 0 235 72 3 118 508 4 1 3 0 0 
48329 302 308 72 2 275 66 2 109 521 6 4 2 2 0 
48435 287 281 51 0 251 62 2 115 501 6 2 4 3 0 
48421 282 292 49 3 245 55 2 102 540 3 2 3 1 0 
48414 266 298 66 1 236 69 0 115 518 8 1 2 6 0 
48456 289 259 65 3 240 58 0 127 484 6 0 10 3 0 
48432 286 287 73 1 230 63 1 108 511 1 2 5 0 0 
48365 265 315 77 5 246 68 2 127 516 2 1 6 5 0 
48381 273 317 68 3 210 75 0 114 545 4 1 4 5 0 
48339 297 309 73 2 227 65 0 133 545 2 1 5 2 0 
48412 271 321 65 0 232 78 4 100 505 3 3 4 2 0 
48412 287 279 73 1 220 76 1 118 524 2 1 4 2 0 
48270 299 311 72 2 261 80 1 131 561 4 1 3 4 0 
48420 271 258 78 2 251 67 0 120 525 2 2 3 1 0 
48407 279 301 76 4 243 61 2 123 492 3 1 3 5 0 
48369 281 309 71 3 249 64 1 138 507 3 1 1 3 0 
48347 276 278 85 0 268 67 2 118 545 6 1 6 1 0 
48328 291 315 68 2 249 80 1 127 528 4 1 5 1 0 
48377 279 320 80 2 242 59 4 129 500 2 1 2 3 0 
48441 267 296 71 1 248 59 2 112 500 0 2 0 1 0 
48336 299 314 66 3 249 67 1 139 519 2 1 2 2 0 
48351 278 289 84 2 263 71 0 123 531 3 1 2 2 0 
48307 330 307 67 1 276 68 2 115 514 3 1 6 3 0 
48394 275 275 72 1 253 83 0 110 528 1 2 2 4 0 
48417 246 303 83 2 225 77 0 123 512 6 0 3 3 0 
48362 298 300 70 2 224 67 1 128 543 1 2 1 1 0 
48366 299 328 66 2 242 63 2 119 505 0 3 3 2 0 
48385 247 345 71 1 222 70 0 129 521 2 1 2 4 0 
48395 270 314 71 3 254 63 4 99 517 4 0 5 1 0 
48433 273 299 57 2 245 55 0 114 511 1 2 3 5 0 
48345 291 284 77 2 239 66 4 122 563 3 0 2 2 0 
48433 258 294 87 4 240 61 0 97 511 3 2 5 5 0 
48336 330 291 84 1 242 69 0 117 517 3 5 4 1 0 
48346 289 274 69 3 260 70 2 111 564 2 4 3 3 0 
48336 320 298 57 0 266 73 1 110 531 3 1 3 1 0 
48341 311 306 80 0 217 66 3 116 549 5 0 3 3 0 
48391 266 318 86 3 206 58 2 114 545 3 0 6 2 0 
48378 297 307 70 0 219 64 0 124 531 4 2 2 2 0 
48448 289 255 76 3 239 64 1 123 491 4 1 5 1 0 
48438 310 283 62 2 228 55 0 135 484 1 0 0 2 0 
48459 283 279 57 3 265 63 1 90 492 1 1 3 3 0 
48301 294 311 81 4 254 70 1 116 556 6 2 2 2 0 
48360 287 283 83 1 238 61 1 148 528 2 1 4 3 0 
48414 289 259 66 1 250 65 1 126 519 4 2 4 0 0 
48395 279 270 55 1 260 61 2 114 555 3 1 3 1 0 
48366 328 305 59 4 252 65 2 115 492 5 0 3 4 0 
48394 273 312 76 0 228 57 1 105 536 9 3 4 2 0 
48354 296 317 86 3 254 65 2 111 491 7 3 7 4 0 
48396 280 297 78 1 232 69 0 124 510 2 5 0 6 0 
48403 277 316 65 2 264 64 1 111 486 4 0 3 4 0 
48404 292 280 66 0 246 61 1 120 523 1 2 3 1 0 
48425 273 253 72 1 218 71 2 126 547 3 3 4 2 0 
48414 274 301 67 2 218 61 1 112 538 5 3 3 1 0 
48439 273 308 74 3 236 58 2 118 478 4 2 1 4 0 
48348 265 293 84 1 260 61 2 148 531 2 0 4 1 0 
48333 310 323 54 1 270 60 1 113 519 4 2 3 7 0 
48375 266 297 77 2 232 59 2 121 559 3 1 2 4 0 
48296 299 297 62 2 258 73 2 134 568 2 1 5 1 0 
48393 277 299 68 1 254 57 2 105 536 3 1 2 2 0 
48337 306 295 68 2 276 62 3 118 524 3 1 2 3 0 
48321 283 325 78 4 270 65 3 106 530 7 0 6 2 0 
48336 295 299 67 2 242 71 0 123 551 6 2 3 3 0 
48294 296 330 77 2 252 71 4 130 529 4 4 4 3 0 
48405 286 304 72 0 224 56 1 116 528 4 0 3 1 0 
48347 317 288 62 2 257 67 2 107 543 2 1 2 3 0 
48350 320 287 66 2 230 74 2 130 530 2 0 3 4 0 
48425 281 268 72 2 223 63 1 110 546 4 1 3 1 0 
48367 303 312 73 0 224 64 0 109 540 3 2 1 2 0 
48393 276 297 60 4 250 64 3 125 517 4 2 1 4 0 
48381 279 307 81 0 228 73 3 116 527 2 1 1 1 0 
48373 284 294 62 4 247 53 1 98 574 5 0 3 2 0 
48365 291 296 60 1 255 67 1 123 534 2 0 3 2 0 
48349 289 274 75 0 249 67 0 128 560 6 0 2 1 0 
48381 301 298 80 4 231 59 3 132 502 4 0 2 3 0 
48421 272 270 52 2 241 64 5 131 528 7 3 2 2 0 
48438 238 306 61 3 246 57 0 100 543 2 3 1 2 0 
48446 243 292 74 5 247 52 1 124 506 3 1 3 3 0 
48402 271 307 78 2 241 59 2 105 520 2 0 7 4 0 
48382 283 300 75 4 238 63 2 119 515 7 3 4 5 0 
48423 282 258 74 3 247 68 3 107 526 4 2 2 1 0 
48327 315 303 62 4 242 73 1 123 540 6 0 4 0 0 
48376 281 298 75 0 248 71 2 123 509 7 1 4 5 0 
48340 298 296 94 3 232 57 2 137 531 4 1 3 2 0 
48439 289 263 63 0 226 67 1 117 521 2 3 8 1 0 
48383 291 289 61 1 248 63 1 143 505 4 2 4 5 0 
48343 295 290 79 2 238 68 2 112 561 3 2 5 0 0 
48481 260 288 63 1 228 69 1 120 481 4 1 2 1 0 
48330 290 313 73 1 254 57 0 132 540 2 3 3 2 0 
48336 285 310 57 2 268 65 1 117 546 5 1 4 3 0 
48334 294 318 70 1 246 59 1 118 542 8 0 5 4 0 
48397 299 290 65 1 241 55 1 115 526 4 1 2 3 0 
48420 297 279 54 3 222 58 2 124 527 6 1 6 1 0 
48411 292 265 69 1 232 70 1 119 532 3 0 2 3 0 
48433 267 300 59 1 247 70 1 118 492 3 3 3 3 0 
48411 246 308 76 4 225 57 1 111 556 0 3 1 1 0 
48359 279 311 76 0 248 71 1 112 537 1 1 3 1 0 
48373 299 318 74 1 244 61 0 105 513 3 4 2 3 0 
48358 308 297 79 3 247 62 1 109 523 4 4 2 3 0 
48459 264 265 53 0 245 62 2 130 507 5 0 5 3 0 
48319 316 311 76 4 263 65 1 108 529 2 0 2 4 0 
48416 299 294 72 1 219 70 1 117 503 2 1 2 3 0 
48422 277 296 55 4 222 70 3 130 512 2 2 3 2 0 
48345 283 300 85 1 238 57 0 132 548 4 1 4 2 0 
48371 290 318 76 2 224 57 2 115 528 2 4 7 4 0 
48430 312 280 62 4 232 72 0 118 478 4 2 4 2 0 
48405 264 305 65 4 238 68 4 123 512 2 2 5 3 0 
48295 321 299 68 6 246 82 1 114 560 3 3 1 1 0 
48370 271 308 78 2 213 69 1 110 572 1 1 2 1 1 
48351 318 277 73 2 257 80 1 131 503 3 2 1 1 0 
48341 290 269 79 4 238 68 3 131 563 4 4 3 3 0 
48348 305 272 77 1 234 73 1 120 551 6 2 5 5 0 
48370 288 272 81 2 230 70 0 120 561 2 1 2 1 0 
48390 281 251 82 1 229 81 3 115 561 2 0 2 2 0 
48374 325 317 73 3 238 71 0 114 478 0 0 5 2 0 
48442 275 295 62 4 223 58 0 118 512 4 1 2 4 0 
48352 305 287 74 2 242 61 2 111 558 1 3 0 2 0 
48353 293 309 63 0 266 62 2 106 535 4 0 4 3 0 
48415 250 291 72 1 238 61 2 99 562 3 2 2 2 0 
48383 277 281 58 1 263 65 2 135 530 0 1 4 0 0 
48368 272 302 62 1 271 64 1 118 532 1 0 2 6 0 
48334 254 307 84 1 278 65 1 132 537 4 0 2 1 0 
48347 279 319 72 2 245 58 1 116 550 3 1 6 1 0 
48318 292 294 74 1 244 49 1 125 592 3 2 5 0 0 
48393 282 320 57 0 246 63 0 97 531 2 0 8 1 0 
48370 279 324 65 0 241 65 2 115 525 3 0 7 4 0 
48356 295 324 71 1 228 69 1 102 541 3 2 2 5 0 
48452 268 271 68 2 233 61 3 104 529 1 2 5 1 0 
48379 299 316 57 3 258 64 1 120 493 4 0 4 2 0 
48374 279 313 62 1 243 62 1 132 527 2 1 2 1 0 
48354 272 316 65 2 265 57 3 114 541 6 2 1 2 0 
48356 292 287 78 1 246 72 1 128 527 3 2 3 4 0 
48340 301 297 75 3 250 68 1 104 549 7 2 1 2 0 
48391 276 280 79 5 241 59 1 112 546 3 1 3 3 0 
48441 262 274 74 0 230 44 1 131 534 4 2 1 2 0 
48399 265 311 78 1 215 66 0 113 541 3 5 2 1 0 
48404 276 308 83 2 221 55 1 131 507 1 3 6 2 0 
48379 293 293 76 1 246 65 1 105 525 4 3 2 7 0 
48344 317 321 67 1 232 60 1 116 533 3 3 2 0 0 
48312 275 319 68 0 268 67 3 110 566 2 3 3 4 0 
48479 280 282 66 1 212 67 1 115 487 3 2 1 4 0 
48318 301 305 83 3 255 63 2 125 535 2 3 3 2 0 
48440 297 312 60 0 221 64 2 103 488 4 2 6 1 0 
48343 284 313 88 3 243 77 1 125 509 5 1 4 4 0 
48386 268 295 77 0 227 65 2 118 547 4 1 5 5 0 
48415 290 283 72 0 224 52 0 128 529 2 0 3 2 0 
48383 307 280 82 0 240 65 1 117 515 4 2 3 1 0 
48367 306 275 76 0 258 65 2 109 532 3 2 5 0 0 
48361 265 290 95 0 244 81 3 130 521 1 4 0 5 0 
48364 298 290 72 2 244 80 2 121 517 2 4 3 1 0 
48391 284 299 59 1 235 62 0 124 536 5 1 2 1 0 
48485 270 280 72 4 217 61 1 112 491 2 0 3 2 0 
48401 290 271 73 1 275 66 1 128 482 5 0 6 1 0 
48346 300 309 77 2 243 69 2 109 534 2 2 4 1 0 
48344 274 308 77 0 247 62 1 123 554 3 1 4 2 0 
48349 303 296 63 5 249 72 4 112 537 2 2 5 1 0 
48354 270 309 66 0 250 74 1 118 543 6 2 5 2 0 
48357 287 300 62 1 263 75 0 117 529 4 1 2 2 0 
48374 301 301 76 4 225 55 2 116 539 1 1 3 2 0 
48404 306 269 71 1 239 66 1 117 514 7 2 1 2 0 
48413 260 317 73 4 226 64 2 113 523 3 0 1 1 0 
48312 311 338 72 4 225 61 1 127 536 3 2 6 2 0 
48410 264 297 66 2 253 61 1 112 520 5 2 4 3 0 
48319 315 294 83 1 257 81 0 117 523 2 1 6 1 0 
48387 284 304 56 1 242 64 3 107 547 1 0 2 2 0 
48345 275 323 79 0 236 69 2 133 528 4 2 3 1 0 
48391 289 308 57 2 190 70 0 126 550 7 1 3 6 0 
48417 294 291 68 2 242 59 2 126 486 4 1 7 1 0 
48331 265 316 93 1 249 60 1 139 537 4 0 2 2 0 
48373 270 311 69 3 270 54 1 113 526 4 2 3 1 0 
48307 283 323 66 6 260 74 2 116 555 1 1 4 2 0 
48378 289 306 61 1 249 75 0 118 517 2 1 0 3 0 
48372 296 292 67 2 257 54 3 116 528 0 4 6 2 1 
48359 278 302 74 0 257 69 0 112 537 3 0 3 6 0 
48418 266 269 69 1 234 65 3 117 551 0 1 4 2 0 
48348 268 326 59 4 249 70 1 124 540 4 2 4 1 0 
48358 283 309 70 1 252 54 0 98 559 7 4 3 2 0 
48327 306 290 86 3 261 59 0 98 554 3 1 5 7 0 
48423 266 300 55 1 230 52 1 120 548 2 0 1 1 0 
48375 288 272 62 3 263 79 1 115 534 2 1 3 2 0 
48385 298 275 64 2 249 81 2 108 527 0 0 4 5 0 
48388 276 316 71 1 238 68 1 124 501 8 1 2 5 0 
48365 289 279 82 1 240 80 2 111 540 3 3 1 4 0 
48413 290 261 66 2 229 82 2 124 527 1 0 1 2 0 
48390 278 308 84 1 228 71 3 98 532 2 0 5 0 0 
48347 264 333 84 1 253 68 1 113 527 3 1 4 1 0 
48385 287 302 81 2 215 58 1 128 528 2 3 4 4 0 
48397 268 300 68 2 229 62 0 134 530 2 0 7 1 0 
48369 294 301 74 2 247 63 0 136 504 3 1 2 4 0 
48402 288 279 57 2 253 65 1 114 523 6 2 4 4 0 
48443 294 288 70 1 205 69 2 117 505 1 1 1 3 0 
48388 283 298 71 2 215 55 3 131 538 5 3 5 3 0 
48382 303 297 70 3 234 65 1 125 516 1 1 1 1 0 
48371 281 290 65 1 260 62 0 123 533 2 6 4 2 0 
48344 315 285 69 1 255 68 2 117 533 2 3 1 5 0 
48367 301 305 63 0 246 72 2 111 519 4 2 7 1 0 
48377 300 257 66 0 258 85 0 113 534 3 1 3 3 0 
48351 288 318 74 5 230 69 0 103 554 2 0 1 5 0 
48380 272 307 75 2 242 73 0 117 524 4 1 1 2 0 
48454 279 278 69 3 241 61 0 104 494 4 5 4 4 0 
48337 289 302 76 2 233 61 2 116 569 7 0 2 4 0 
48356 283 308 69 1 238 65 1 135 535 3 3 3 0 0 
48366 295 297 74 1 237 60 1 135 522 4 1 3 4 0 
48380 267 317 80 4 246 54 2 114 527 3 0 2 4 0 
48396 264 303 55 4 252 70 0 107 544 1 1 1 2 0 
48432 310 274 66 5 245 68 0 101 493 2 0 2 2 0 
48414 297 291 68 1 217 57 1 118 525 2 0 5 4 0 
48347 323 306 67 0 239 62 1 113 535 3 0 1 3 0 
48326 302 330 64 1 265 70 2 116 511 2 1 5 5 0 
48424 296 266 68 2 199 69 1 103 563 3 3 0 3 0 
48392 287 289 69 2 235 83 5 110 520 3 1 1 3 0 
48356 303 302 73 1 242 61 1 113 540 1 1 3 3 0 
48419 274 286 81 2 250 58 4 105 518 0 2 0 1 0 
48376 261 324 78 4 249 65 1 119 512 4 5 2 0 0 
48338 307 293 71 2 238 60 1 122 557 5 5 0 1 0 
48393 276 296 66 0 242 71 2 122 518 4 1 6 3 0 
48437 295 278 62 1 225 65 3 127 493 7 2 5 0 0 
48412 254 288 64 1 234 56 1 125 552 4 2 6 1 0 
48358 259 314 83 0 228 63 0 115 574 2 1 1 2 0 
48395 267 301 71 0 248 65 1 113 528 3 1 3 4 0 
