48298 279 329 66 4 255 76 3 110 569 5 0 3 3 0 
48448 253 280 71 1 235 73 1 121 509 3 2 2 1 0 
48382 279 280 79 0 253 69 1 115 534 1 2 2 3 0 
48408 261 305 100 1 243 68 0 100 507 1 0 4 2 0 
48403 282 291 71 2 238 53 0 117 528 2 3 6 4 0 
48376 260 319 88 2 233 60 0 125 523 6 1 3 4 0 
48333 295 291 77 1 252 48 1 129 559 3 1 5 5 0 
48400 275 323 91 1 230 62 1 121 486 4 2 2 2 0 
48371 309 294 74 3 228 65 3 98 545 2 3 1 4 0 
48411 231 265 76 0 248 68 1 123 567 3 3 2 2 0 
48315 297 330 76 2 241 66 0 117 545 5 0 2 4 0 
48438 289 231 68 1 243 62 2 110 544 5 2 2 3 0 
48330 303 313 79 1 236 59 0 121 548 5 0 4 1 0 
48335 259 303 74 0 277 75 3 119 544 3 1 4 3 0 
48384 296 320 73 0 226 71 0 110 508 6 1 4 1 0 
48436 270 282 68 1 253 42 3 93 537 6 2 2 5 0 
48423 267 292 90 0 260 51 0 103 501 4 5 2 2 0 
48375 268 281 80 3 229 68 1 118 570 1 1 2 3 0 
48352 282 284 83 3 252 53 1 116 552 4 4 12 2 0 
48358 315 288 67 2 242 72 2 109 537 1 3 2 2 0 
48357 257 325 81 1 241 66 1 115 547 2 1 4 2 0 
48347 297 302 83 3 237 74 0 113 539 2 1 1 1 0 
48387 287 284 73 1 239 59 0 104 554 3 1 6 2 0 
48306 311 286 75 0 231 77 1 103 596 1 4 7 2 0 
48386 275 291 71 1 244 57 0 124 541 3 2 3 2 0 
48384 295 294 72 0 255 64 2 108 516 3 0 2 5 0 
48369 274 261 77 2 266 75 1 126 535 4 3 4 3 0 
48406 270 307 65 5 241 60 3 114 513 6 0 7 3 0 
48438 262 304 66 1 220 84 0 129 486 3 0 3 4 0 
48409 268 299 92 3 227 61 0 119 513 3 3 1 2 0 
48352 285 285 77 3 259 62 1 129 541 0 2 3 1 0 
48381 286 309 64 2 232 72 1 117 519 7 2 6 2 0 
48463 282 279 65 1 231 70 2 75 522 3 2 2 3 0 
48376 303 299 87 1 224 66 0 119 514 5 0 4 2 0 
48376 289 281 82 1 242 60 2 113 545 1 3 1 4 0 
48428 280 273 65 2 248 54 1 109 530 2 3 3 2 0 
48408 283 293 76 2 272 69 4 109 475 1 3 4 1 0 
48333 301 293 86 1 262 88 4 103 515 7 2 2 3 0 
48389 285 287 82 1 236 64 2 104 542 3 1 3 1 0 
48338 279 334 87 3 225 68 2 110 545 3 0 4 2 0 
48400 284 280 88 1 250 61 2 114 508 2 2 6 2 0 
48343 287 304 84 2 241 73 0 123 532 4 4 1 2 0 
48323 286 302 85 3 255 75 0 115 542 8 0 4 2 0 
48373 282 315 72 1 245 75 1 98 526 2 2 3 5 0 
48360 296 308 64 3 250 82 1 106 516 5 1 6 2 0 
48425 257 274 73 3 236 69 3 109 538 9 0 1 3 0 
48379 257 308 62 1 254 55 3 117 555 2 3 1 3 0 
48345 273 308 82 0 252 69 4 110 545 5 0 4 3 0 
48357 255 299 79 0 249 72 2 102 572 1 5 4 3 0 
48417 253 328 70 2 218 73 4 112 513 2 0 3 5 0 
48432 280 292 71 0 225 67 2 122 499 3 3 1 3 0 
48341 292 300 83 4 252 73 2 113 523 6 0 6 5 0 
48369 282 289 89 1 276 54 2 103 526 4 1 0 4 0 
48415 276 310 71 1 246 66 1 118 489 2 1 3 1 0 
48368 257 317 89 2 262 70 0 109 517 4 2 1 2 0 
48410 278 280 78 2 228 70 1 100 539 4 3 5 2 0 
48384 285 281 76 1 223 68 0 143 531 2 1 3 2 0 
48393 274 295 70 1 256 67 2 128 510 1 0 2 1 0 
48429 284 268 85 2 244 57 2 91 526 5 3 1 3 0 
48417 268 310 58 0 216 62 0 125 535 2 0 3 4 0 
48343 286 296 70 1 280 64 0 117 533 3 1 4 2 0 
48355 274 298 75 4 269 73 0 115 527 2 1 6 1 0 
48405 298 294 75 1 228 54 1 127 510 3 1 1 2 0 
48413 287 273 81 2 244 79 1 96 513 3 1 2 5 0 
48368 278 278 79 1 253 66 1 118 552 2 0 2 2 0 
48336 266 305 85 0 255 68 3 123 549 4 0 3 3 0 
48299 284 325 78 1 284 74 0 114 533 3 2 2 1 0 
48302 298 317 84 0 261 71 0 105 548 1 3 4 6 0 
48356 300 287 74 1 250 68 1 104 544 5 3 4 3 0 
48324 297 297 73 3 234 60 2 127 574 4 1 2 2 0 
48399 309 316 86 2 210 60 1 115 491 5 0 3 3 0 
48374 293 303 88 0 260 61 0 101 514 2 2 1 1 0 
48392 261 311 91 1 230 72 1 112 519 6 2 0 2 0 
48404 279 301 65 1 209 71 1 120 541 3 1 2 2 0 
48425 264 264 83 0 227 80 0 107 546 0 0 1 3 0 
48397 240 314 72 4 266 66 1 119 509 3 1 2 6 0 
48445 258 293 91 0 234 64 1 119 485 4 3 2 1 0 
48431 285 303 71 2 226 56 3 112 503 3 2 2 1 0 
48427 283 294 72 2 214 73 0 98 521 8 1 5 2 0 
48376 291 298 70 3 257 66 2 111 516 3 0 2 5 0 
48381 270 301 71 1 238 58 1 122 549 3 2 2 1 0 
48404 275 298 72 0 230 58 1 104 544 3 1 4 6 0 
48342 276 336 84 4 256 60 2 120 512 3 2 1 2 0 
48399 288 330 78 4 231 58 2 101 505 1 0 2 1 0 
48379 282 316 65 1 259 65 2 107 517 2 3 1 1 0 
48404 274 300 69 3 257 66 1 102 512 5 1 2 4 0 
48424 266 291 64 0 260 63 3 121 495 6 1 2 4 0 
48440 253 323 71 0 228 61 3 110 502 2 3 2 2 0 
48316 261 330 76 2 264 74 1 111 555 2 0 3 5 0 
48439 251 289 61 2 242 71 2 114 518 1 4 4 2 0 
48416 283 278 82 0 250 60 0 111 509 2 1 4 4 0 
48377 265 322 91 4 250 59 3 118 498 6 1 2 4 0 
48394 272 329 76 1 222 82 1 110 508 1 3 0 1 0 
48372 285 322 73 2 266 57 4 109 499 4 3 2 2 0 
48380 273 308 74 1 254 74 2 108 518 4 0 3 1 0 
48427 272 295 68 0 250 54 1 105 520 1 0 3 4 0 
48374 274 297 78 3 240 79 1 115 528 4 1 4 2 0 
48300 284 322 88 1 251 75 0 121 549 4 0 4 1 0 
48365 303 295 56 0 245 59 3 118 539 5 0 8 4 0 
48399 284 287 83 2 228 73 0 83 544 4 3 4 6 0 
48368 307 316 84 1 231 71 0 112 501 5 0 3 1 0 
48413 273 284 60 3 266 42 0 114 536 5 0 3 1 0 
48396 280 323 73 0 231 62 1 108 513 6 1 2 4 0 
48327 276 316 80 1 255 59 1 111 564 3 1 4 2 0 
48358 281 321 78 1 219 70 1 103 565 2 0 0 1 0 
48454 310 261 58 0 231 62 0 125 492 0 3 1 3 0 
48340 315 299 73 1 229 72 2 121 540 3 1 2 2 0 
48375 263 276 67 0 247 57 1 114 587 6 2 3 2 0 
48409 269 287 87 3 230 70 1 108 529 1 2 2 2 0 
48383 259 303 60 2 268 68 0 131 514 3 3 2 4 0 
48446 252 294 69 2 248 58 4 85 530 5 1 2 4 0 
48353 269 324 73 1 265 66 1 102 536 3 2 4 1 0 
48342 296 324 78 5 246 71 2 116 514 3 0 1 2 0 
48328 314 327 60 1 239 63 1 102 553 4 3 2 3 0 
48382 289 272 75 2 278 77 0 86 524 1 1 7 6 0 
48351 269 300 83 6 258 77 0 121 524 3 2 4 2 0 
48347 283 315 86 1 233 70 1 112 536 7 1 5 3 0 
48392 268 263 88 2 247 76 0 109 535 5 2 7 6 0 
48428 270 313 70 1 233 58 0 107 516 1 1 1 1 0 
48425 272 296 70 2 247 69 1 103 498 7 2 4 4 0 
48360 256 292 100 1 251 69 3 121 531 5 2 5 4 0 
48373 292 286 83 1 261 68 0 110 514 7 2 2 1 0 
48382 307 275 68 2 240 76 0 121 524 2 1 2 0 0 
48320 289 316 89 1 237 71 1 121 543 4 0 5 3 0 
48393 267 293 90 3 254 74 3 99 511 4 3 6 0 0 
48451 272 282 90 0 230 54 1 119 487 4 4 0 6 0 
48429 297 292 67 1 248 57 1 109 490 2 2 4 1 0 
48406 280 297 76 4 257 58 0 97 520 2 0 1 2 0 
48374 299 282 73 1 237 76 1 106 537 1 3 3 7 0 
48389 300 290 67 1 243 72 0 106 519 1 2 2 8 0 
48401 294 292 68 1 232 70 2 100 528 4 2 4 2 0 
48417 276 301 75 3 224 51 2 108 535 1 2 4 1 0 
48317 272 302 73 0 280 78 0 108 562 2 2 4 0 0 
48412 271 298 75 0 247 67 0 112 507 5 2 2 2 0 
48403 285 290 74 2 229 78 1 122 505 1 1 4 5 0 
48409 268 319 68 2 234 58 1 116 509 3 1 5 7 0 
48399 275 333 68 3 228 58 2 98 524 3 6 2 1 0 
48433 276 272 78 3 232 86 1 92 522 3 0 1 1 0 
48414 303 326 59 3 235 53 1 107 494 3 1 1 0 0 
48404 273 278 75 0 227 75 1 104 554 2 1 4 2 0 
48374 301 312 66 1 244 62 1 114 519 3 0 1 2 0 
48461 258 293 65 2 227 57 0 114 509 5 1 6 2 0 
48352 294 307 89 1 254 58 3 110 521 1 1 5 4 0 
48359 281 305 81 1 244 88 3 107 521 3 2 3 2 0 
48348 294 287 75 0 258 71 2 112 546 3 2 1 1 0 
48432 287 294 78 2 202 65 0 106 527 2 2 3 0 0 
48367 258 288 74 1 265 74 1 115 546 4 3 3 1 0 
48394 289 292 71 3 242 64 3 119 512 2 5 3 1 0 
48286 301 309 80 1 266 70 1 110 567 1 2 2 4 0 
48361 268 275 82 2 231 66 1 133 568 6 3 1 3 0 
48456 250 303 92 1 231 52 1 120 478 4 2 7 3 0 
48367 262 290 86 0 239 78 1 102 567 2 2 2 2 0 
48416 273 274 83 1 241 64 2 111 525 3 0 3 4 0 
48390 260 303 68 3 238 76 0 116 535 6 1 1 3 0 
48375 290 281 71 1 241 70 3 137 525 1 0 0 5 0 
48364 275 303 68 1 237 67 3 112 552 2 3 10 3 0 
48391 264 283 72 1 258 68 0 124 533 3 1 2 0 0 
48421 263 289 87 0 253 59 0 91 524 6 2 1 4 0 
48446 297 280 81 0 206 60 0 121 502 3 1 2 1 0 
48338 268 318 76 0 242 58 3 119 568 2 1 4 3 0 
48386 264 279 91 2 260 71 1 115 517 4 2 5 3 0 
48393 256 296 81 2 252 64 2 103 537 3 5 5 1 0 
48359 263 311 65 2 235 73 5 118 557 3 1 3 5 0 
48430 282 291 70 4 211 71 0 122 512 2 2 2 1 0 
48360 302 298 83 0 242 64 1 109 535 2 1 2 1 0 
48391 256 293 76 2 217 63 1 109 582 4 1 3 2 0 
48370 302 313 88 1 223 54 2 105 529 2 2 6 3 0 
48414 259 269 77 0 247 55 0 105 559 6 1 5 3 0 
48349 287 313 70 1 230 59 3 137 541 3 1 2 4 0 
48383 272 273 90 3 255 64 2 122 526 3 2 2 3 0 
48365 297 305 82 1 245 57 0 96 540 2 3 5 2 0 
48328 314 294 95 3 247 67 1 120 517 6 2 2 4 0 
48385 288 283 79 3 250 68 3 111 521 2 3 2 2 0 
48316 288 306 87 0 274 57 3 124 534 6 1 3 1 0 
48389 258 275 68 1 237 61 2 111 585 5 1 3 4 0 
48369 275 283 80 1 250 67 4 125 524 5 3 6 8 0 
48412 270 294 56 4 233 63 2 109 545 4 2 2 4 0 
48348 284 270 76 0 263 80 0 139 530 3 1 3 3 0 
48432 295 280 68 2 238 54 1 102 513 4 1 6 4 0 
48344 284 328 72 0 260 56 3 118 530 0 1 1 3 0 
48433 275 281 78 2 224 68 0 102 532 2 1 1 1 0 
48339 292 303 75 1 251 67 1 108 551 4 1 5 2 0 
48338 292 303 87 4 240 73 2 133 520 4 3 1 0 0 
48382 299 303 75 2 234 62 1 112 514 4 4 2 6 0 
48357 302 310 72 2 249 67 3 112 515 7 1 2 1 0 
48436 250 276 68 0 244 71 1 135 511 3 0 4 1 0 
48350 276 315 86 3 253 70 2 107 528 4 1 1 4 0 
48346 291 326 81 1 226 52 4 117 549 3 1 3 0 0 
48378 281 283 75 6 217 79 3 112 556 2 4 3 1 0 
48423 286 282 80 4 235 70 0 107 504 2 0 3 4 0 
48397 287 262 86 6 255 63 1 95 543 1 1 1 2 0 
48416 280 318 75 1 249 67 1 103 475 3 2 6 4 0 
48321 307 296 70 3 250 68 2 114 557 3 4 4 1 0 
48403 250 296 77 2 257 70 2 132 496 4 3 4 3 1 
48352 291 308 70 0 260 64 1 115 534 2 0 2 1 0 
48362 302 310 78 1 245 55 1 121 520 2 1 1 1 0 
48432 279 278 67 0 250 64 3 99 510 7 3 5 3 0 
48393 266 280 92 2 271 64 2 92 529 0 1 6 2 0 
48450 255 297 65 1 232 71 1 110 510 0 5 2 1 0 
48381 268 323 91 3 248 74 0 90 517 2 1 0 2 0 
48362 279 275 87 0 254 57 2 103 570 4 0 3 4 0 
48392 276 296 71 1 254 70 1 126 504 2 1 3 3 0 
48349 258 327 73 1 241 68 1 119 554 3 0 3 3 0 
48414 281 286 75 2 230 74 0 105 521 5 2 5 0 0 
48440 272 269 81 1 212 60 3 107 541 3 4 3 4 0 
48392 298 306 67 2 258 53 2 94 514 2 2 5 5 0 
48381 269 297 84 2 267 72 0 96 518 6 0 5 3 0 
48303 273 335 60 1 274 68 1 117 551 8 1 1 7 0 
48310 284 304 76 1 252 72 1 118 571 2 2 1 5 1 
48391 258 286 84 1 243 55 2 103 570 1 1 3 2 0 
48371 285 292 76 1 231 73 1 128 536 1 2 3 0 0 
48371 281 324 62 2 248 58 4 97 542 2 1 5 3 0 
48448 276 294 79 1 232 64 2 112 482 4 3 0 3 0 
48400 264 295 79 5 229 63 3 125 528 4 2 2 1 0 
48407 294 293 74 1 216 78 2 114 512 2 1 2 4 0 
48266 282 313 87 1 251 77 1 140 566 4 1 9 2 0 
48415 271 256 74 4 247 63 1 122 539 3 2 1 2 0 
48414 263 301 67 0 227 58 1 105 551 4 2 5 2 0 
48342 297 316 80 2 225 65 0 135 527 4 3 1 3 0 
48340 273 322 75 1 261 67 0 113 531 5 3 5 4 0 
48431 265 296 66 3 227 68 3 110 523 1 2 0 5 0 
48425 288 274 68 0 236 70 0 104 525 2 0 6 2 0 
48464 261 263 75 2 220 68 1 121 513 2 2 4 4 0 
48324 290 288 89 2 223 73 0 121 573 6 3 3 5 0 
48352 297 311 84 2 227 68 1 96 553 2 0 4 3 0 
48439 267 255 84 1 250 50 0 100 548 3 0 3 0 0 
48379 281 289 90 1 226 62 0 121 538 6 3 1 3 0 
48374 264 287 78 3 253 74 1 110 544 2 1 3 6 0 
48348 285 298 79 0 239 66 1 115 558 3 1 3 4 0 
48353 263 303 82 1 220 72 1 122 574 3 2 3 1 0 
48347 319 269 82 0 261 74 1 112 524 4 4 1 2 0 
48419 279 284 77 1 250 71 1 103 508 1 0 4 2 0 
48371 284 272 78 1 261 68 2 115 540 0 2 3 3 0 
48333 319 285 76 1 253 74 1 124 527 3 1 2 1 0 
48348 301 297 70 1 257 65 1 123 525 4 1 4 3 0 
48307 299 295 93 0 273 70 0 105 546 3 1 3 5 0 
48394 288 292 77 2 248 58 2 98 525 2 2 6 6 0 
48415 283 298 90 3 246 60 1 111 485 2 2 3 1 0 
48332 298 299 70 1 240 75 1 113 566 2 0 1 2 0 
48414 275 276 75 2 232 56 2 122 534 4 4 3 1 0 
48407 290 286 79 1 255 58 0 113 504 0 2 2 3 0 
48305 317 318 78 2 254 83 0 109 523 2 2 2 5 0 
48367 267 281 78 2 256 71 3 121 543 1 5 3 2 0 
48390 284 280 76 3 250 63 1 112 532 2 1 4 2 0 
48426 280 285 82 3 245 68 0 104 497 3 2 3 2 0 
48389 286 307 73 3 266 68 1 93 504 2 3 2 3 0 
48388 284 262 70 1 256 67 2 109 554 3 1 3 0 0 
48355 273 315 72 2 248 67 0 127 533 3 1 1 3 0 
48380 298 271 87 1 267 60 1 103 525 2 1 3 1 0 
48468 257 284 69 1 223 58 3 115 510 2 3 3 4 0 
48416 292 265 98 0 234 62 1 121 500 3 1 6 1 0 
48366 268 315 65 0 255 73 1 95 550 7 1 2 2 0 
48398 251 302 73 0 240 68 2 125 532 2 0 5 2 0 
48350 308 285 77 2 246 55 0 108 555 6 1 3 4 0 
48402 271 303 75 5 237 68 0 105 527 1 3 1 2 0 
48367 266 283 91 2 254 77 0 126 528 0 0 3 3 0 
48385 271 315 66 2 245 66 2 96 542 5 1 1 3 0 
48418 282 271 44 1 227 63 1 114 564 5 1 6 3 0 
48412 257 306 77 1 257 67 1 113 506 1 0 1 1 0 
48386 284 290 83 2 254 56 2 97 537 5 0 1 3 0 
48354 281 284 87 1 233 69 3 131 546 5 3 2 1 0 
48389 275 309 98 3 217 70 0 113 515 6 0 2 3 0 
48368 289 283 91 0 265 60 2 125 507 2 0 3 5 0 
48343 299 302 68 2 258 58 3 128 529 4 0 3 3 0 
48345 291 316 84 1 217 77 3 114 538 7 2 1 4 0 
48390 306 284 68 4 242 55 3 97 542 4 0 3 2 0 
48328 296 292 83 1 230 83 1 120 554 6 4 1 1 0 
48287 291 302 87 2 274 66 2 114 570 0 1 3 1 0 
48354 290 289 73 1 281 80 1 109 510 4 5 2 1 0 
48404 285 300 84 2 223 70 1 105 519 1 0 4 2 0 
48366 300 285 64 3 249 72 1 117 534 3 1 4 1 0 
48361 265 310 82 0 241 60 1 112 560 2 1 3 1 1 
48268 291 309 99 2 261 62 0 118 575 1 4 5 5 0 
48361 263 320 69 0 267 67 1 113 531 2 2 3 1 0 
48393 274 295 73 2 244 64 4 111 531 2 2 4 1 0 
48346 310 302 96 1 233 61 2 108 531 4 1 3 2 0 
48388 263 284 75 1 269 69 1 119 523 2 1 4 1 0 
48404 278 262 69 0 255 67 0 106 550 0 5 3 1 0 
48446 276 288 67 1 244 53 2 97 516 3 0 4 3 0 
48361 296 329 81 3 248 64 0 111 500 3 1 1 2 0 
48385 294 292 73 3 230 70 1 99 543 3 1 6 0 0 
48402 249 288 66 2 261 56 0 123 545 1 2 3 2 0 
48326 304 306 86 1 242 65 3 100 553 6 1 6 1 0 
48361 295 295 74 3 261 76 1 100 527 1 2 2 2 0 
48312 278 298 77 1 269 76 1 117 556 3 1 6 5 0 
48400 286 314 57 2 231 62 1 108 529 4 3 1 2 0 
48339 290 320 90 1 266 64 1 105 510 7 4 3 0 0 
48435 265 288 73 1 246 69 1 95 520 2 2 1 2 0 
48430 298 284 65 2 243 42 3 116 511 1 0 2 3 0 
48399 289 289 80 0 229 67 1 108 523 7 1 4 3 0 
48359 263 296 88 1 248 62 1 124 545 2 5 2 4 0 
48437 274 297 80 3 247 63 1 104 481 1 3 8 1 0 
48349 287 295 85 0 232 58 0 132 552 3 1 3 2 1 
48390 285 267 75 0 250 67 2 111 536 5 1 6 5 0 
48447 250 273 90 2 231 57 1 117 518 4 2 4 4 0 
48311 296 289 62 0 268 63 3 118 578 4 2 3 3 0 
48342 275 330 92 1 229 71 1 95 551 6 0 5 2 0 
48383 282 316 71 1 224 57 2 112 534 8 2 5 3 0 
48403 267 287 73 2 251 65 0 112 527 4 1 2 6 0 
48412 240 304 73 2 218 71 2 112 551 6 2 4 3 0 
48353 298 312 70 1 244 60 3 127 521 0 4 6 1 0 
48335 270 296 75 2 254 74 1 117 562 6 2 1 5 0 
48419 266 280 69 0 249 53 1 108 543 5 2 3 2 0 
48383 279 301 74 1 232 58 0 100 560 4 0 5 3 0 
48336 266 323 74 1 259 62 0 121 552 3 0 1 2 0 
48363 281 306 82 0 267 59 1 110 520 3 2 3 3 0 
48356 276 308 75 2 254 65 3 101 551 5 0 3 1 0 
48450 276 274 70 0 254 74 2 99 488 4 2 3 4 0 
48260 295 299 98 0 258 80 1 135 557 5 2 4 6 0 
48370 266 287 76 2 246 66 0 123 556 4 2 1 1 0 
48410 294 282 73 7 246 63 1 110 506 3 1 0 4 0 
48362 282 286 86 1 276 66 1 100 530 3 1 4 2 0 
48356 303 281 69 2 247 67 2 105 561 0 2 2 3 0 
48410 277 292 68 2 239 72 0 118 513 2 3 3 1 0 
48423 290 273 83 6 230 54 1 109 515 1 4 5 6 0 
48363 288 306 86 4 236 89 1 131 484 5 3 3 1 0 
48492 252 260 78 0 236 66 1 113 492 2 3 5 0 0 
48324 276 315 71 1 249 79 0 128 552 1 2 0 2 0 
48409 268 309 81 2 242 66 2 105 507 1 3 3 2 0 
48436 286 275 73 3 242 64 3 114 494 2 4 1 3 0 
48374 293 282 65 1 250 67 0 120 533 2 2 4 7 0 
48418 260 255 66 5 276 56 2 104 547 0 1 5 5 0 
48418 266 303 78 0 246 69 2 101 504 4 4 3 2 0 
48347 264 318 79 2 241 68 1 117 557 3 0 1 2 0 
48324 291 288 76 4 251 55 1 128 568 2 6 2 3 1 
48313 304 292 91 2 278 56 2 109 543 2 2 3 3 0 
48329 291 315 73 0 235 76 0 119 550 2 2 4 4 0 
48384 270 288 69 2 279 63 2 118 512 4 2 3 4 0 
48420 264 292 76 3 238 60 1 95 539 4 2 6 0 0 
48449 235 288 80 2 245 58 3 111 514 5 3 4 3 0 
48425 279 305 70 2 231 63 1 117 493 6 1 4 3 0 
48427 260 261 79 3 250 59 0 104 542 2 3 5 5 0 
48377 257 269 75 0 255 70 0 127 563 1 3 1 2 0 
48366 287 273 75 3 278 60 0 109 537 2 5 2 3 0 
48343 293 305 90 2 253 60 3 111 532 0 2 3 3 0 
48381 274 304 66 4 250 60 1 120 533 3 1 2 1 0 
48373 290 305 71 5 238 64 2 127 516 1 2 4 2 0 
48433 276 257 67 1 225 64 1 136 528 4 3 1 4 0 
48322 299 296 88 2 230 59 3 122 565 4 3 3 4 0 
48341 281 284 97 1 257 78 2 112 527 6 5 5 4 0 
48362 304 270 89 3 272 59 2 123 507 2 0 1 5 1 
48283 316 321 94 2 280 70 1 110 514 3 2 3 1 0 
48399 286 296 69 3 244 67 1 112 512 2 3 3 3 0 
48336 291 303 78 2 235 68 3 127 547 3 1 1 5 0 
48358 280 266 66 0 258 61 3 131 569 2 2 3 1 0 
48357 272 277 96 0 242 75 1 125 543 5 2 2 3 0 
48369 281 299 76 3 263 67 0 117 513 3 4 5 0 0 
48346 283 291 85 0 276 66 0 113 530 1 2 3 4 0 
48354 275 322 71 3 270 82 0 92 515 2 5 4 5 0 
48354 305 291 70 0 253 58 1 118 545 1 2 1 1 0 
48381 269 301 82 0 242 62 2 132 519 3 3 1 3 0 
48387 277 292 85 2 248 70 1 101 528 2 3 1 3 0 
48360 288 317 85 3 240 69 4 117 507 4 0 4 2 0 
48420 251 270 80 1 239 85 1 109 535 7 1 1 0 0 
48402 273 304 80 1 258 54 1 107 513 2 1 1 3 0 
48320 280 309 77 2 256 74 2 127 545 4 0 2 2 0 
48369 309 278 69 1 242 52 0 109 557 6 1 5 2 0 
48382 298 290 76 1 276 69 0 109 490 1 1 3 4 0 
48414 276 279 81 1 245 56 2 108 531 3 0 1 3 0 
48447 259 261 58 2 250 74 3 105 534 4 3 0 0 0 
48373 254 309 88 0 265 67 0 116 518 2 3 3 2 0 
48435 264 276 82 0 246 81 2 115 488 4 1 4 2 0 
48403 280 280 74 2 257 52 2 115 520 7 1 5 2 0 
48350 275 318 75 1 243 68 0 125 536 4 1 2 2 0 
48330 270 300 86 3 250 60 5 130 560 4 1 0 1 0 
48373 249 318 76 3 259 63 2 105 538 4 2 4 4 0 
48398 278 292 73 3 235 61 3 90 557 0 3 3 4 0 
48339 305 308 70 0 256 79 1 110 524 0 2 2 4 0 
48388 277 307 75 4 233 64 1 86 553 5 1 6 0 0 
48388 281 324 84 1 214 60 0 107 534 4 1 2 0 0 
48415 270 299 66 0 247 72 0 125 494 2 2 4 4 0 
48499 236 270 70 2 258 63 2 96 495 4 1 2 2 0 
48370 286 288 81 1 253 65 1 111 532 5 2 4 1 0 
48330 305 288 72 3 264 76 2 124 528 2 2 3 1 0 
48337 309 288 81 2 277 66 2 117 507 6 2 2 4 0 
48433 255 278 73 1 254 83 2 115 499 3 1 2 1 0 
48338 297 306 77 0 256 64 2 134 517 1 3 4 1 0 
48380 296 293 95 5 244 58 1 118 500 1 4 2 3 0 
48331 298 296 75 1 274 69 2 116 522 3 3 6 4 0 
48366 295 273 72 3 266 78 2 111 525 3 2 3 1 0 
48348 290 281 82 3 256 64 3 98 560 6 2 3 4 0 
48358 285 342 72 1 240 55 1 111 524 2 3 1 5 0 
48385 294 286 68 1 263 57 3 113 524 3 0 3 0 0 
48374 277 306 71 0 231 66 2 106 559 3 1 1 3 0 
48439 273 276 77 6 257 54 1 108 499 1 3 4 2 0 
48311 301 303 69 1 270 65 3 97 566 5 4 4 1 0 
48360 256 324 73 1 257 68 3 133 513 3 1 2 6 0 
48442 282 282 63 1 216 50 1 110 545 4 0 3 1 0 
48315 287 294 82 2 240 67 3 131 575 1 0 0 3 0 
48400 260 295 93 0 254 56 1 104 533 2 0 1 1 0 
48392 275 263 84 3 243 73 1 110 549 5 1 0 1 0 
48379 293 304 81 2 257 58 2 113 504 4 1 1 1 0 
48372 269 330 70 3 233 69 5 113 528 3 2 1 2 0 
48332 291 298 85 3 257 65 2 111 541 3 4 1 7 0 
48434 282 272 79 2 231 54 2 128 503 5 2 5 1 0 
48423 254 295 78 1 269 58 0 107 504 4 4 2 1 0 
48298 243 347 83 2 246 70 2 111 585 7 2 2 2 0 
48410 284 286 69 0 258 70 4 104 504 5 3 2 1 0 
48426 270 304 82 2 236 64 0 96 514 0 2 2 2 0 
48419 269 310 77 1 238 56 4 109 509 2 2 1 3 0 
48351 269 298 54 3 272 86 1 105 551 5 0 2 3 0 
48403 283 283 97 2 207 57 0 122 540 3 0 2 1 0 
48398 258 291 81 2 281 57 2 117 503 3 4 2 1 0 
48396 279 298 68 2 244 53 1 113 538 2 1 2 3 0 
48472 258 286 69 1 258 59 3 108 469 5 2 7 3 0 
48359 295 306 100 0 265 77 0 104 485 3 0 2 4 0 
48396 255 290 61 3 278 66 1 112 527 5 0 4 2 0 
48404 283 305 73 1 244 74 1 120 479 6 2 3 5 0 
48392 283 288 81 2 243 67 1 121 514 0 1 5 2 0 
48370 267 275 80 3 267 63 1 114 554 2 1 2 1 0 
48352 328 267 90 3 241 70 3 117 517 4 2 5 1 0 
48406 287 313 64 0 258 78 0 95 490 3 0 5 1 0 
48397 250 327 85 4 238 61 1 115 512 3 2 1 4 0 
48384 273 291 67 1 240 69 4 109 556 1 1 3 1 0 
48366 281 291 66 2 248 78 3 112 539 5 2 3 4 0 
48420 263 282 75 1 215 58 1 124 547 8 2 3 1 0 
48392 268 301 80 2 235 54 1 114 546 3 0 4 0 0 
48384 279 295 68 2 258 70 0 108 523 5 3 2 3 0 
48409 298 291 75 1 224 54 1 121 517 1 2 1 5 0 
48420 254 302 67 1 245 62 1 109 533 1 0 3 2 0 
48386 283 320 76 0 239 64 3 96 519 6 4 2 2 0 
48425 257 278 70 2 262 49 2 106 539 5 1 0 4 0 
48396 290 299 68 3 255 59 1 100 521 2 3 2 1 0 
48394 281 287 79 2 219 65 3 113 547 1 2 3 4 0 
48343 301 295 80 4 236 68 0 127 536 2 2 3 3 0 
48312 291 293 79 2 278 77 0 106 555 3 1 1 2 0 
48326 301 300 75 1 277 65 1 121 516 6 2 5 4 0 
48374 290 302 56 2 229 71 4 130 531 2 2 5 2 0 
48419 296 256 87 1 265 68 1 99 498 3 1 4 2 0 
48356 282 311 73 1 237 70 0 117 537 5 0 7 4 0 
48429 282 282 78 5 251 56 2 105 502 3 1 2 2 0 
48381 283 289 74 0 247 67 2 108 544 1 0 3 1 0 
48448 277 295 73 2 226 59 2 109 496 3 1 4 5 0 
48331 280 302 85 2 242 66 1 106 578 2 0 2 3 0 
48373 262 273 59 1 273 76 0 98 574 2 3 3 3 0 
48347 292 293 73 3 253 80 1 112 538 4 1 0 3 0 
48332 287 289 87 2 263 66 2 115 549 4 1 1 2 0 
48356 284 289 81 1 250 78 1 121 527 3 5 3 1 0 
48331 280 283 79 3 268 72 2 122 547 4 2 6 1 0 
48360 280 289 80 3 237 64 1 109 566 5 2 1 3 0 
48409 259 274 96 0 268 63 1 103 513 4 4 5 1 0 
48360 295 313 58 0 235 69 0 117 545 6 0 0 2 0 
48336 291 269 90 1 268 72 0 124 539 3 2 1 4 0 
48418 274 287 110 2 256 64 0 98 484 2 1 3 1 0 
48407 294 275 72 1 242 71 1 96 532 2 1 3 3 0 
48416 271 263 85 2 265 62 0 98 532 0 2 2 2 0 
48390 280 322 73 2 254 46 2 101 521 4 0 3 2 0 
48379 278 275 60 2 232 78 1 115 567 3 2 6 2 0 
48386 283 299 78 2 238 70 1 101 528 4 3 6 1 0 
48321 300 313 79 2 255 65 2 140 517 0 2 3 1 0 
48399 258 289 92 3 268 59 2 124 499 3 2 2 0 0 
48378 273 300 73 1 238 58 3 99 572 1 2 0 2 0 
48391 279 319 73 2 242 63 1 109 502 7 1 7 4 0 
48403 269 306 84 0 242 69 0 101 512 4 2 6 2 0 
48345 284 304 76 1 229 75 0 100 571 5 3 1 6 0 
48317 347 324 82 2 242 69 0 94 516 2 0 4 1 0 
48367 277 305 81 1 258 66 0 115 519 4 2 3 2 0 
48376 278 330 76 1 255 58 1 105 510 2 2 5 1 0 
48386 292 302 77 2 230 59 1 122 516 2 5 4 2 0 
48384 307 275 80 1 246 69 2 92 540 2 0 1 1 0 
48403 273 297 75 1 232 47 2 128 528 4 3 7 0 0 
48424 270 278 82 2 254 69 2 105 500 6 2 4 2 0 
48382 292 259 77 3 247 82 2 121 524 4 0 3 4 0 
48396 280 279 90 3 225 55 2 121 539 0 1 5 4 0 
48400 253 307 79 2 251 76 0 122 496 4 2 2 6 0 
48374 283 309 68 0 235 71 0 96 550 3 4 5 2 0 
48380 273 309 73 0 240 83 4 124 506 4 1 2 1 0 
48380 266 305 63 2 231 69 2 99 570 1 3 2 7 0 
48377 289 301 88 2 238 63 1 128 505 2 1 4 1 0 
48342 293 304 91 1 250 72 0 116 522 1 0 1 7 0 
48415 263 299 98 0 230 52 0 109 523 4 2 3 2 0 
48370 279 287 84 2 253 66 2 127 523 2 2 1 2 0 
48352 273 286 73 1 269 77 1 101 555 5 0 5 2 0 
48333 308 335 79 0 244 53 2 108 528 4 2 1 3 0 
48411 288 269 71 2 241 61 4 133 513 1 3 1 2 0 
48339 296 312 90 3 229 59 2 108 547 2 1 5 7 0 
48308 266 321 78 3 245 71 0 127 575 0 0 2 4 0 
48400 273 298 73 2 247 52 0 118 529 1 3 3 1 0 
48392 327 256 76 1 234 70 1 115 523 2 1 2 0 0 
48338 291 295 75 4 241 78 1 118 551 1 3 0 4 0 
48394 278 299 71 4 263 57 0 116 505 2 2 7 2 0 
48339 280 315 73 1 236 68 3 133 543 3 0 3 3 0 
48326 325 293 80 3 234 58 3 119 545 3 1 4 6 0 
48381 265 306 70 1 249 56 0 107 554 1 5 2 3 0 
48350 268 322 79 3 238 70 2 117 543 2 1 2 3 0 
48360 277 315 76 3 231 52 0 115 557 4 2 4 4 0 
48404 267 281 74 1 246 86 0 113 517 4 3 4 0 0 
48348 301 289 78 0 227 71 1 107 565 6 2 3 2 0 
48325 305 272 88 1 274 65 1 120 540 2 3 1 3 0 
48353 268 329 76 1 238 77 0 107 535 6 2 5 3 0 
48395 272 276 74 0 253 68 1 100 551 5 2 1 2 0 
48388 268 310 78 0 248 62 1 93 540 5 0 5 2 0 
48359 305 310 78 1 230 75 0 122 506 5 1 6 2 0 
48359 297 295 76 1 260 64 0 117 522 0 0 4 5 0 
48370 264 304 72 1 241 55 1 126 559 1 1 3 2 0 
48375 268 289 74 4 242 68 2 105 566 5 0 1 1 0 
48374 279 294 83 1 252 53 2 117 530 5 3 4 3 0 
48419 262 287 74 1 237 73 1 103 536 2 2 1 2 0 
48347 294 265 77 1 255 74 0 132 545 3 0 7 0 0 
48401 280 293 76 0 242 66 0 111 520 4 0 4 3 0 
