48366 344 234 86 1 264 60 2 107 522 6 2 1 5 0 
48336 353 270 89 3 238 67 1 104 532 5 0 0 2 0 
48343 351 202 87 4 245 55 1 124 579 6 0 1 2 0 
48386 364 227 95 0 240 54 2 85 539 4 0 2 2 0 
48325 382 215 79 4 239 74 1 96 571 5 3 3 3 0 
48406 370 232 74 3 239 66 1 114 485 5 1 2 2 0 
48261 411 255 62 3 258 68 1 116 553 4 4 2 2 0 
48321 370 238 91 1 276 62 0 99 531 3 0 1 7 0 
48342 343 248 93 2 250 62 1 93 559 2 0 0 5 0 
48375 364 202 86 0 277 64 2 90 535 2 1 0 2 0 
48295 400 253 74 0 273 67 1 108 514 9 4 0 2 0 
48341 399 214 90 0 232 63 1 111 539 6 3 0 1 0 
48262 387 218 93 2 265 65 2 115 575 6 3 6 1 0 
48295 356 242 84 1 247 54 1 103 609 5 1 0 2 0 
48315 362 246 94 1 244 50 2 121 552 4 1 5 3 0 
48280 376 252 79 2 262 65 4 102 568 5 0 3 2 0 
48407 351 233 80 4 262 55 1 113 487 2 2 0 3 0 
48370 352 234 91 4 239 55 2 101 549 0 2 1 0 0 
48336 397 231 82 1 242 68 0 128 509 2 2 1 1 0 
48374 401 220 70 0 228 66 2 116 507 7 3 2 4 0 
48344 366 250 105 1 254 53 2 103 511 5 1 2 3 0 
48262 411 226 79 1 268 63 3 114 564 3 1 2 3 0 
48353 354 237 87 1 252 66 0 99 542 6 1 0 2 0 
48318 387 214 89 3 250 70 1 102 559 3 0 2 2 0 
48273 406 228 79 4 262 68 2 130 538 2 1 4 3 0 
48401 351 221 81 1 264 72 2 104 493 3 3 3 1 0 
48316 407 227 77 1 264 66 0 112 518 7 1 1 3 0 
48322 386 230 68 3 276 76 1 106 523 5 1 2 1 0 
48267 413 242 88 1 246 78 2 121 532 6 0 1 3 0 
48261 399 261 94 0 243 56 2 116 560 3 1 4 0 0 
48307 390 233 80 2 239 73 1 93 571 8 0 0 2 1 
48390 374 244 75 0 224 64 5 87 518 4 3 3 9 0 
48344 367 229 84 0 240 69 2 96 555 7 1 2 4 0 
48358 372 226 79 1 253 83 3 125 488 5 1 4 2 0 
48326 393 260 80 1 269 60 2 91 507 5 3 2 1 0 
48401 377 220 86 4 216 68 2 97 512 8 3 5 1 0 
48288 393 235 87 2 241 71 3 109 564 2 1 3 1 0 
48341 369 232 87 2 224 67 2 114 553 4 1 4 0 0 
48269 387 242 91 3 243 71 1 114 565 10 0 2 2 0 
48292 402 239 82 0 233 76 4 97 567 3 0 2 3 0 
48264 388 264 79 3 276 65 2 109 540 6 0 3 1 0 
48278 405 200 100 4 262 64 1 105 570 6 0 3 2 0 
48369 365 227 89 1 245 60 2 98 530 4 3 2 5 0 
48277 391 240 101 1 263 68 1 122 527 4 3 2 0 0 
48278 385 246 73 3 275 79 1 103 540 8 2 2 5 0 
48363 382 223 85 1 258 58 1 98 519 2 0 5 5 0 
48335 388 233 76 1 242 65 3 126 512 11 1 2 5 0 
48324 372 252 84 3 251 59 3 103 534 5 2 3 5 0 
48310 401 211 79 1 297 66 1 112 515 1 3 2 1 0 
48336 380 253 82 3 260 61 1 94 517 6 0 2 5 0 
48398 374 237 96 0 235 57 4 118 470 7 2 1 1 0 
48297 358 234 90 0 277 57 2 102 572 1 1 4 5 0 
48372 377 221 103 0 255 69 2 109 480 2 2 2 6 0 
48297 397 229 80 0 256 69 3 113 543 6 1 4 2 0 
48334 406 222 76 3 255 65 1 99 527 6 2 0 4 0 
48368 375 230 74 2 264 62 0 106 511 5 0 1 2 0 
48331 354 233 86 0 248 70 1 114 555 2 1 3 2 0 
48307 380 251 95 1 271 78 1 115 494 2 0 2 3 0 
48372 369 248 83 3 251 69 2 116 478 5 0 1 3 0 
48393 346 213 81 1 250 74 1 99 537 2 2 1 0 0 
48329 376 229 83 0 259 61 2 115 535 6 1 0 4 0 
48299 407 235 79 0 254 62 1 96 557 4 1 2 3 0 
48308 412 219 98 4 255 71 2 101 523 2 3 2 0 0 
48336 362 224 77 3 246 62 3 110 560 3 2 5 7 0 
48311 402 232 102 4 233 65 4 114 523 3 0 3 4 0 
48351 403 217 91 0 250 59 1 98 522 2 0 2 4 0 
48388 368 238 89 1 232 52 2 99 517 3 1 6 4 0 
48354 398 207 83 2 262 63 2 107 511 2 2 4 3 0 
48324 423 245 76 4 248 67 2 115 490 2 0 1 3 0 
48326 390 233 77 2 262 54 1 113 533 4 1 1 3 0 
48316 384 233 84 0 268 69 3 104 530 2 0 3 4 0 
48304 409 257 83 2 243 74 1 108 509 3 3 1 3 0 
48354 365 236 78 4 219 68 0 108 560 0 1 5 2 0 
48274 401 243 96 3 241 64 4 95 569 4 1 1 4 0 
48354 405 227 76 0 234 72 1 108 513 7 0 2 1 0 
48332 386 246 68 1 265 53 2 105 525 3 2 5 7 0 
48304 393 240 91 0 253 72 1 101 540 3 1 1 0 0 
48308 370 261 75 0 251 68 6 103 549 3 2 2 2 0 
48381 388 235 66 0 238 58 0 101 525 1 1 3 3 0 
48321 376 241 66 1 260 67 4 92 568 0 1 2 1 0 
48286 409 267 92 3 244 54 0 89 543 3 1 4 5 0 
48283 389 215 97 2 254 79 2 108 561 3 1 4 2 0 
48320 374 198 99 3 263 65 2 105 560 6 0 2 3 0 
48294 434 220 94 0 220 51 1 98 579 4 1 1 3 0 
48308 401 244 88 2 247 71 2 113 514 4 0 2 4 0 
48288 372 243 75 2 262 74 1 120 553 3 2 2 3 0 
48312 377 252 80 2 226 72 3 115 546 9 2 0 4 0 
48251 401 227 93 0 259 70 2 116 566 5 1 7 2 0 
48405 355 251 94 2 211 68 3 98 499 8 2 1 3 0 
48372 380 259 92 1 220 47 1 96 519 3 1 5 4 0 
48358 396 231 85 0 228 65 0 96 531 2 2 3 3 0 
48327 395 255 85 2 228 71 0 93 534 4 1 0 5 0 
48343 359 246 78 2 256 64 3 110 529 4 2 2 2 0 
48310 396 257 91 4 248 68 2 102 508 10 2 1 1 0 
48325 402 219 88 0 268 79 2 94 509 5 1 4 4 0 
48343 400 214 74 2 275 77 3 101 506 1 1 2 1 0 
48302 402 233 103 1 252 62 0 117 512 8 0 3 5 0 
48300 399 242 71 3 255 63 1 130 524 3 4 4 1 0 
48459 351 233 71 1 236 62 0 107 471 2 1 3 3 0 
48357 376 244 86 2 238 59 4 89 532 2 1 6 4 0 
48318 407 269 89 3 217 59 1 110 511 7 1 5 3 0 
48441 402 206 77 1 235 55 0 101 472 7 0 1 2 0 
48316 391 226 80 4 258 67 2 86 562 5 2 1 0 0 
48308 394 228 64 2 244 69 0 117 561 6 3 2 2 0 
48330 409 238 85 1 245 62 4 100 513 5 2 5 1 0 
48355 362 222 82 2 243 77 3 110 532 4 1 4 3 0 
48279 397 230 97 1 248 55 2 100 582 6 0 2 1 0 
48333 370 234 87 0 252 62 2 120 526 3 3 6 2 0 
48328 357 242 72 1 285 67 2 110 524 7 1 3 1 0 
48322 366 231 90 2 255 73 1 106 545 5 1 2 1 0 
48283 390 228 77 3 262 77 1 117 548 8 3 2 1 0 
48372 341 268 90 2 248 61 3 95 513 6 1 0 0 0 
48311 373 237 82 0 275 71 7 103 531 2 2 0 6 0 
48307 409 229 68 0 284 59 2 115 517 4 3 1 2 0 
48373 370 237 94 1 268 56 4 111 474 4 3 3 2 0 
48341 383 231 73 5 266 66 2 107 513 3 2 1 7 0 
48355 381 245 93 1 232 68 2 114 497 4 1 5 2 0 
48314 396 245 88 2 225 54 4 112 550 4 0 2 4 0 
48372 368 249 91 1 254 57 1 113 482 5 2 2 3 0 
48313 389 251 75 0 249 63 2 100 546 2 2 1 7 0 
48300 394 273 76 1 265 69 2 109 500 1 5 3 2 0 
48338 359 255 86 2 259 65 1 87 531 9 0 3 5 0 
48356 372 228 75 1 239 76 0 103 537 6 0 2 5 0 
48352 388 238 92 1 252 71 3 105 491 3 2 1 1 0 
48373 360 227 77 2 252 64 1 94 540 4 1 2 3 0 
48376 314 229 75 2 260 53 2 114 569 2 2 0 2 0 
48309 395 228 81 2 261 70 1 111 534 1 0 3 4 0 
48363 375 229 88 0 262 55 2 111 504 5 2 2 2 0 
48361 390 245 81 0 242 50 1 113 501 7 3 5 1 0 
48237 413 235 94 1 272 55 2 122 554 5 5 3 1 1 
48382 375 242 78 2 240 54 1 96 521 5 0 1 3 0 
48400 404 224 74 1 230 62 3 97 496 8 0 0 1 0 
48377 364 225 87 2 241 73 2 107 512 6 2 1 1 0 
48328 393 225 100 4 252 56 0 111 522 4 2 2 1 0 
48306 405 267 82 0 228 66 1 100 538 2 1 3 1 0 
48252 371 232 105 4 238 73 3 117 593 7 1 1 3 0 
48326 393 247 92 2 246 80 2 87 518 2 1 2 2 0 
48349 364 230 82 1 256 64 3 101 537 5 1 3 4 0 
48255 398 249 93 2 261 62 0 101 569 2 0 3 5 0 
48332 409 205 93 2 258 48 0 105 535 6 4 2 1 0 
48317 391 229 80 3 249 57 4 111 544 8 1 4 2 0 
48275 374 258 73 0 268 74 2 116 545 4 2 7 2 0 
48378 368 242 94 1 224 60 0 104 516 5 2 4 2 0 
48326 407 235 81 2 264 50 2 96 532 2 3 0 0 0 
48337 396 240 87 5 241 52 0 89 543 3 1 2 4 0 
48361 379 216 87 1 255 71 2 102 520 3 0 2 1 0 
48266 416 241 82 1 261 64 3 101 552 5 3 3 2 0 
48401 385 221 86 0 220 62 3 104 510 3 0 5 0 0 
48316 411 257 78 1 246 69 5 104 502 7 2 2 0 0 
48362 362 232 82 1 266 57 2 116 509 4 2 2 3 0 
48340 362 214 109 1 247 78 0 99 535 5 2 3 5 0 
48403 371 215 73 2 239 69 3 100 517 1 2 3 2 0 
48283 384 256 84 2 261 78 2 120 524 1 1 3 1 0 
48347 381 229 74 3 237 59 1 115 542 5 1 3 3 0 
48262 369 235 90 1 248 73 0 121 591 5 1 3 1 0 
48276 391 249 77 1 266 63 0 120 543 5 1 3 5 0 
48342 393 251 90 3 242 63 1 95 511 3 2 2 2 0 
48309 391 238 90 1 236 69 4 96 552 4 3 3 4 0 
48293 421 205 84 2 266 66 0 113 537 7 0 4 2 0 
48299 372 255 103 3 260 64 2 116 518 4 1 2 1 0 
48334 383 229 105 4 237 65 0 96 537 3 2 2 3 0 
48344 331 232 92 2 265 55 2 110 551 7 1 3 5 0 
48277 384 216 90 5 249 75 1 128 565 5 1 3 1 0 
48271 363 277 80 1 276 75 0 108 537 5 1 0 6 0 
48339 394 248 74 0 249 75 1 92 514 2 3 5 4 0 
48307 358 235 76 1 252 68 1 122 562 6 2 5 5 0 
48371 373 246 84 4 256 61 1 104 492 4 1 2 1 0 
48336 350 242 87 2 262 74 1 87 546 6 2 3 2 0 
48320 386 230 81 3 257 58 2 93 559 4 2 3 2 0 
48315 394 239 68 3 280 67 2 105 514 5 2 1 5 0 
48389 394 223 87 0 226 53 3 102 511 6 2 2 2 0 
48335 396 231 75 3 247 66 2 105 528 4 2 1 5 0 
48305 364 253 101 2 246 73 2 106 541 3 2 1 1 0 
48373 377 237 75 4 270 55 1 98 502 3 2 1 2 0 
48383 350 241 74 3 253 49 2 112 518 4 4 1 6 0 
48391 378 257 61 2 214 55 0 115 520 2 0 2 3 0 
48336 367 227 80 0 246 69 3 122 540 3 2 2 3 0 
48317 399 256 86 1 238 71 6 96 515 7 1 2 5 0 
48342 353 252 84 1 265 65 1 123 506 2 0 3 3 0 
48341 377 244 88 1 232 65 3 115 521 4 3 3 3 0 
48283 385 251 85 0 247 69 5 113 550 4 1 4 3 0 
48338 383 238 77 1 275 53 2 113 512 3 0 5 0 0 
48322 361 253 93 3 258 75 2 113 505 9 1 4 1 0 
48359 375 251 77 3 257 63 2 109 493 3 0 3 5 0 
48369 364 234 79 3 231 56 1 107 549 4 0 1 2 0 
48351 381 236 76 1 261 70 2 113 501 4 2 1 1 0 
48384 367 237 86 4 261 62 2 94 489 5 3 2 4 0 
48253 417 255 80 5 273 65 0 110 531 7 0 1 3 0 
48268 396 230 93 1 280 66 5 109 544 2 1 2 3 0 
48367 383 225 78 0 264 47 2 109 513 6 0 3 3 0 
48382 367 211 81 1 260 55 1 116 516 4 0 1 5 0 
48257 391 256 76 1 270 64 1 121 549 3 1 5 5 0 
48288 377 223 65 0 282 67 1 100 585 6 2 3 1 0 
48365 392 224 80 2 248 68 2 111 502 3 1 2 0 0 
48281 413 249 87 2 255 66 3 108 526 2 4 1 3 0 
48314 378 223 82 0 249 63 0 102 574 5 2 4 4 0 
48316 381 257 89 0 253 69 1 122 498 2 3 4 5 0 
48375 402 222 72 1 227 62 5 113 517 1 1 2 0 0 
48320 365 238 99 3 288 68 3 112 495 3 2 3 1 0 
48326 377 219 86 2 276 62 3 109 532 2 2 2 2 0 
48316 368 243 82 0 275 54 2 120 534 2 2 1 1 0 
48390 395 224 76 2 226 61 2 100 517 1 1 3 2 0 
48403 363 215 90 2 224 58 2 126 510 0 1 2 4 0 
48319 383 237 86 1 264 61 2 109 531 3 1 1 2 0 
48303 381 239 86 5 257 58 3 110 551 4 2 0 1 0 
48384 351 234 92 2 247 51 0 105 527 4 1 2 0 0 
48358 413 214 77 4 243 51 3 108 520 2 3 1 3 0 
48308 391 249 69 0 254 55 0 112 552 6 0 3 1 0 
48307 371 234 80 0 257 60 4 101 579 6 0 1 0 0 
48305 378 237 72 2 272 57 2 106 557 6 2 2 2 0 
48339 409 188 76 3 261 69 0 111 535 3 1 4 1 0 
48282 392 238 77 3 298 62 1 118 520 2 2 4 1 0 
48364 384 254 65 3 265 65 1 100 494 1 2 2 0 0 
48322 380 244 93 2 231 58 2 120 535 5 0 3 5 0 
48335 360 248 88 3 247 77 1 110 517 4 0 5 5 0 
48346 388 245 77 2 238 53 4 114 519 2 2 4 6 0 
48303 411 233 76 0 244 66 1 105 554 2 2 0 3 0 
48305 363 227 89 1 296 70 2 88 542 8 2 2 5 0 
48311 410 234 78 3 262 54 4 105 528 2 1 3 5 0 
48274 381 251 74 1 279 70 1 136 523 6 0 1 3 0 
48320 379 206 87 2 262 71 2 104 552 5 2 4 4 0 
48288 371 214 81 2 284 60 2 107 577 2 3 6 3 0 
48330 381 256 65 1 273 63 0 96 529 1 1 2 2 0 
48349 374 246 69 2 256 52 2 114 525 6 0 5 0 0 
48360 375 250 89 1 250 55 4 93 513 4 0 4 2 0 
48371 378 234 65 2 253 68 1 116 503 3 1 2 3 0 
48344 340 228 68 1 243 67 4 136 552 11 1 2 3 0 
48339 377 216 104 1 230 59 3 119 547 2 1 1 1 0 
48362 389 228 84 2 233 65 0 106 518 1 4 4 4 0 
48360 374 254 81 2 237 58 1 94 532 2 3 0 2 0 
48365 374 211 73 0 239 64 6 109 553 2 1 2 1 0 
48301 406 248 82 3 256 48 2 96 550 2 0 1 5 0 
48239 433 267 68 0 250 80 1 100 551 4 3 2 2 0 
48336 418 222 85 2 244 56 3 99 529 1 0 1 4 0 
48320 385 221 81 0 259 72 0 112 541 4 0 3 2 0 
48328 361 245 75 2 242 70 0 127 544 3 0 1 2 0 
48356 372 234 75 1 242 67 2 94 545 8 1 1 2 0 
48279 398 242 87 1 260 61 1 126 527 8 4 2 4 0 
48303 379 240 76 2 264 63 1 108 557 1 1 2 3 0 
48334 357 245 103 3 242 65 2 116 523 3 1 2 4 0 
48390 383 223 73 1 213 77 2 110 519 4 2 1 2 0 
48314 391 261 78 3 247 67 0 103 528 3 2 2 1 0 
48391 368 220 77 1 236 77 1 95 521 6 2 3 2 0 
48360 347 242 78 0 255 43 1 103 563 1 1 4 2 0 
48354 380 228 94 0 248 54 5 124 503 2 1 3 4 0 
48292 358 250 90 1 276 67 1 93 561 5 2 2 2 0 
48327 391 232 84 2 232 64 2 123 536 3 3 1 0 0 
48287 394 263 81 2 242 92 1 106 522 4 1 0 5 0 
48340 359 249 80 0 233 72 3 124 529 6 1 1 3 0 
48326 378 242 84 0 261 63 1 107 531 1 2 3 1 0 
48342 345 245 79 1 264 60 1 109 548 2 1 1 2 0 
48295 363 233 84 1 255 64 0 128 566 6 1 3 1 0 
48343 366 221 97 0 252 67 0 98 548 1 1 2 4 0 
48356 359 244 84 3 253 62 1 105 518 7 5 1 2 0 
48383 373 235 75 4 243 77 1 91 509 4 2 2 1 0 
48339 386 236 82 1 283 50 1 86 522 8 0 3 3 0 
48293 417 239 72 1 259 80 0 111 525 1 0 2 0 0 
48365 367 227 81 2 251 57 2 114 524 3 1 3 3 0 
48306 414 225 81 1 285 73 2 108 497 2 2 3 1 0 
48369 395 255 69 0 229 62 2 118 495 4 1 0 1 0 
48319 390 228 82 2 245 62 1 129 534 4 1 1 2 0 
48401 395 234 75 3 237 57 4 87 490 4 1 5 7 0 
48349 379 226 76 2 264 63 0 109 524 3 1 2 2 0 
48338 357 233 91 0 269 53 0 91 557 3 1 4 3 0 
48311 364 233 78 2 281 64 1 116 535 6 4 4 1 0 
48256 404 237 88 1 238 72 2 98 591 7 1 3 2 0 
48356 375 244 92 1 247 67 3 80 522 5 3 1 4 0 
48338 407 241 72 3 216 58 2 109 534 9 1 7 3 0 
48296 366 226 92 2 267 72 6 101 564 4 2 1 1 0 
48266 395 280 97 3 255 53 1 98 537 7 0 5 3 0 
48330 400 234 85 2 244 57 0 91 549 4 1 1 2 0 
48332 366 254 89 1 248 63 3 110 527 3 0 2 2 0 
48300 362 250 72 3 255 62 2 104 581 3 1 3 2 0 
48333 366 238 93 4 261 74 1 111 504 8 2 3 2 0 
48306 390 259 78 1 229 68 0 114 548 3 1 0 3 0 
48311 369 233 68 1 265 59 2 123 556 6 1 2 4 0 
48347 367 246 76 2 254 48 0 92 557 1 2 2 6 0 
48319 399 238 86 1 232 75 2 102 537 2 1 1 5 0 
48319 411 222 74 0 225 63 4 116 550 8 0 5 3 0 
48360 379 241 73 1 233 55 6 123 519 6 1 1 2 0 
48386 343 244 64 2 232 73 1 95 551 3 0 5 1 0 
48345 375 220 64 2 279 67 1 98 546 2 0 1 0 0 
48368 365 233 106 2 236 68 2 109 502 2 1 5 1 0 
48235 417 264 98 2 255 68 3 106 537 3 5 3 4 0 
48298 398 244 100 1 236 61 3 114 538 1 0 3 3 0 
48347 388 245 89 2 251 64 1 94 510 4 1 1 3 0 
48305 377 265 86 4 269 48 0 90 541 7 3 2 3 0 
48300 364 224 98 1 275 72 3 95 556 4 3 0 5 0 
48362 376 241 85 1 252 60 2 113 497 0 2 2 7 0 
48325 392 261 78 1 265 59 3 101 507 6 0 1 1 0 
48339 381 231 68 2 270 55 2 93 547 7 2 2 1 0 
48358 336 220 82 1 271 74 2 109 539 2 1 2 3 0 
48344 380 230 82 0 269 57 1 117 504 7 2 5 2 0 
48370 344 241 79 2 247 49 4 113 532 6 4 4 5 0 
48312 390 236 84 0 258 68 2 105 527 7 1 2 8 0 
48306 419 211 89 2 246 65 1 99 553 4 2 2 1 0 
48306 425 240 78 2 232 60 3 91 557 3 0 0 3 0 
48312 407 237 77 2 263 67 2 115 511 2 0 3 2 0 
48288 362 264 87 2 246 69 1 100 566 8 0 3 4 0 
48320 417 202 81 0 235 60 1 108 562 3 2 2 7 0 
48329 393 231 84 3 252 68 2 111 519 3 0 3 2 0 
48322 349 244 93 1 252 62 4 122 548 0 2 1 0 0 
48297 433 240 85 2 257 60 2 112 501 4 0 4 3 0 
48327 372 219 88 5 249 52 3 98 577 1 2 4 3 0 
48405 350 235 70 1 253 71 2 90 509 8 1 2 3 0 
48309 382 235 75 2 273 59 2 102 549 5 1 2 4 0 
48301 415 237 107 1 252 67 3 100 502 6 0 3 6 0 
48318 359 235 91 1 264 63 1 115 537 4 1 6 5 0 
48383 353 202 84 2 280 74 1 111 502 4 2 1 1 0 
48310 393 235 78 3 262 69 3 117 522 5 1 1 1 0 
48345 371 240 86 1 236 65 1 104 538 5 1 4 3 0 
48312 395 272 90 2 265 57 1 103 493 5 1 2 2 0 
48285 396 233 83 0 266 76 2 109 542 3 0 3 2 0 
48301 378 224 88 4 248 76 2 103 564 4 0 4 4 0 
48341 372 225 82 5 271 70 0 90 534 2 1 2 5 0 
48377 354 224 81 3 209 63 1 105 577 1 1 2 2 0 
48372 385 237 73 1 250 59 3 101 510 4 0 3 2 0 
48340 377 220 69 1 250 73 1 96 559 8 2 3 1 0 
48336 371 225 82 5 236 67 2 105 560 4 0 3 4 0 
48339 376 230 93 0 254 60 2 124 510 3 2 1 6 0 
48307 382 250 89 1 252 57 4 102 543 6 1 4 2 0 
48343 349 212 78 1 295 58 1 112 543 3 1 2 2 0 
48327 400 246 91 1 231 68 2 106 518 4 1 4 1 0 
48305 378 222 86 1 257 76 2 100 563 5 2 3 0 0 
48284 379 251 75 3 259 68 0 106 563 6 2 1 3 0 
48321 390 234 81 2 254 67 3 119 518 3 2 2 4 0 
48281 398 282 69 1 239 68 5 108 543 1 0 2 3 0 
48330 353 235 104 5 265 81 1 108 504 7 0 6 1 0 
48363 361 225 91 0 257 76 0 109 510 4 1 2 1 0 
48380 375 245 80 4 229 66 2 93 512 6 3 2 3 0 
48339 374 253 101 2 249 53 0 113 505 5 1 5 0 0 
48316 363 246 78 1 256 64 1 101 562 5 2 2 3 0 
48310 390 232 62 2 259 67 2 118 546 4 0 3 5 0 
48311 395 233 88 1 257 56 2 99 549 3 1 3 2 0 
48348 389 219 94 1 268 56 1 105 510 4 1 3 1 0 
48344 380 233 89 2 260 66 1 118 497 4 1 2 3 0 
48283 428 231 77 3 256 67 0 98 548 4 2 2 1 0 
48257 419 244 85 1 248 64 0 128 550 2 1 0 1 0 
48354 390 225 82 1 252 71 1 116 501 3 1 0 3 0 
48290 357 244 77 5 286 66 2 116 545 6 5 1 0 0 
48298 399 254 91 2 248 54 4 110 527 4 1 3 5 0 
48332 380 237 89 0 270 71 2 89 514 9 0 4 3 0 
48352 369 211 90 5 259 61 1 97 549 1 1 1 3 0 
48299 374 254 70 1 264 61 3 116 550 4 0 3 1 0 
48315 387 242 79 3 266 61 1 123 506 6 2 5 4 0 
48358 362 216 95 1 262 62 2 115 516 4 1 2 4 0 
48282 387 243 95 2 254 61 0 111 550 4 3 2 6 0 
48311 404 243 81 0 258 60 0 93 530 8 2 6 4 0 
48425 363 222 71 2 239 47 3 96 519 4 2 4 3 0 
48261 416 232 76 2 250 62 0 129 564 5 0 1 2 0 
48401 348 219 80 3 237 67 1 110 530 1 0 1 2 0 
48306 406 221 84 1 285 80 2 81 521 3 4 2 4 0 
48273 362 266 72 1 265 72 1 104 572 5 3 2 2 0 
48339 379 211 92 1 271 74 0 92 528 6 2 3 2 0 
48370 373 222 79 0 257 64 1 104 523 1 1 4 1 0 
48365 376 215 75 4 249 64 2 107 534 4 1 2 2 0 
48336 368 229 73 3 256 62 0 98 563 3 0 3 6 0 
48388 354 253 81 0 228 64 0 112 507 3 2 4 4 0 
48302 385 237 83 2 261 57 2 108 552 3 1 5 2 0 
48329 403 220 90 2 244 60 0 97 548 1 1 3 2 0 
48378 373 215 80 2 250 57 2 103 533 2 2 2 1 0 
48313 383 239 81 3 248 66 4 99 555 3 1 3 2 0 
48340 357 231 101 3 270 43 2 118 525 1 1 4 4 0 
48303 396 244 97 4 239 73 0 114 518 7 1 2 2 0 
48344 365 235 79 2 277 54 3 104 527 3 1 4 2 0 
48277 365 232 88 4 268 87 1 107 560 4 1 2 4 0 
48308 378 213 88 2 256 68 0 111 560 9 2 2 3 0 
48355 351 230 85 1 224 76 7 117 549 2 0 1 2 0 
48319 383 237 86 2 258 65 3 112 522 4 1 6 2 0 
48292 435 236 81 2 287 59 3 101 495 5 1 1 2 0 
48267 374 253 100 2 251 77 1 107 550 7 3 5 3 0 
48332 350 232 91 0 250 73 2 128 534 3 2 1 2 0 
48401 353 204 83 0 260 74 2 90 525 5 2 1 0 0 
48320 371 238 76 0 237 73 1 112 556 4 2 7 3 0 
48308 379 211 86 3 302 53 4 123 525 3 0 0 3 0 
48331 379 220 90 3 257 66 2 113 530 5 1 0 3 0 
48342 399 223 84 2 234 70 4 116 514 5 2 3 2 0 
48350 377 217 92 1 234 62 2 102 553 2 3 1 4 0 
48310 402 248 83 1 234 64 1 104 540 4 2 4 3 0 
48324 408 213 96 3 260 62 3 120 501 5 0 3 2 0 
48253 407 233 93 4 244 63 0 132 565 2 0 0 4 0 
48294 379 219 75 1 286 76 2 110 547 5 1 3 2 0 
48365 339 234 85 3 264 62 2 124 511 6 1 2 2 0 
48342 364 235 79 1 253 71 3 119 524 6 0 0 3 0 
48352 363 240 81 1 248 66 4 117 519 4 0 2 3 0 
48333 387 212 81 0 252 74 3 95 554 6 0 1 2 0 
48351 412 224 73 3 232 59 2 124 514 2 0 1 3 0 
48313 384 238 81 3 271 70 2 119 509 4 0 3 3 0 
48339 440 219 56 0 244 67 1 116 502 7 4 3 2 0 
48413 371 218 66 1 247 52 3 106 513 2 2 1 4 1 
48356 406 233 73 1 235 63 3 94 519 5 2 6 4 0 
48353 340 232 96 0 278 60 2 97 535 2 0 2 3 0 
48349 413 224 82 1 250 60 1 104 512 1 0 0 3 0 
48316 400 221 74 1 263 69 2 111 534 4 2 2 1 0 
48372 382 247 59 3 260 69 2 108 492 3 0 1 2 0 
48296 398 254 73 0 243 59 2 102 562 4 0 3 4 0 
48327 345 221 96 3 261 70 4 105 559 1 0 7 1 0 
48261 404 257 71 2 243 73 1 122 556 4 1 2 3 0 
48316 368 248 80 2 238 59 1 104 573 6 1 1 3 0 
48363 348 237 70 1 238 74 2 116 540 3 3 2 3 0 
48353 346 237 76 4 266 53 2 110 546 3 1 3 0 0 
48312 413 228 98 3 264 65 0 90 518 3 1 0 5 0 
48258 392 244 88 4 243 58 0 103 604 1 1 2 2 0 
48317 391 216 81 3 261 67 4 117 523 8 2 4 6 0 
48340 405 233 77 2 212 66 1 106 550 3 2 2 1 0 
48392 361 228 83 1 222 74 1 86 543 4 1 3 1 0 
48360 401 210 81 2 239 70 5 117 510 1 1 1 2 0 
48286 356 252 73 2 277 73 1 106 550 10 2 6 6 0 
48319 398 232 72 7 268 67 3 96 528 3 2 1 4 0 
48309 415 253 90 4 240 60 0 101 516 3 0 3 6 0 
48332 380 233 83 4 255 63 1 98 540 7 2 1 1 0 
48433 379 211 66 2 241 66 2 87 498 6 3 2 4 0 
48336 384 219 80 3 243 72 1 121 536 2 0 0 3 0 
48359 370 219 85 0 252 78 2 92 531 5 3 0 4 0 
48276 415 235 95 0 244 63 2 103 551 8 0 4 4 0 
48306 399 220 76 2 270 61 3 117 533 5 3 4 1 0 
48369 386 226 78 2 240 60 1 113 516 4 0 2 3 0 
48355 392 253 82 3 230 72 1 108 493 5 2 3 1 0 
48367 384 212 85 3 253 65 3 101 519 4 0 2 2 0 
48345 398 245 84 1 223 78 0 112 506 1 2 3 2 0 
48343 366 251 82 2 248 51 2 127 524 3 0 1 0 0 
48336 387 246 70 1 240 63 2 122 526 4 1 1 1 0 
48276 389 229 85 1 256 80 3 110 558 6 1 0 6 0 
48308 371 251 79 2 238 66 0 134 542 3 1 2 3 0 
48327 376 252 69 1 241 60 2 115 546 3 1 2 5 0 
48327 357 232 107 1 278 64 0 96 532 2 0 2 2 0 
48321 373 222 95 1 247 59 2 114 550 8 1 3 4 0 
48319 365 250 74 3 252 76 1 124 525 4 1 3 3 0 
48284 351 233 90 3 268 71 2 99 587 6 2 2 2 0 
48423 344 204 73 3 245 71 0 105 521 5 2 1 3 0 
48372 401 209 87 0 243 68 3 91 514 4 3 3 2 0 
48321 399 218 105 1 253 58 0 108 524 3 4 3 3 0 
48288 422 247 83 2 255 74 3 106 508 5 3 1 3 0 
48381 357 258 75 1 250 60 2 100 505 3 3 3 2 0 
48387 355 221 93 2 283 49 2 98 505 1 1 0 3 0 
48329 359 238 89 5 263 67 2 114 522 4 1 3 4 0 
48348 350 223 84 0 254 54 1 102 572 5 2 1 4 0 
48325 393 227 79 4 254 66 2 117 516 10 2 1 4 0 
48307 385 260 85 0 256 92 0 102 505 2 2 1 3 0 
48316 401 222 78 0 250 69 3 105 537 8 1 5 5 0 
48351 389 220 84 2 231 58 2 126 532 3 0 1 1 0 
48340 371 239 87 2 234 60 0 114 544 4 1 0 4 0 
48337 375 238 85 2 262 69 3 89 530 5 1 3 1 0 
48288 374 228 93 3 273 62 2 126 537 6 4 2 2 0 
48341 356 236 87 1 228 66 0 112 566 2 1 3 1 0 
48342 381 244 73 1 239 47 1 111 548 6 1 2 4 0 
48346 370 254 71 4 235 67 1 131 507 5 3 3 3 0 
48259 392 248 91 4 227 66 2 117 576 6 2 8 2 0 
48339 391 230 75 2 232 72 1 114 533 6 2 1 2 0 
48337 371 265 98 1 256 73 1 102 487 6 0 2 1 0 
48360 391 242 58 1 249 70 0 114 504 8 1 0 2 0 
48366 375 222 75 2 261 74 2 94 519 4 2 3 1 0 
48280 385 243 89 2 264 56 1 129 542 3 3 1 2 0 
48385 366 219 86 1 248 67 2 104 511 2 3 5 1 0 
48337 356 228 93 2 252 56 4 105 555 7 0 1 4 0 
48274 422 218 83 0 257 67 2 125 545 1 0 5 1 0 
48326 383 224 80 1 251 67 1 119 538 5 2 1 2 0 
48315 393 241 84 0 232 64 2 105 554 2 0 4 4 0 
48373 387 223 87 3 262 81 1 91 485 4 1 0 2 0 
48400 368 236 71 4 218 61 2 115 513 5 2 1 4 0 
48335 398 214 77 3 239 80 2 113 528 6 2 2 1 0 
48264 375 247 87 4 250 69 2 112 577 5 1 2 5 0 
48315 389 245 76 1 262 62 1 101 536 3 1 5 3 0 
48378 374 255 75 1 233 62 0 96 518 1 1 2 4 0 
48361 411 217 84 2 240 62 4 97 513 3 0 3 3 0 
48322 407 220 83 1 269 57 0 127 502 4 1 1 6 0 
48317 354 248 75 2 282 73 4 116 524 1 0 1 3 0 
48294 401 220 91 3 262 75 1 102 544 1 0 2 4 0 
48364 382 218 73 1 271 59 2 103 517 6 0 3 1 0 
48361 367 235 95 0 237 53 3 91 544 5 1 2 6 0 
48334 382 222 84 1 245 63 3 110 543 3 1 4 5 0 
48351 365 199 91 2 264 80 2 109 518 9 4 3 3 0 
48322 384 228 72 1 285 66 3 110 519 5 0 4 1 0 
48326 383 224 88 6 265 67 1 99 534 4 1 0 2 0 
48337 407 216 79 3 239 54 1 116 539 4 0 0 5 0 
48368 380 213 94 0 210 54 3 124 547 3 1 1 2 0 
48254 400 234 99 3 278 69 2 118 534 5 1 1 2 0 
48358 392 233 86 1 240 52 2 96 532 1 0 4 3 0 
48354 357 233 79 1 273 69 0 111 514 4 2 3 0 0 
48283 380 267 80 1 263 53 2 96 563 2 0 8 2 0 
48305 353 242 85 1 276 62 3 126 530 6 1 4 6 0 
48315 405 248 68 0 249 62 2 121 524 2 2 0 2 0 
48335 376 214 65 2 255 69 3 109 560 7 1 1 3 0 
48329 370 236 82 0 250 85 1 126 511 4 2 1 3 0 
48272 376 257 84 3 279 65 2 105 549 3 1 2 2 0 
48316 381 231 65 5 272 47 2 120 553 3 1 4 0 0 
48326 374 253 72 3 238 70 1 111 536 7 0 4 5 0 
48294 393 238 104 1 244 57 2 117 544 3 1 1 1 0 
48278 397 253 77 2 260 72 1 121 527 6 3 1 2 0 
48378 358 224 78 3 234 69 0 92 556 2 1 2 3 0 
48375 362 221 95 4 261 57 1 92 522 4 1 3 2 0 
48355 366 270 83 3 263 69 0 105 477 5 0 2 2 0 
48356 406 229 97 4 238 60 2 91 509 3 2 2 1 0 
48383 352 211 82 2 236 75 3 98 544 4 3 5 2 0 
48268 421 261 78 1 257 63 2 100 535 4 1 4 5 0 
48359 368 243 77 3 248 71 2 107 516 2 1 0 3 0 
48362 387 226 84 3 261 54 2 121 491 2 1 3 3 0 
48301 374 238 81 2 274 69 1 105 544 4 1 5 1 0 
48363 383 268 69 1 238 60 2 108 495 2 3 4 4 0 
48343 357 226 67 0 278 77 1 118 520 5 2 3 3 0 
