48308 336 248 97 2 247 63 3 106 577 7 1 1 4 0 
48342 334 247 87 1 276 57 0 97 552 3 2 2 0 0 
48374 346 227 100 2 247 63 1 91 534 6 2 2 5 0 
48336 330 246 120 1 263 60 2 112 519 3 3 2 3 0 
48379 332 232 100 1 266 48 1 98 528 5 3 1 6 0 
48363 343 217 100 2 260 82 2 98 526 3 0 0 4 0 
48419 348 233 86 1 251 66 2 90 489 6 1 3 5 0 
48393 339 239 98 2 255 67 2 92 501 4 2 2 4 0 
48312 371 233 94 2 277 78 3 115 501 8 1 1 4 0 
48290 375 257 90 4 260 66 4 106 536 4 2 5 1 0 
48417 344 237 89 3 266 62 3 73 497 4 1 2 2 0 
48385 370 210 93 1 265 65 4 92 506 3 1 2 3 0 
48332 350 237 102 3 253 74 0 103 537 2 3 1 3 0 
48327 364 240 122 5 276 67 3 95 492 4 0 4 1 0 
48360 367 257 82 2 260 67 5 94 495 4 1 1 5 0 
48368 360 240 100 0 245 56 2 108 510 4 1 3 3 0 
48383 339 231 110 0 273 70 0 99 487 0 0 2 6 0 
48385 349 248 102 1 246 53 3 90 516 3 1 2 1 0 
48416 338 220 92 4 275 54 1 97 494 5 1 0 3 0 
48371 341 209 97 2 286 62 2 96 523 5 0 3 3 0 
48393 357 225 76 0 256 61 5 103 517 2 1 2 2 0 
48307 362 255 98 2 278 58 0 98 535 1 2 2 2 0 
48307 357 235 98 0 273 69 1 98 549 3 5 2 3 0 
48350 372 218 97 1 264 70 1 88 526 4 0 5 4 0 
48387 359 251 84 0 248 60 1 94 502 5 3 2 4 0 
48272 372 253 102 3 274 64 1 88 559 4 2 1 5 0 
48370 383 218 91 4 234 59 2 104 521 10 1 2 1 0 
48356 360 231 106 3 258 50 3 96 532 3 2 0 0 0 
48354 360 222 93 2 298 52 0 81 528 2 3 4 1 0 
48333 343 250 95 2 281 62 2 80 546 3 0 3 0 0 
48404 319 226 90 2 256 66 1 99 527 6 0 2 2 0 
48310 376 233 97 1 251 66 0 104 551 8 1 2 0 0 
48394 355 246 95 2 278 53 3 93 474 3 1 3 0 0 
48359 353 252 106 3 233 61 0 109 513 2 2 5 2 0 
48331 356 241 99 1 243 67 0 99 558 2 1 0 2 0 
48333 348 217 110 0 256 77 3 90 557 5 0 1 3 0 
48321 305 254 106 4 289 73 0 110 529 6 0 0 3 0 
48363 342 204 108 0 270 73 1 89 537 3 2 5 3 0 
48341 360 207 112 2 264 67 3 81 551 7 1 3 1 0 
48385 311 243 84 0 261 61 1 101 542 2 2 3 4 0 
48388 342 234 105 0 229 66 2 107 513 7 3 2 2 0 
48281 381 247 97 1 256 69 6 96 552 5 2 4 3 0 
48410 355 232 75 3 248 60 1 83 519 6 3 1 4 0 
48309 343 224 117 2 287 78 1 103 525 5 1 4 1 0 
48298 370 233 108 5 245 66 5 96 555 10 2 3 4 0 
48385 361 225 82 3 242 63 3 83 543 2 3 1 4 0 
48352 359 235 93 1 268 58 4 105 512 4 2 4 3 0 
48375 354 238 86 1 275 49 0 91 520 7 0 2 2 0 
48353 333 234 111 1 270 69 1 97 519 5 1 2 4 0 
48327 366 212 83 1 277 77 4 95 544 6 1 2 5 0 
48336 359 239 99 0 295 69 3 89 504 3 0 1 2 1 
48336 365 254 94 1 276 70 1 77 515 5 1 1 4 0 
48376 314 220 95 2 286 74 0 101 522 5 3 1 1 0 
48341 388 240 84 1 274 67 1 63 537 0 0 0 4 0 
48329 341 243 101 3 259 74 2 111 528 4 1 1 3 0 
48359 368 241 89 1 256 66 3 82 530 0 1 1 3 0 
48215 422 260 89 0 249 69 0 107 581 4 2 1 1 0 
48311 365 262 91 0 248 55 2 90 565 3 1 1 6 0 
48383 360 216 92 2 248 68 0 104 518 3 1 0 5 0 
48394 366 237 97 5 235 58 2 100 499 4 0 3 0 0 
48352 347 241 103 2 246 61 1 100 537 6 0 1 3 0 
48314 337 243 126 1 252 68 1 96 550 7 1 3 1 0 
48365 349 237 104 1 281 58 2 86 508 6 0 1 2 0 
48295 395 256 90 2 271 69 1 95 514 3 2 4 3 0 
48321 349 240 107 4 282 66 2 94 523 3 5 3 1 0 
48325 384 231 98 2 263 70 3 84 531 3 1 2 3 0 
48349 358 232 112 3 244 56 3 107 526 5 0 2 3 0 
48401 349 242 87 3 285 54 1 85 482 3 3 0 5 0 
48346 334 247 101 2 252 72 3 93 537 3 2 3 5 0 
48395 355 235 82 0 242 88 1 101 491 4 1 1 4 0 
48286 374 224 108 1 274 65 2 93 566 2 1 1 3 0 
48350 368 241 83 2 264 63 0 101 513 8 1 3 3 0 
48372 350 239 94 2 260 59 0 100 518 2 0 2 1 1 
48425 354 226 97 2 259 68 0 93 469 3 0 2 2 0 
48360 346 244 92 2 245 64 2 100 535 4 2 1 3 0 
48341 327 269 77 0 288 55 1 88 545 2 3 0 4 0 
48399 346 235 105 3 228 68 1 95 510 1 2 2 5 0 
48391 338 255 90 2 234 67 0 91 525 3 0 3 1 0 
48279 359 241 88 8 302 66 1 94 549 4 1 4 4 0 
48391 354 220 86 0 275 68 1 94 500 1 5 3 2 0 
48388 342 230 97 2 252 47 0 84 546 3 1 4 4 0 
48361 384 221 97 3 277 48 3 81 516 3 1 0 5 0 
48280 418 241 87 2 272 69 2 97 520 5 1 2 4 0 
48341 345 239 87 2 256 63 3 100 556 3 1 3 1 0 
48311 359 232 106 6 258 63 0 97 560 0 0 4 4 0 
48323 338 241 77 0 283 68 2 94 563 6 1 1 3 0 
48305 364 241 105 2 286 58 2 90 539 4 1 1 2 0 
48383 352 241 92 2 247 51 1 93 526 5 2 4 1 0 
48403 335 222 74 1 269 53 0 94 536 2 3 3 5 0 
48366 350 249 88 6 240 78 1 96 516 4 0 1 5 0 
48387 353 240 95 2 273 51 2 95 490 7 1 4 0 0 
48345 395 206 100 0 265 64 0 97 522 3 1 2 0 0 
48315 373 219 95 4 255 77 1 97 553 5 1 3 2 0 
48343 376 253 89 0 243 67 2 82 532 4 1 4 4 0 
48308 389 230 82 1 257 66 0 109 547 4 2 0 5 0 
48334 338 263 104 0 269 66 0 100 513 3 6 1 3 0 
48302 393 269 89 3 257 56 1 117 502 4 0 3 4 0 
48325 348 257 96 2 280 70 1 97 517 3 2 0 2 0 
48297 385 253 102 0 246 63 2 102 544 1 1 2 2 0 
48316 329 255 90 3 279 62 3 103 550 2 2 3 3 0 
48345 344 229 96 3 263 72 1 85 550 5 1 3 3 0 
48364 353 273 92 2 228 58 2 93 526 1 2 3 3 0 
48344 362 230 79 4 250 84 2 96 544 3 1 1 0 0 
48344 356 263 82 4 265 66 0 103 514 1 0 2 0 0 
48362 359 220 86 3 266 65 3 84 537 4 3 3 5 0 
48320 345 252 98 0 270 65 1 91 551 5 0 1 1 0 
48402 359 243 82 0 269 51 2 82 505 3 1 1 0 0 
48299 393 261 89 4 261 76 1 99 509 4 1 2 1 0 
48388 352 229 86 1 254 61 1 93 528 0 1 3 3 0 
48371 348 240 82 3 234 57 1 106 551 2 2 2 1 0 
48324 356 233 111 4 265 89 2 98 513 2 0 1 2 0 
48401 344 239 94 0 239 57 4 81 534 3 2 1 1 0 
48340 361 233 100 3 265 58 5 100 531 1 2 1 0 0 
48340 323 206 99 1 294 59 4 102 562 9 1 0 0 0 
48385 332 232 84 1 264 71 1 97 522 4 3 1 3 0 
48273 376 260 92 1 266 63 3 104 552 5 0 4 1 0 
48309 323 269 106 1 250 56 1 99 573 4 2 2 5 0 
48308 371 242 97 2 273 69 1 95 534 3 1 1 3 0 
48338 368 229 92 1 262 67 1 92 541 2 2 2 3 0 
48389 350 225 92 3 250 61 0 83 534 3 3 2 5 0 
48318 386 256 95 1 266 81 0 101 486 2 2 4 2 0 
48354 358 239 88 2 280 67 4 91 505 6 1 3 2 0 
48308 364 243 108 1 288 60 1 89 530 4 1 1 2 0 
48330 363 212 90 3 268 64 1 94 568 5 0 2 0 0 
48267 365 253 94 0 272 73 2 91 573 6 1 1 2 0 
48279 381 234 92 3 277 57 1 112 554 5 0 1 4 0 
48328 346 245 96 3 280 68 3 102 520 2 3 3 1 0 
48374 368 232 88 0 255 60 0 100 510 4 4 2 3 0 
48271 369 250 93 3 289 61 0 102 550 4 2 3 3 0 
48479 367 195 70 2 256 57 3 72 492 0 3 0 4 0 
48334 352 198 113 1 266 56 1 101 569 5 0 2 2 0 
48259 364 246 109 2 284 74 4 91 553 6 2 3 3 0 
48321 359 243 92 1 256 59 3 95 565 1 1 2 2 0 
48330 374 192 118 1 281 66 0 97 536 2 0 1 2 0 
48358 374 236 103 2 269 61 1 92 502 0 0 0 2 0 
48394 351 237 76 2 252 59 1 81 538 5 1 2 1 0 
48328 337 242 88 1 258 65 1 109 562 3 0 4 2 0 
48352 378 228 95 2 269 75 0 85 504 5 1 4 2 0 
48333 377 231 84 2 256 74 2 92 538 4 1 5 1 0 
48352 361 220 104 1 246 70 4 108 524 1 1 5 3 0 
48366 356 252 90 1 266 57 0 82 516 3 2 7 2 0 
48305 370 266 98 1 267 53 1 97 534 6 1 0 1 0 
48351 358 213 84 0 251 72 0 96 569 1 0 3 2 0 
48311 369 241 98 2 274 53 1 110 529 6 1 3 2 0 
48247 349 250 107 4 280 69 5 98 575 6 3 3 4 0 
48365 372 227 105 2 262 65 2 102 490 1 0 2 5 0 
48339 332 230 95 1 280 79 1 93 543 5 2 0 0 0 
48230 361 257 93 1 289 64 2 84 609 6 2 1 1 0 
48335 344 245 96 1 291 61 1 105 513 2 1 4 1 0 
48385 366 230 91 1 246 72 1 76 516 8 2 3 3 0 
48333 368 216 99 0 275 61 2 89 546 3 0 4 4 0 
48293 361 245 104 2 252 62 4 102 564 2 1 3 5 0 
48325 379 245 122 4 249 60 0 99 509 3 1 1 3 0 
48315 365 236 96 4 289 66 4 97 514 6 1 4 3 0 
48409 319 244 96 0 224 57 2 97 541 5 2 4 0 0 
48299 367 244 114 4 276 61 3 79 544 4 3 2 0 0 
48341 372 216 92 1 279 70 2 104 512 4 2 3 2 0 
48352 362 216 103 3 263 57 4 107 525 2 2 2 2 0 
48334 339 235 96 4 276 56 5 95 548 3 1 3 5 0 
48383 379 220 88 1 263 57 1 86 515 5 0 1 1 0 
48351 379 219 116 2 268 64 4 88 500 2 1 3 3 0 
48359 363 259 87 2 245 71 0 95 512 3 1 0 3 0 
48373 329 220 99 1 258 72 1 95 540 5 1 2 4 0 
48341 353 245 104 1 264 60 1 81 547 1 0 0 2 0 
48318 378 232 93 5 283 57 0 111 516 2 1 2 2 0 
48319 352 242 106 1 267 71 2 103 528 2 2 0 5 0 
48370 354 217 76 4 263 71 1 101 530 6 1 2 4 0 
48278 376 247 97 2 286 52 1 106 540 4 1 5 5 0 
48366 347 253 91 1 277 54 0 96 502 3 2 4 4 0 
48322 366 233 96 2 247 68 1 94 558 6 2 1 4 0 
48315 378 248 88 3 271 57 3 99 526 4 2 2 4 0 
48400 352 255 98 1 224 48 1 95 518 1 3 1 3 0 
48336 362 229 106 3 231 59 0 95 568 1 1 2 6 1 
48339 367 237 98 1 268 66 1 78 536 4 3 1 1 0 
48379 336 228 99 3 262 67 5 83 523 9 0 3 3 0 
48295 344 240 106 1 275 50 0 102 576 3 1 4 3 0 
48394 320 222 83 0 274 73 1 103 520 2 2 5 1 0 
48352 335 211 101 3 282 68 0 98 541 4 0 4 1 0 
48323 340 217 97 2 277 65 2 98 570 2 1 3 3 0 
48390 351 232 95 4 261 58 0 116 484 1 2 4 2 0 
48365 350 230 87 3 265 83 3 99 508 4 0 1 2 0 
48369 331 237 100 0 278 61 0 90 525 4 1 1 3 0 
48367 339 225 97 1 278 68 0 88 525 5 1 2 4 0 
48383 341 247 87 1 276 67 4 78 507 6 1 1 1 0 
48335 339 245 100 3 261 67 3 95 541 4 1 2 3 1 
48374 338 245 95 1 277 60 1 97 498 10 0 3 1 0 
48379 343 248 117 2 241 77 0 96 485 2 3 3 4 0 
48430 345 203 91 1 247 57 1 92 525 4 2 0 2 0 
48352 388 219 86 2 256 66 2 97 517 3 1 4 7 0 
48388 342 208 83 1 275 67 3 84 541 3 0 2 3 0 
48400 348 259 94 1 233 75 3 87 490 4 0 3 3 0 
48343 364 236 98 1 251 53 5 100 544 1 0 1 3 0 
48283 361 261 79 4 278 55 3 104 564 1 1 3 3 0 
48441 303 222 85 1 250 66 3 89 534 3 1 2 0 0 
48369 379 236 84 2 249 79 1 88 505 1 0 3 4 0 
48400 368 224 102 2 240 59 2 93 499 1 0 1 9 0 
48291 374 264 82 0 295 64 5 86 530 3 1 2 3 0 
48363 354 244 93 0 235 59 3 82 546 7 2 6 6 0 
48358 368 244 93 1 239 61 3 93 528 5 2 3 2 0 
48294 361 241 93 1 283 69 0 100 546 3 3 4 2 0 
48323 375 231 102 2 263 52 7 84 557 1 1 0 2 0 
48325 371 240 80 2 264 62 3 112 517 8 3 5 8 0 
48326 363 249 80 3 283 64 1 113 506 3 0 5 4 0 
48317 379 219 85 1 289 67 0 109 529 2 0 0 3 0 
48380 351 219 87 4 238 83 1 91 534 5 0 1 6 0 
48300 359 235 82 2 260 67 1 105 579 4 2 2 2 0 
48377 359 228 97 1 250 66 1 93 520 3 0 2 3 0 
48386 351 218 102 2 262 60 0 71 543 2 2 1 0 0 
48337 368 233 88 3 266 65 1 106 523 4 1 2 3 0 
48371 351 247 94 2 224 68 4 86 543 5 1 2 2 0 
48326 351 240 91 1 269 63 1 96 554 3 0 1 4 0 
48464 331 217 86 5 262 55 1 94 475 3 3 2 2 0 
48289 351 254 97 3 269 71 4 98 558 0 0 4 2 0 
48397 339 207 114 0 266 58 1 92 514 4 1 2 5 0 
48353 320 247 90 1 273 68 2 81 553 3 1 2 6 0 
48328 357 230 90 2 282 83 1 84 535 5 1 0 2 0 
48321 387 246 96 2 260 68 1 83 525 4 2 3 2 0 
48344 349 231 78 1 277 73 2 88 549 4 0 2 2 0 
48268 381 246 90 2 279 61 3 104 556 4 1 2 3 0 
48381 372 237 98 4 239 61 2 81 522 1 1 1 0 0 
48340 369 260 83 2 284 62 0 88 499 5 1 2 5 0 
48326 381 233 90 4 265 46 1 119 525 6 1 1 2 0 
48400 346 252 74 2 251 64 2 99 497 7 1 2 2 1 
48360 349 215 109 3 261 68 1 82 544 2 1 1 4 0 
48314 358 233 101 1 302 64 1 78 535 8 2 1 2 0 
48325 336 256 98 2 278 62 2 108 522 5 1 2 3 0 
48407 355 235 82 1 247 67 2 104 492 2 2 3 1 0 
48314 347 244 101 1 271 61 2 102 548 5 2 1 1 0 
48295 344 242 113 1 297 74 2 98 523 6 3 1 1 0 
48311 357 241 103 2 276 59 7 103 528 3 2 5 3 0 
48336 368 238 90 3 267 69 3 83 529 1 5 3 5 0 
48307 358 238 99 0 265 66 3 103 555 4 1 0 1 0 
48320 357 259 87 1 239 81 0 93 553 4 0 1 5 0 
48365 337 224 93 4 291 66 4 95 513 3 1 1 3 0 
48350 353 216 109 1 270 69 2 115 506 4 0 2 3 0 
48308 354 248 103 1 260 72 0 96 547 3 1 4 3 0 
48343 401 230 97 3 255 66 2 88 504 2 4 3 2 0 
48370 378 221 93 1 262 60 1 97 510 2 1 3 1 0 
48335 369 239 103 2 232 60 0 100 547 7 1 0 5 0 
48357 363 215 103 0 276 66 10 89 510 4 1 3 3 0 
48324 341 229 106 2 264 76 3 101 542 2 2 5 3 0 
48361 355 226 93 1 235 76 1 89 551 2 2 5 3 0 
48351 351 242 99 2 264 53 0 94 528 3 2 6 5 0 
48261 394 225 81 2 261 69 1 104 590 5 1 5 1 0 
48339 367 262 98 0 232 54 2 112 528 2 3 0 1 0 
48261 368 246 102 1 275 62 0 91 579 2 2 4 7 0 
48382 363 202 86 1 267 69 1 95 523 4 1 5 1 0 
48284 395 220 85 1 264 65 1 83 593 1 1 3 4 0 
48321 366 229 85 1 300 76 1 88 523 6 2 1 1 0 
48311 367 245 86 2 273 71 1 107 527 2 1 4 3 0 
48407 344 265 87 4 225 54 1 81 517 5 3 4 3 0 
48362 363 223 84 2 260 60 0 90 549 3 0 1 3 0 
48365 378 244 86 2 263 55 1 96 502 3 1 1 3 0 
48264 349 261 97 2 284 72 3 99 560 4 2 0 3 0 
48384 336 232 83 2 265 53 1 106 529 2 2 4 1 0 
48285 365 228 97 5 290 66 2 86 571 3 0 0 2 0 
48344 324 218 93 1 286 65 2 105 550 3 1 4 4 0 
48321 376 231 88 0 259 70 1 109 533 3 1 4 4 0 
48331 365 234 107 1 253 71 2 105 525 2 0 3 1 0 
48304 369 219 85 3 280 80 0 100 550 4 1 3 2 0 
48303 339 261 108 1 265 77 1 103 529 4 1 5 3 0 
48381 343 257 106 1 242 59 1 103 501 1 2 2 1 0 
48317 337 251 92 0 263 62 3 102 557 6 2 4 4 0 
48361 342 240 94 2 275 57 4 97 515 7 3 2 1 0 
48341 361 249 108 2 264 71 1 92 504 4 1 1 1 0 
48372 368 232 90 1 257 66 3 78 518 10 1 1 3 0 
48315 356 249 104 1 265 61 3 94 544 2 0 4 2 0 
48393 318 219 92 0 258 48 1 101 558 3 0 1 8 0 
48352 349 238 100 2 246 57 0 94 548 7 3 1 3 0 
48355 373 234 95 2 250 61 2 90 530 3 0 0 5 0 
48369 350 226 99 2 266 67 1 84 523 5 1 3 4 0 
48284 374 262 88 2 272 47 2 106 550 1 1 4 7 0 
48375 370 221 95 0 235 79 1 89 524 4 1 2 4 0 
48312 362 247 98 1 252 73 3 99 542 4 2 4 1 0 
48350 370 242 94 2 251 62 1 97 517 3 1 2 8 0 
48359 353 245 102 2 253 56 1 78 538 6 2 3 1 1 
48390 358 222 97 1 259 69 1 93 505 2 0 0 3 0 
48334 381 241 85 2 264 56 0 112 521 0 0 2 2 0 
48315 363 237 100 1 259 63 3 93 552 6 3 2 3 0 
48290 379 235 93 2 278 70 2 99 544 3 2 3 0 0 
48363 364 222 91 1 262 59 1 97 532 3 0 4 1 0 
48284 371 260 106 2 279 72 2 98 520 1 1 2 2 0 
48344 381 250 105 0 266 65 1 95 481 4 0 4 4 0 
48454 356 191 94 0 241 68 0 98 487 4 2 1 4 0 
48343 359 244 96 1 257 63 2 85 541 2 1 4 2 0 
48407 346 220 98 3 269 57 3 90 495 3 2 4 3 0 
48349 369 244 93 3 235 59 1 79 548 7 3 6 4 0 
48388 317 237 103 0 250 65 1 111 520 3 1 3 1 0 
48360 349 231 100 1 271 67 1 100 513 2 0 2 3 0 
48343 339 257 86 1 270 65 2 101 532 1 0 2 1 0 
48361 345 225 100 1 248 69 2 108 532 4 1 3 1 0 
48330 328 265 101 4 268 91 1 101 500 4 2 3 2 0 
48323 323 247 119 2 294 70 1 115 496 4 3 1 2 0 
48427 314 231 69 1 245 71 1 101 534 2 1 1 2 0 
48413 350 238 92 4 225 52 1 81 536 4 0 1 3 0 
48397 339 227 99 0 271 60 2 101 492 4 3 2 3 0 
48336 355 232 107 2 245 59 2 89 563 3 3 2 2 0 
48299 390 240 108 1 244 68 1 103 535 3 2 1 5 0 
48362 354 241 116 0 245 58 0 92 523 5 0 0 4 0 
48266 385 236 119 1 249 70 1 124 542 3 0 2 2 0 
48313 323 260 95 1 273 72 1 107 548 5 0 0 2 0 
48380 355 178 88 2 267 67 2 97 552 1 1 4 6 0 
48306 379 271 96 3 255 68 4 80 534 3 0 1 0 0 
48375 327 215 77 3 296 55 2 92 544 7 1 3 3 0 
48339 376 260 75 4 250 69 4 108 505 3 2 1 4 0 
48360 365 235 86 5 259 64 3 108 511 1 0 0 3 0 
48373 319 234 97 0 268 71 2 101 524 4 0 2 5 0 
48245 406 246 81 5 290 77 2 106 534 2 3 2 1 0 
48321 371 226 80 1 270 64 2 113 539 4 0 6 3 0 
48357 344 254 97 0 265 58 1 96 519 6 0 1 2 0 
48326 359 231 100 2 262 55 0 96 560 1 2 2 4 0 
48312 358 254 79 0 281 64 1 88 551 4 2 5 1 0 
48379 366 224 88 3 260 66 2 100 499 5 2 5 1 0 
48321 383 239 107 1 252 71 4 88 524 2 1 3 4 0 
48421 345 226 102 3 231 59 1 105 497 3 2 2 3 0 
48319 375 251 112 0 286 60 2 84 502 2 0 0 7 0 
48360 338 237 85 1 280 66 2 79 539 2 1 6 4 0 
48366 357 232 108 4 243 62 1 109 510 3 2 1 2 0 
48401 352 247 92 1 272 74 0 80 477 4 0 0 0 0 
48322 369 213 99 3 271 63 0 98 553 2 2 4 1 0 
48338 349 225 86 1 305 75 4 88 519 6 1 2 1 0 
48302 376 246 112 0 227 70 2 90 560 3 2 4 6 0 
48352 352 231 106 1 245 64 1 107 531 3 3 0 3 1 
48295 379 250 101 1 280 78 3 95 507 5 1 3 2 0 
48324 374 254 76 1 260 69 2 98 531 5 1 1 4 0 
48384 329 229 99 0 272 57 0 97 523 7 1 1 1 0 
48367 356 245 93 2 256 65 2 96 501 4 5 2 6 0 
48312 368 243 101 0 280 71 4 114 495 5 1 4 2 0 
48370 359 226 98 2 262 67 3 85 513 6 3 4 2 0 
48383 322 238 90 2 253 77 6 88 528 7 3 1 2 0 
48281 349 248 107 0 309 61 2 101 532 4 2 1 3 0 
48304 362 212 96 3 269 73 2 107 565 4 1 1 1 0 
48312 371 236 94 2 286 73 0 99 519 3 0 2 3 0 
48377 329 253 115 2 252 52 2 75 524 4 3 5 7 0 
48365 346 250 92 3 253 62 2 94 524 5 1 1 2 0 
48311 366 262 98 1 251 65 3 79 550 3 2 5 4 0 
48302 395 223 97 0 265 52 1 92 564 5 0 3 1 0 
48358 331 258 75 1 241 62 2 98 564 4 2 2 2 0 
48340 373 238 86 0 253 53 2 90 558 3 2 0 2 0 
48322 396 254 98 2 267 70 1 94 493 1 0 0 2 0 
48302 367 246 99 5 290 71 3 94 512 4 2 2 3 0 
48331 379 230 92 0 261 70 4 87 534 4 1 2 5 0 
48389 336 228 97 2 245 66 2 89 534 5 2 2 3 0 
48309 422 227 90 3 244 53 1 101 539 3 2 2 4 0 
48360 366 205 98 3 240 72 6 113 530 4 0 3 0 0 
48279 365 244 101 4 249 76 4 92 575 4 2 0 5 0 
48375 313 265 87 3 271 58 0 100 522 1 0 3 2 0 
48304 376 217 84 1 249 64 3 104 584 4 3 2 5 0 
48302 366 243 98 2 264 76 3 101 535 4 1 1 4 0 
48317 355 242 81 1 281 78 2 93 542 3 0 3 2 0 
48328 365 220 93 3 285 75 4 85 530 8 1 1 2 0 
48291 366 227 93 1 261 84 3 94 573 1 2 1 3 0 
48302 380 246 89 1 284 56 1 97 534 4 3 1 2 0 
48317 336 232 92 2 274 73 1 119 540 5 2 5 2 0 
48397 355 223 102 1 244 49 3 92 525 6 0 1 2 0 
48354 331 235 95 7 250 75 0 103 540 7 1 0 2 0 
48369 362 249 81 1 281 65 3 98 484 3 0 3 1 0 
48337 338 252 98 1 247 64 2 118 532 4 2 1 4 0 
48361 337 240 87 1 273 69 2 89 532 2 2 4 1 0 
48386 356 202 98 0 273 63 0 81 528 4 5 2 2 0 
48381 344 229 82 1 289 49 4 87 523 4 2 1 4 0 
48387 366 214 97 1 276 59 2 65 526 2 1 1 3 0 
48353 353 224 95 4 262 72 3 110 519 1 1 2 1 0 
48352 356 240 95 2 258 65 2 97 525 2 1 2 3 0 
48274 350 245 112 1 308 64 1 115 516 5 2 4 3 0 
48394 326 240 80 0 246 82 4 74 546 5 0 1 2 0 
48344 365 220 113 1 249 50 0 98 554 2 1 2 1 0 
48320 388 232 105 3 280 57 3 79 518 3 5 4 3 0 
48439 355 202 93 1 242 61 1 102 495 3 0 3 3 0 
48302 353 270 103 3 251 74 4 75 559 1 1 2 2 0 
48270 336 259 106 0 262 79 2 107 573 3 1 0 2 0 
48312 345 224 84 1 296 77 1 108 541 4 3 1 3 0 
48355 342 227 97 3 284 54 1 100 529 2 1 3 2 0 
48438 322 232 80 3 265 47 3 78 518 6 5 2 1 0 
48346 349 233 98 2 276 58 2 96 531 3 1 4 1 0 
48332 344 233 104 0 265 80 1 77 557 3 2 1 1 0 
48359 347 231 99 1 267 60 3 104 522 3 1 1 2 0 
48422 340 212 107 0 252 62 1 80 516 2 0 1 5 0 
48297 377 263 98 1 247 66 2 90 549 2 3 0 5 0 
48339 330 246 93 3 290 64 1 102 519 4 0 3 6 0 
48340 359 240 84 2 275 69 1 87 530 8 2 1 2 0 
48321 364 223 94 3 268 84 0 101 530 4 0 2 6 0 
48304 372 236 96 3 276 62 0 96 549 3 1 0 2 0 
48343 332 251 99 2 254 76 2 99 536 0 1 4 1 0 
48388 361 233 86 0 240 65 1 87 524 7 3 1 4 0 
48347 331 241 109 3 281 60 2 94 524 4 1 3 0 0 
48348 363 226 111 1 254 49 3 97 536 5 1 1 5 0 
48408 320 237 109 0 239 58 5 91 525 3 1 3 1 0 
48314 376 215 114 2 250 75 3 100 543 3 1 3 1 0 
48308 349 207 101 3 287 71 0 99 562 4 2 3 4 0 
48323 388 218 98 1 280 61 1 92 531 2 1 2 2 0 
48317 355 241 84 1 254 67 2 109 559 5 1 3 2 0 
48264 379 237 116 2 257 61 0 96 577 5 0 4 2 0 
48337 356 240 89 4 248 57 1 94 564 1 4 2 3 0 
48331 343 273 84 2 242 72 1 101 534 5 3 3 6 0 
48373 364 245 92 2 267 71 2 81 493 2 2 3 3 0 
48292 382 241 102 2 282 66 2 82 542 5 0 2 0 0 
48361 359 236 88 2 256 78 3 92 517 4 0 3 1 0 
48313 338 267 101 3 232 72 2 99 557 2 5 3 6 0 
48283 391 254 96 2 294 76 1 87 507 3 3 3 0 0 
48277 371 251 88 0 274 65 2 92 567 7 1 0 5 0 
48403 335 238 97 1 262 69 3 92 489 4 1 0 6 0 
48338 380 235 101 2 269 64 3 82 518 3 1 2 1 1 
48366 339 220 113 1 241 60 1 99 540 9 1 4 6 0 
48274 358 232 101 5 291 64 1 93 567 1 1 8 4 0 
48416 337 204 92 2 262 79 0 95 501 8 1 0 3 0 
48294 371 242 86 2 258 61 3 100 571 4 2 3 3 0 
48277 374 242 99 2 281 56 3 100 552 7 2 1 4 0 
48428 356 231 80 1 249 64 0 90 489 2 3 4 3 0 
48325 344 242 77 3 285 72 2 95 545 4 0 3 3 0 
48380 347 223 98 0 272 50 2 106 512 5 0 1 4 0 
48315 365 267 91 0 265 66 1 83 530 5 3 6 3 0 
48385 354 232 84 4 236 62 1 101 529 2 2 4 4 0 
48317 349 241 110 0 294 69 2 90 520 4 1 0 3 0 
48361 362 247 80 2 244 60 4 93 538 4 2 0 3 0 
48357 350 229 74 3 268 67 3 122 512 2 5 2 6 0 
48332 336 251 97 0 251 69 0 106 550 5 0 1 2 0 
48359 355 244 107 2 253 66 0 97 506 2 2 3 4 0 
48332 346 239 80 2 244 78 2 84 585 4 1 0 3 0 
48339 366 248 105 4 252 60 4 79 532 4 2 1 4 0 
48357 338 256 101 1 274 64 2 91 502 3 2 5 4 0 
48397 337 217 88 1 259 74 1 85 531 1 1 3 5 0 
48332 363 227 91 1 270 62 2 83 560 3 0 5 1 0 
48348 325 236 102 2 259 60 0 96 563 3 0 3 3 0 
48365 347 233 96 1 258 70 0 92 530 3 1 1 3 0 
48331 376 247 102 0 254 63 1 82 536 4 2 1 1 0 
48384 335 245 94 4 242 63 3 90 534 3 1 1 1 0 
48343 352 227 110 2 245 64 1 114 530 3 2 5 2 0 
48313 360 247 95 3 263 72 1 105 536 2 1 1 1 0 
48336 349 250 91 2 253 70 3 91 547 5 1 2 0 0 
48315 332 278 87 5 265 64 3 102 540 3 0 3 3 0 
48346 377 245 95 2 266 60 2 80 515 4 1 2 5 0 
48310 365 233 119 1 257 84 0 92 522 7 1 3 6 0 
48406 347 228 83 2 258 73 2 84 509 3 1 1 3 0 
48378 367 223 92 2 251 61 1 75 540 2 3 2 3 0 
48337 340 242 77 4 276 74 3 107 532 4 0 4 0 0 
48344 380 246 89 1 245 75 2 94 517 2 1 4 0 0 
48331 384 225 108 2 245 67 1 103 524 4 1 1 4 0 
48305 368 251 72 2 275 69 1 94 551 3 1 4 4 0 
48361 373 231 96 2 251 70 3 90 514 3 2 1 3 0 
48356 372 242 92 3 247 64 2 80 526 8 3 1 4 0 
48354 356 225 99 1 233 60 3 100 556 3 0 3 7 0 
48343 343 235 111 2 281 65 2 99 505 7 2 3 2 0 
48280 366 241 116 2 283 64 0 89 547 3 2 5 2 0 
48338 392 260 93 2 249 52 0 99 503 6 1 4 1 0 
48376 356 224 86 3 248 58 1 70 573 2 1 0 2 0 
48284 377 232 97 4 276 69 3 106 541 2 1 1 6 1 
48304 368 276 82 4 260 71 1 90 536 5 2 0 1 0 
48313 351 242 92 0 248 65 3 115 560 7 2 2 0 0 
48324 378 236 87 4 263 52 0 96 547 6 0 4 3 0 
48278 358 268 95 1 281 78 0 99 532 5 1 1 3 0 
48379 318 258 117 2 247 61 0 90 511 8 1 2 6 0 
48315 364 227 82 4 271 58 2 110 555 3 0 3 6 0 
48361 351 228 105 0 252 62 2 99 531 4 0 2 3 0 
48378 359 239 118 4 238 55 0 91 507 3 3 2 3 0 
48216 360 270 107 2 285 79 0 102 570 5 0 2 2 0 
48315 381 222 101 2 265 58 1 108 534 6 1 2 4 0 
48373 336 228 102 2 257 61 1 98 531 6 1 3 1 0 
48410 356 209 95 4 259 73 4 89 490 3 1 2 5 0 
48343 339 220 84 1 254 67 3 89 590 5 0 3 2 0 
48359 394 217 94 2 259 60 2 89 512 2 2 2 6 0 
48404 305 232 77 2 255 76 0 102 538 5 1 2 1 0 
48305 382 238 91 1 289 64 1 76 539 4 3 3 4 0 
48359 319 260 107 1 261 62 4 100 516 4 1 2 4 0 
48380 363 228 81 1 247 63 3 100 527 1 1 3 2 0 
48315 370 232 80 5 265 73 2 124 519 6 2 2 5 0 
48420 328 200 96 3 254 58 1 98 529 5 3 2 3 0 
48357 334 232 83 0 271 61 2 98 552 2 1 4 3 0 
48279 367 265 100 1 265 67 0 103 542 5 1 3 2 0 
48353 356 263 114 0 235 60 4 85 518 5 1 3 3 0 
48337 373 221 101 2 291 61 4 96 499 5 0 5 5 0 
48366 322 220 99 6 276 73 2 112 513 4 1 1 5 0 
48351 368 225 95 4 286 62 2 84 511 1 1 4 6 0 
48336 337 237 99 2 292 62 1 99 528 5 2 0 0 0 
48312 367 229 90 7 276 68 4 90 544 7 2 1 3 0 
48310 388 251 98 0 264 57 1 94 525 5 2 2 3 0 
48321 378 250 94 1 250 68 3 97 530 1 2 2 3 0 
48245 372 233 99 0 306 72 4 78 581 2 1 6 1 0 
48318 374 225 106 2 265 63 0 87 545 3 1 5 6 0 
48380 333 229 90 2 265 67 0 84 537 3 2 2 6 0 
48310 380 226 90 1 255 80 3 84 563 2 0 2 4 0 
48297 397 268 83 3 228 78 1 86 549 3 2 1 4 0 
48336 363 240 92 3 267 55 7 97 524 6 1 3 6 0 
48247 391 266 99 3 262 75 2 94 551 6 1 1 2 0 
48353 373 222 89 2 285 53 2 108 500 1 0 4 8 0 
48378 341 222 101 5 267 60 2 96 516 3 2 4 3 0 
48323 368 232 99 1 268 59 1 109 534 3 1 1 1 0 
48391 332 234 90 0 250 72 0 96 525 1 0 5 4 0 
48291 375 245 88 0 272 58 3 108 546 6 1 3 4 0 
48362 383 235 94 1 244 72 0 78 522 5 0 3 1 0 
48346 339 219 91 0 256 67 1 85 584 5 1 3 3 0 
48348 378 225 105 2 253 60 2 107 512 2 0 1 5 0 
48349 336 238 96 1 248 73 1 103 545 3 1 3 3 0 
48398 318 234 89 0 263 57 0 87 542 5 2 2 3 0 
48396 369 227 87 1 242 66 3 67 536 3 1 1 1 0 
48293 362 223 103 3 256 78 3 95 571 4 1 2 6 0 
48363 362 221 114 3 245 61 3 93 519 6 2 4 4 0 
48304 344 229 108 1 281 55 1 98 568 7 1 1 2 0 
48383 369 238 80 4 273 64 1 96 480 5 1 3 3 0 
48325 364 240 95 2 267 55 0 91 549 6 2 2 2 0 
