48283 362 222 71 3 238 64 5 127 611 5 3 3 3 0 
48357 397 193 70 1 261 52 0 140 518 8 1 0 2 0 
48274 422 261 71 1 226 56 1 108 574 3 0 0 3 0 
48269 402 256 64 0 256 67 2 121 555 2 0 5 1 0 
48333 397 240 75 1 233 72 1 120 520 2 0 5 1 0 
48295 405 245 76 2 240 66 2 107 554 2 1 3 2 0 
48339 420 224 71 0 232 53 0 127 521 2 5 1 4 1 
48357 412 210 63 1 241 57 3 105 538 6 1 1 5 0 
48360 395 216 71 1 238 60 4 113 536 3 0 3 0 0 
48323 399 226 81 2 239 69 0 132 514 5 5 3 2 0 
48263 407 246 81 0 238 62 2 131 561 5 1 2 1 0 
48300 401 250 83 3 245 71 2 132 506 0 3 0 4 0 
48325 361 248 69 5 248 87 2 112 526 4 3 2 8 0 
48262 440 235 78 1 247 63 1 115 541 8 1 3 5 0 
48268 424 234 81 1 253 64 4 127 538 2 0 1 3 0 
48278 400 242 66 0 257 77 1 133 536 5 1 3 1 0 
48360 389 235 71 1 239 54 1 108 536 2 1 0 3 0 
48346 391 223 80 0 247 76 0 114 514 3 0 4 2 0 
48293 409 252 78 2 246 62 1 120 524 3 2 3 5 0 
48253 442 264 75 0 246 61 4 130 518 4 0 0 3 0 
48278 418 231 59 2 295 56 3 124 521 4 3 3 3 0 
48308 397 252 79 1 249 63 1 124 510 5 2 2 7 0 
48307 381 264 74 1 226 68 1 143 530 3 0 0 2 0 
48263 384 242 58 2 243 77 2 132 585 3 1 5 3 0 
48326 424 222 70 2 211 81 4 125 524 5 3 0 3 0 
48373 397 240 68 2 244 50 1 109 505 7 1 1 2 0 
48306 399 231 69 3 244 59 1 126 556 1 0 1 4 0 
48320 406 237 70 1 244 68 2 110 528 7 2 4 1 0 
48296 416 259 73 2 249 67 2 134 487 6 2 4 3 0 
48267 417 256 72 2 243 52 1 141 536 6 2 4 1 0 
48306 434 238 71 3 234 48 2 130 521 5 3 1 4 0 
48325 403 245 90 2 235 60 1 125 503 1 1 5 4 0 
48261 429 238 64 0 249 61 5 124 559 4 2 3 1 0 
48274 438 236 67 4 258 64 2 120 530 4 0 1 2 0 
48339 388 228 67 2 256 51 2 127 530 7 0 1 2 0 
48317 392 238 88 1 245 69 1 109 522 7 3 5 3 0 
48353 408 248 53 1 234 53 1 117 521 3 2 1 5 0 
48373 401 218 60 1 209 71 2 112 542 6 3 2 0 0 
48304 362 262 76 0 234 71 3 135 543 7 0 0 3 0 
48327 445 224 72 1 212 69 2 143 493 3 2 1 6 0 
48272 414 236 70 3 256 71 3 135 529 5 1 3 2 0 
48333 373 242 61 4 237 66 1 122 549 5 2 3 2 0 
48352 390 229 68 1 230 64 1 113 540 2 3 2 5 0 
48298 408 240 65 4 254 68 1 130 523 4 1 1 2 1 
48284 399 251 76 2 258 66 2 110 544 5 0 2 1 0 
48331 389 204 84 0 265 61 0 124 530 7 0 2 3 0 
48378 417 227 60 1 236 71 0 114 481 6 4 2 2 1 
48281 400 254 79 1 240 59 2 123 547 9 0 3 2 0 
48283 442 241 66 3 245 67 1 115 526 5 3 1 2 0 
48410 386 207 74 0 223 49 2 121 517 8 1 2 0 0 
48241 444 247 74 3 246 66 3 102 562 6 0 3 3 0 
48318 408 235 70 4 240 58 1 134 519 6 1 2 4 0 
48301 413 259 78 2 246 73 3 132 483 4 2 0 4 0 
48372 371 225 75 1 233 52 2 126 533 4 2 1 3 0 
48270 433 221 89 0 245 65 0 144 523 5 2 1 2 0 
48326 393 227 67 5 247 67 1 115 533 7 2 4 6 0 
48307 382 268 58 1 239 66 1 105 565 5 0 0 3 0 
48407 391 215 69 1 234 56 0 124 490 4 2 5 2 0 
48307 404 222 81 4 247 60 1 125 538 5 2 4 0 0 
48337 378 241 78 1 254 67 1 103 532 5 1 1 1 0 
48369 398 238 68 0 245 58 3 105 508 4 0 0 4 0 
48285 410 242 81 2 246 70 2 117 533 5 2 3 2 0 
48348 387 248 66 1 227 68 3 109 532 4 2 2 3 0 
48318 391 245 78 2 255 56 3 122 516 5 1 2 6 0 
48291 396 237 80 1 261 62 0 116 541 7 3 3 2 0 
48334 428 258 77 1 206 65 2 117 505 2 1 2 2 0 
48327 395 242 68 0 246 62 0 106 540 8 0 1 5 0 
48331 434 232 64 3 252 59 1 120 495 4 2 2 1 0 
48295 383 239 80 2 244 70 3 139 536 4 2 1 2 0 
48278 454 218 77 4 252 66 3 117 517 6 4 3 1 0 
48315 396 250 87 0 227 55 1 115 545 4 0 2 3 0 
48337 400 228 64 1 246 68 0 103 545 1 2 5 0 0 
48340 404 232 64 3 251 62 1 104 526 3 3 7 0 0 
48359 398 232 67 2 230 51 3 129 523 1 0 1 4 0 
48243 432 257 75 4 236 71 3 112 553 5 2 3 4 0 
48352 407 193 72 2 231 71 1 135 520 7 5 3 1 0 
48313 389 238 60 1 254 66 2 129 541 4 1 0 2 0 
48356 410 203 66 2 225 63 1 123 547 3 0 0 1 0 
48348 417 230 54 1 216 63 1 133 523 5 3 4 2 0 
48371 402 220 66 1 256 75 2 107 493 2 1 3 1 0 
48294 422 268 65 1 246 73 1 112 509 3 3 2 1 0 
48315 417 217 83 1 233 65 1 122 538 5 1 1 1 0 
48385 383 212 72 3 231 79 1 118 505 5 4 0 2 0 
48261 430 254 58 3 257 69 3 141 515 1 4 0 4 0 
48260 444 251 76 4 234 73 1 120 530 3 1 1 2 0 
48297 417 218 86 1 227 65 2 135 541 7 2 1 1 0 
48370 365 240 71 0 242 60 4 126 508 5 2 5 2 0 
48314 411 233 83 2 218 61 1 128 537 4 0 4 4 0 
48356 421 209 70 4 253 61 3 116 496 3 3 5 0 0 
48335 394 217 71 1 231 72 2 114 547 4 4 4 4 0 
48341 403 231 64 3 264 78 3 102 499 1 1 5 5 0 
48362 345 238 81 1 254 63 1 115 531 6 3 0 0 0 
48323 398 229 54 1 243 61 1 123 559 2 1 3 2 0 
48361 406 221 67 2 240 58 3 104 530 4 2 1 1 0 
48299 428 251 55 1 263 56 0 133 500 5 2 5 2 0 
48395 395 232 73 3 232 55 2 105 501 3 0 1 3 0 
48242 421 237 64 4 246 74 4 127 572 5 0 1 3 0 
48365 380 255 71 0 233 56 1 104 521 7 3 2 2 0 
48272 446 236 64 2 229 79 2 128 533 3 0 3 3 0 
48339 426 251 84 1 216 64 0 106 502 2 2 2 5 0 
48332 409 217 67 2 233 70 2 144 515 2 0 1 6 0 
48319 415 228 95 2 243 53 2 118 511 8 1 3 2 0 
48263 407 254 70 1 241 69 1 119 559 9 5 0 2 0 
48271 430 228 75 2 255 57 4 125 540 6 3 2 2 0 
48258 417 244 64 2 233 84 3 128 558 4 0 0 5 0 
48264 405 251 70 3 252 68 0 130 545 7 0 1 4 0 
48281 389 246 74 1 255 61 1 130 555 4 0 2 1 0 
48323 438 253 71 1 216 69 2 122 485 9 4 3 4 0 
48286 359 243 58 2 261 68 2 137 568 7 1 4 4 0 
48333 387 226 65 2 254 74 3 107 537 4 3 3 2 0 
48316 416 228 78 1 245 67 2 130 508 5 0 2 2 0 
48282 398 237 72 1 258 73 1 120 543 8 1 2 4 0 
48351 423 237 57 2 226 65 0 113 518 3 1 2 2 0 
48272 409 268 74 1 231 69 3 118 543 5 2 0 5 0 
48238 408 256 72 0 250 75 2 134 553 8 1 2 1 0 
48375 376 232 66 4 221 68 1 121 521 7 1 1 6 0 
48344 383 240 59 3 265 66 0 129 504 2 1 3 1 0 
48333 381 244 68 1 221 68 2 123 552 4 1 0 2 0 
48262 438 239 66 2 226 60 1 121 569 5 5 2 4 0 
48307 404 205 70 2 244 67 5 119 567 5 0 1 4 0 
48287 404 238 68 2 232 71 0 118 571 2 1 2 4 0 
48319 408 239 77 1 236 63 1 118 528 5 0 3 2 0 
48326 373 239 71 1 245 73 1 117 548 2 1 2 1 0 
48301 431 226 59 3 229 69 4 112 552 4 0 6 4 0 
48323 370 230 66 1 239 72 2 139 552 3 0 2 1 0 
48264 445 244 67 3 247 65 3 126 526 3 0 4 3 0 
48240 390 252 63 3 256 56 1 136 590 3 3 5 2 0 
48309 424 220 76 1 253 72 2 115 511 8 3 2 4 0 
48309 391 227 83 1 235 65 0 125 550 5 2 2 5 0 
48403 393 222 66 4 225 74 1 102 501 6 2 0 1 0 
48293 412 232 84 0 255 65 2 130 519 4 1 1 2 0 
48288 445 239 70 1 235 71 2 134 499 10 1 2 3 0 
48358 408 222 82 1 224 59 3 116 515 9 1 1 1 0 
48317 407 234 78 4 234 58 3 135 523 3 0 3 1 0 
48336 390 230 65 2 257 62 0 102 549 3 1 2 1 0 
48288 406 244 72 3 234 59 1 135 546 6 2 1 3 0 
48329 406 229 78 0 255 72 0 124 495 5 3 3 1 0 
48352 417 231 66 1 254 49 0 130 497 1 0 2 0 0 
48297 422 226 70 1 247 60 1 126 543 4 0 1 2 0 
48312 385 256 80 2 243 52 0 123 535 4 2 3 3 0 
48290 433 259 75 1 256 69 2 96 510 2 2 1 4 0 
48316 435 241 77 5 232 79 2 105 497 3 3 4 1 0 
48288 455 230 54 5 226 53 1 110 562 6 4 5 1 0 
48255 417 221 65 2 253 75 2 123 574 7 2 1 3 0 
48358 424 234 74 0 211 54 1 118 516 3 0 5 2 0 
48356 408 214 64 0 218 64 1 117 549 2 2 0 5 0 
48329 409 229 75 5 254 55 0 103 529 4 2 2 4 0 
48278 432 250 67 0 259 76 2 118 507 7 1 0 3 0 
48366 386 231 76 4 212 65 2 115 537 3 1 2 0 0 
48343 397 233 59 3 247 62 1 123 523 5 2 0 2 0 
48271 415 265 83 2 214 83 4 138 513 5 2 4 1 0 
48230 441 241 72 3 252 62 1 135 547 6 1 6 3 0 
48254 394 243 71 3 258 63 1 132 561 11 3 3 3 0 
48344 455 229 64 2 225 56 2 110 502 3 2 3 3 0 
48274 455 246 61 1 210 63 1 132 542 9 1 3 2 0 
48361 391 235 75 1 238 61 0 96 534 1 2 1 4 0 
48310 398 235 73 0 259 63 1 138 518 3 1 1 0 0 
48277 420 238 70 1 259 70 1 122 537 3 0 1 1 0 
48337 396 240 69 0 236 55 2 112 538 7 2 2 4 0 
48324 400 250 74 2 261 74 0 101 509 3 0 2 0 0 
48393 395 250 68 2 228 58 0 111 484 3 3 1 4 0 
48258 438 215 80 1 255 59 0 125 562 5 0 1 1 0 
48425 399 241 60 2 222 62 0 112 472 1 1 2 1 0 
48346 403 215 78 2 223 65 2 134 523 4 0 2 3 0 
48289 414 220 71 2 229 75 2 128 561 5 2 1 1 0 
48255 426 260 82 0 224 67 1 139 540 2 0 1 3 0 
48358 407 260 76 3 214 51 0 114 507 6 2 2 0 0 
48261 419 234 80 2 252 80 4 123 537 2 2 2 2 0 
48413 381 188 68 1 249 61 3 114 509 5 1 5 2 0 
48310 395 235 77 0 255 66 0 105 548 4 0 3 2 0 
48347 411 235 82 4 219 79 0 98 519 4 1 0 1 0 
48352 398 207 64 1 242 70 1 112 538 5 1 6 3 0 
48326 403 217 66 0 234 77 1 121 546 4 1 2 2 0 
48363 388 217 63 0 269 51 5 113 523 2 0 1 5 0 
48358 395 240 66 2 241 55 2 117 511 6 0 4 3 0 
48375 433 223 65 4 234 68 1 119 463 9 0 3 3 0 
48288 404 255 76 0 242 62 3 115 547 4 2 1 1 0 
48365 410 210 63 3 242 71 1 116 507 4 3 3 2 0 
48324 449 225 68 2 249 65 2 96 512 5 0 0 3 0 
48312 422 228 70 3 253 54 0 130 520 4 0 2 2 0 
48363 395 237 65 0 247 60 2 106 511 7 1 3 3 0 
48264 449 222 65 1 252 81 2 124 528 4 0 3 5 0 
48415 411 243 56 0 209 58 0 115 479 6 1 1 6 0 
48323 403 210 70 3 273 64 0 114 531 3 1 3 2 0 
48363 398 229 81 2 243 63 1 120 492 4 0 4 0 0 
48312 409 233 67 5 254 64 1 128 513 5 3 5 1 0 
48387 408 223 49 0 227 49 1 120 528 4 0 2 2 0 
48276 435 234 80 3 258 55 1 125 519 5 1 5 3 0 
48328 419 218 68 0 238 66 1 125 524 7 1 3 2 0 
48279 401 239 76 2 230 64 1 148 550 4 1 4 1 0 
48360 400 230 74 0 232 90 2 106 497 3 1 2 3 0 
48305 409 244 82 1 233 68 3 106 539 4 1 3 2 0 
48312 410 230 74 0 245 64 5 127 526 2 2 2 1 0 
48291 400 273 76 3 244 66 1 115 519 6 1 3 2 0 
48308 426 239 63 0 232 59 3 118 540 3 1 6 2 0 
48287 434 209 74 1 237 63 0 136 551 4 1 1 2 0 
48317 395 215 69 0 252 66 1 108 568 4 0 3 2 0 
48315 399 241 75 1 242 66 3 114 538 2 0 1 3 0 
48343 378 250 85 0 224 44 0 130 534 7 1 1 3 0 
48305 405 247 67 2 220 65 2 125 554 3 0 3 2 0 
48280 418 254 65 3 233 62 2 121 554 2 1 5 0 0 
48306 434 230 75 6 274 65 3 119 481 1 1 3 2 0 
48326 380 238 94 1 216 81 2 108 540 10 1 2 1 0 
48314 404 269 71 1 243 66 1 118 505 4 1 1 2 0 
48247 425 260 63 1 249 62 0 130 557 5 1 0 0 0 
48363 379 209 70 1 250 88 0 100 534 4 0 1 1 0 
48274 450 217 59 0 256 61 2 128 538 6 2 4 3 0 
48340 408 226 70 1 232 85 1 108 514 8 0 4 3 0 
48299 389 267 72 4 236 55 1 127 543 3 0 2 2 0 
48365 383 252 85 3 231 51 2 111 505 5 0 3 4 0 
48335 436 227 63 1 244 64 1 110 510 4 0 3 2 0 
48330 405 236 76 1 249 71 5 100 510 9 1 3 4 0 
48322 383 219 72 4 262 76 1 123 527 5 1 2 3 0 
48284 405 242 73 0 257 67 4 136 520 6 3 1 2 0 
48225 407 273 69 1 228 72 1 146 570 4 0 2 2 0 
48369 425 227 70 1 219 69 3 117 493 4 1 2 0 0 
48276 417 243 73 1 234 62 0 129 555 4 1 4 1 0 
48254 427 240 68 3 267 72 1 117 543 5 0 1 2 0 
48364 396 250 46 0 248 43 4 99 539 2 3 4 2 0 
48283 418 242 67 1 259 58 1 123 537 6 2 0 3 0 
48349 386 203 65 4 232 66 3 139 541 7 1 4 0 0 
48332 414 226 64 6 236 70 2 121 516 6 0 4 3 0 
48283 433 238 73 1 253 60 0 111 540 2 3 2 1 0 
48360 389 211 58 1 249 64 2 122 530 3 4 3 4 0 
48328 390 226 70 2 261 64 1 117 530 6 0 4 1 0 
48312 425 231 58 1 243 70 2 105 550 2 0 1 0 0 
48325 367 220 82 3 257 62 1 129 548 1 1 2 2 0 
48305 399 258 59 2 242 58 2 111 550 6 3 2 3 0 
48216 430 238 89 1 243 76 2 123 576 3 1 1 1 0 
48335 398 237 88 1 257 55 1 117 496 7 1 4 3 0 
48296 433 237 74 4 217 63 0 118 546 5 3 3 1 0 
48259 409 227 85 1 252 78 2 125 555 5 0 0 2 0 
48348 403 232 66 0 260 67 3 104 509 1 2 4 1 0 
48402 376 215 81 3 223 71 3 116 500 5 1 1 3 0 
48340 405 264 70 1 207 68 4 114 514 5 1 2 5 0 
48324 425 257 64 1 226 60 3 114 519 2 0 3 2 0 
48256 427 245 73 0 252 72 3 107 553 1 6 2 3 0 
48314 424 225 68 3 229 81 2 120 527 3 0 3 1 0 
48267 392 247 73 2 256 69 3 123 557 3 3 2 3 0 
48313 410 213 80 2 237 74 4 143 510 2 1 3 8 0 
48356 409 238 72 1 231 70 2 104 504 6 1 2 4 0 
48322 404 240 93 1 231 62 2 113 519 4 2 3 4 0 
48370 394 236 80 3 214 66 4 137 480 8 2 2 4 0 
48324 415 207 71 1 237 79 2 135 525 2 0 1 1 0 
48387 394 197 59 2 240 66 2 119 525 3 1 2 3 0 
48251 420 251 72 5 265 57 2 124 545 2 1 3 2 0 
48335 404 229 72 1 227 64 2 110 543 4 0 4 5 0 
48321 429 232 68 4 237 50 1 110 536 6 1 1 4 0 
48339 430 236 66 2 231 68 3 101 515 7 0 2 0 0 
48346 389 233 67 4 252 74 2 123 503 3 0 0 3 1 
48296 422 236 72 2 245 69 4 112 538 3 0 0 1 0 
48279 425 226 76 2 238 70 3 108 565 5 0 1 2 0 
48347 413 227 72 1 235 63 1 100 522 6 4 4 5 0 
48335 404 217 72 2 237 72 1 113 538 2 1 5 1 0 
48340 412 237 60 2 242 67 1 142 489 6 1 1 0 0 
48329 416 234 71 3 210 59 0 128 535 6 2 2 5 0 
48341 386 232 72 6 259 55 2 110 525 8 1 2 1 0 
48310 405 234 68 1 210 56 4 127 574 5 2 3 1 0 
48321 405 240 76 1 249 77 4 109 507 3 1 2 5 0 
48349 379 238 66 0 261 64 2 118 518 2 1 1 1 0 
48324 416 252 76 2 253 62 0 102 502 5 4 2 0 0 
48345 412 217 61 1 236 65 3 101 551 4 2 1 1 0 
48358 395 243 81 6 249 68 3 112 470 4 2 4 5 0 
48350 409 230 66 2 229 57 1 126 521 7 1 0 1 0 
48300 427 216 75 2 233 66 5 125 539 5 0 3 4 0 
48321 403 229 77 3 241 68 1 121 528 3 2 1 2 0 
48356 392 232 77 0 232 63 0 114 520 8 3 1 2 0 
48286 406 244 76 7 256 67 5 120 525 4 0 2 2 0 
48301 395 244 75 2 260 62 2 99 556 2 0 1 1 0 
48322 404 225 75 1 262 66 1 114 516 6 2 5 1 0 
48343 391 219 72 0 224 47 1 124 565 7 0 2 5 0 
48325 391 229 63 1 234 61 0 140 546 2 1 5 2 0 
48384 415 211 84 1 250 59 1 108 478 1 2 2 4 0 
48266 404 261 73 0 249 59 1 121 558 2 2 1 3 0 
48329 396 216 70 1 275 63 0 108 532 3 0 1 6 0 
48326 412 232 71 0 238 48 1 126 535 6 1 2 2 0 
48352 420 223 65 1 242 67 1 109 507 5 0 5 3 0 
48276 412 237 75 4 272 48 1 117 544 5 1 4 4 0 
48344 385 222 83 2 236 63 3 132 521 3 2 2 2 0 
48374 381 222 57 2 232 69 3 96 552 2 1 4 4 1 
48326 415 246 81 2 231 58 3 106 521 4 2 2 3 0 
48310 376 256 85 1 271 66 3 122 499 6 2 1 2 0 
48282 413 232 73 2 256 69 1 116 544 6 1 1 4 0 
48318 411 227 68 1 263 71 1 112 519 3 1 5 0 0 
48407 372 225 58 1 227 77 2 122 498 7 0 1 3 0 
48304 420 236 63 1 231 79 0 127 527 4 3 4 1 0 
48358 414 210 70 2 252 69 2 104 505 6 2 3 3 0 
48375 341 220 74 1 264 72 1 118 522 4 2 2 4 0 
48385 371 225 84 2 239 64 0 102 514 9 1 3 1 0 
48247 432 238 62 3 235 64 0 128 582 4 2 1 2 0 
48354 371 224 68 1 230 74 0 135 529 8 3 1 2 0 
48340 408 222 61 2 222 61 1 131 537 5 0 2 8 0 
48287 439 244 66 2 241 63 1 121 527 2 3 3 1 0 
48268 411 262 86 2 239 66 2 133 527 1 0 2 1 0 
48327 424 210 65 2 221 70 3 135 531 3 1 5 3 0 
48365 412 245 57 1 233 70 2 110 493 3 4 3 2 0 
48344 414 223 68 1 236 59 1 101 539 7 1 1 5 0 
48356 406 217 60 3 244 67 1 104 525 9 3 2 3 0 
48349 376 232 60 3 294 63 1 96 517 5 0 4 0 0 
48338 400 236 66 1 237 65 6 108 536 2 1 3 1 0 
48303 393 243 70 1 232 68 3 129 550 7 0 0 1 0 
48256 455 226 73 2 223 59 2 131 556 6 2 5 4 0 
48315 391 248 61 4 261 69 2 119 517 8 1 4 0 0 
48304 395 236 70 1 248 64 2 130 538 5 2 2 3 0 
48347 401 235 67 2 225 63 1 115 535 4 0 2 3 0 
48355 400 221 84 0 238 50 1 106 535 3 1 3 3 0 
48349 403 214 75 3 253 67 1 130 495 3 2 4 1 0 
48311 424 234 70 1 251 77 1 119 498 6 3 4 1 0 
48345 403 216 71 3 219 68 1 124 545 3 0 1 1 0 
48368 424 215 66 2 213 64 2 116 519 5 1 3 2 0 
48294 410 254 70 0 224 55 4 120 556 3 4 2 4 0 
48375 412 224 59 3 228 70 1 125 490 8 2 0 3 0 
48352 431 215 63 2 219 63 4 121 519 7 1 1 2 0 
48293 398 238 56 1 261 58 1 106 574 6 1 3 4 0 
48354 389 248 72 1 219 56 3 125 525 3 2 1 2 0 
48333 422 228 73 4 248 49 1 117 518 2 1 0 4 0 
48294 435 239 74 1 245 53 1 130 520 3 2 1 2 0 
48306 440 255 60 2 250 60 0 127 491 5 1 1 2 0 
48368 397 225 70 0 241 64 2 115 506 3 5 2 2 0 
48302 439 235 64 1 267 68 2 114 501 2 1 2 2 0 
48269 448 233 72 4 208 52 2 132 574 1 0 1 4 0 
48362 380 237 69 1 245 71 4 122 493 9 3 2 2 0 
48341 384 226 65 2 226 61 0 140 536 9 2 2 6 0 
48343 389 238 70 1 235 78 2 119 516 2 2 2 3 0 
48220 447 260 79 4 253 67 2 113 544 7 0 1 3 0 
48398 384 216 56 1 260 55 0 118 502 7 1 1 1 0 
48310 399 247 67 0 242 56 3 118 546 8 3 1 0 0 
48250 433 277 70 1 238 60 0 120 536 9 1 3 2 0 
48328 383 248 74 1 250 64 1 116 524 2 0 8 1 0 
48294 402 245 66 5 239 71 2 102 569 1 2 2 0 0 
48299 398 225 59 2 253 77 3 120 545 6 4 2 7 0 
48351 425 248 78 3 237 61 3 110 476 3 1 2 2 0 
48314 441 218 73 2 242 57 1 125 514 6 1 4 2 0 
48338 392 224 70 1 279 61 0 112 514 3 0 3 3 0 
48302 424 242 75 1 255 57 4 111 522 6 0 1 0 0 
48333 431 225 88 3 226 63 2 109 506 7 1 1 5 0 
48310 415 225 73 2 234 67 3 114 553 3 0 1 0 0 
48293 418 230 78 3 237 60 2 141 527 4 2 2 3 0 
48341 406 229 83 3 232 63 0 117 515 2 1 2 6 0 
48301 422 221 73 4 253 78 1 124 518 1 1 0 3 0 
48297 395 242 75 2 264 70 2 147 494 3 4 2 3 0 
48342 400 228 83 1 256 64 1 110 509 2 1 3 0 0 
48343 404 253 68 2 207 66 1 117 529 4 2 4 0 0 
48317 400 234 71 1 235 59 1 121 551 4 0 2 4 0 
48354 416 230 73 4 243 58 1 114 500 2 3 1 1 0 
48280 455 230 63 1 248 51 3 139 522 2 1 1 4 0 
48291 418 239 60 4 265 75 3 94 539 5 3 2 2 0 
48339 399 226 57 2 249 70 1 130 514 3 1 5 4 0 
48282 441 237 78 2 229 81 3 126 509 5 3 4 0 0 
48285 409 228 84 3 237 71 3 120 551 3 1 3 2 0 
48228 422 267 62 3 240 77 3 135 557 2 2 0 2 0 
48225 416 295 76 2 251 72 0 125 521 5 0 2 10 0 
48393 388 195 62 2 253 66 4 119 508 6 1 1 2 0 
48245 412 253 60 0 234 68 2 129 584 3 3 3 4 0 
48406 421 201 65 1 212 60 3 114 507 4 0 5 1 0 
48230 446 278 67 4 241 69 3 141 509 4 3 2 3 0 
48323 386 231 66 0 256 55 1 125 546 2 1 3 5 0 
48297 388 233 73 1 245 68 1 125 554 9 2 2 2 0 
48217 443 242 83 2 257 70 2 121 557 2 1 1 2 0 
48328 392 246 77 3 236 59 0 139 501 7 4 6 2 0 
48253 416 255 71 3 229 60 3 119 578 7 3 3 0 0 
48390 393 198 84 3 223 64 0 118 515 5 0 4 3 0 
48236 391 262 69 0 256 60 3 129 582 8 0 3 1 0 
48308 404 223 77 0 236 74 0 128 533 9 2 1 5 0 
48301 389 209 75 2 264 70 2 124 553 5 2 1 3 0 
48308 412 256 68 1 236 54 0 115 533 3 1 7 6 0 
48350 362 239 70 1 235 76 1 140 507 9 2 2 6 0 
48314 401 248 64 2 264 68 2 107 523 3 0 2 2 0 
48278 458 234 69 2 254 60 2 115 517 6 1 3 1 0 
48356 394 242 71 3 223 63 2 132 500 4 1 5 4 0 
48331 413 219 71 3 241 62 2 117 530 5 2 2 2 0 
48252 393 249 70 0 248 64 1 138 570 3 4 3 5 0 
48309 396 241 72 1 254 73 3 95 543 2 1 2 8 0 
48269 398 251 63 3 244 75 1 123 559 10 2 2 0 0 
48308 394 231 65 4 262 66 2 117 540 2 0 5 4 0 
48350 396 222 67 2 216 67 3 131 540 4 1 0 1 0 
48273 408 240 70 1 224 61 1 136 573 7 0 4 2 0 
48328 396 207 81 1 240 71 2 109 554 5 2 2 2 0 
48343 391 238 67 1 220 69 2 133 529 4 1 0 2 0 
48271 445 239 61 3 266 59 0 126 522 4 1 1 2 0 
48221 439 272 61 1 244 88 1 125 540 4 0 2 2 0 
48305 411 256 74 1 228 71 2 106 540 4 2 0 0 0 
48388 375 224 77 3 266 44 0 116 497 7 0 0 3 0 
48334 400 234 75 1 232 43 0 124 550 1 0 1 5 0 
48304 409 222 64 0 237 64 0 113 574 6 2 3 2 0 
48321 397 249 63 2 237 68 1 133 521 3 0 4 1 0 
48322 417 250 76 3 230 67 0 132 492 7 2 0 2 0 
48358 406 235 74 3 210 59 3 131 501 10 3 2 5 0 
48251 452 253 77 2 227 70 0 111 545 7 1 1 3 0 
48208 441 254 64 3 252 68 1 132 570 2 3 2 0 0 
48367 397 228 60 1 225 74 1 130 510 5 0 1 1 0 
48351 396 223 82 3 246 57 1 118 513 6 2 0 2 0 
48300 402 236 63 3 241 64 4 126 545 7 3 3 3 0 
48289 420 237 66 1 258 69 0 120 527 7 2 3 1 0 
48371 414 203 79 2 245 69 6 110 491 4 2 1 3 0 
48366 391 223 70 3 241 58 0 101 539 4 0 2 2 0 
48379 406 225 81 4 229 54 0 117 500 2 1 1 1 0 
48324 423 221 65 1 248 76 0 106 528 3 2 3 0 0 
48292 424 221 81 1 239 82 2 136 504 12 0 3 3 0 
48391 411 228 82 0 237 53 1 101 483 6 1 4 2 0 
48233 435 245 66 0 265 74 2 132 535 5 1 5 2 0 
48431 356 227 69 1 225 57 2 116 506 4 1 1 4 0 
48314 409 258 79 4 232 59 1 102 528 7 0 4 3 0 
48297 401 235 83 0 236 78 1 115 544 4 3 1 2 0 
48326 388 256 67 1 234 77 1 103 539 2 1 0 5 0 
48302 413 241 81 1 247 64 2 115 522 7 0 5 0 0 
48297 424 235 79 2 231 58 3 117 544 2 1 2 5 0 
48358 384 249 75 4 247 57 1 119 489 7 3 3 4 0 
48326 415 246 75 3 243 60 1 112 508 7 1 1 2 0 
48274 427 252 68 1 257 81 2 128 504 0 1 2 3 0 
48295 425 237 72 2 255 56 0 129 524 2 1 1 1 0 
48319 414 210 67 2 261 62 2 119 535 3 1 2 3 0 
48273 409 242 86 2 241 74 1 134 524 4 2 6 2 0 
48332 395 212 62 0 239 68 1 121 558 6 1 3 2 0 
48323 410 227 58 2 245 70 3 150 501 2 2 3 4 0 
48303 411 236 64 0 249 69 1 111 546 2 0 3 5 0 
48312 391 236 64 1 228 66 0 134 558 6 0 3 1 0 
48304 413 232 73 1 214 74 1 131 542 9 2 1 3 0 
48372 375 250 73 1 243 55 3 126 492 4 1 2 3 0 
48259 425 250 61 0 228 78 3 147 533 9 2 1 4 0 
48304 412 228 76 4 233 63 0 130 536 8 0 2 4 0 
48337 438 219 61 2 231 72 3 134 495 6 1 0 1 0 
48319 404 236 63 0 234 58 2 121 550 7 0 4 2 0 
48388 378 273 73 2 219 70 1 84 499 7 2 2 2 0 
48298 418 215 81 1 246 71 3 113 545 4 1 0 4 0 
48414 370 219 63 3 244 52 3 102 520 3 1 6 0 0 
48317 415 226 62 1 254 60 1 118 538 6 1 1 0 0 
48400 374 248 66 0 225 55 3 108 511 4 0 3 3 0 
48340 389 250 75 0 237 53 2 102 542 6 0 4 0 0 
48324 404 242 72 1 242 60 0 119 521 2 2 7 4 0 
48340 425 250 54 1 265 59 1 98 492 5 2 3 5 0 
48270 424 237 73 3 247 63 3 130 543 2 0 2 3 0 
48278 429 249 49 0 246 76 1 137 527 4 1 1 2 0 
48300 405 257 63 3 248 67 3 121 524 3 1 1 4 0 
48247 429 239 68 1 256 78 1 118 550 4 1 3 5 0 
48332 406 221 74 5 237 75 3 106 523 6 4 5 3 0 
48322 432 217 60 2 248 54 3 117 538 4 0 2 1 0 
48406 407 214 55 2 239 68 1 88 506 6 1 5 2 0 
48288 427 245 83 2 232 67 0 134 506 5 1 8 2 0 
48334 422 234 78 1 202 67 0 113 543 3 0 3 0 0 
48305 409 255 68 4 230 60 1 110 547 4 2 2 3 0 
48327 383 239 77 1 236 67 2 124 532 8 1 2 1 0 
48345 420 231 56 1 215 56 0 111 550 8 1 3 3 0 
48311 387 230 81 1 260 72 1 98 545 5 1 5 3 0 
48319 397 237 76 2 243 54 3 132 523 4 3 3 4 0 
48340 392 235 74 3 237 60 2 125 517 9 1 2 3 0 
48384 423 216 67 1 212 66 2 100 516 6 2 2 3 0 
48347 436 215 80 1 229 60 2 114 504 6 1 1 4 0 
48192 466 248 67 2 255 53 2 137 568 5 3 2 0 0 
48287 395 254 74 0 266 83 1 107 522 5 0 1 5 0 
48280 399 233 76 4 265 62 0 107 565 7 1 1 0 0 
48274 428 246 72 1 233 75 2 112 543 8 1 3 2 0 
48348 432 219 76 0 235 65 1 122 494 3 2 0 3 0 
48338 388 236 60 1 236 77 1 116 535 6 1 5 0 0 
48337 417 237 70 0 224 65 2 121 515 6 2 1 3 0 
48358 375 216 73 1 247 68 1 115 537 3 1 2 3 0 
48337 373 252 70 2 232 62 0 126 533 6 2 2 3 0 
48375 394 225 87 0 209 63 1 121 515 2 1 3 4 0 
48308 407 244 70 3 246 62 2 135 518 0 3 2 0 0 
48296 389 253 71 2 263 78 4 118 516 3 3 0 4 0 
48339 413 244 72 2 208 61 2 116 525 7 2 4 5 0 
48375 376 226 50 2 253 66 2 96 543 3 2 2 4 0 
48288 432 227 60 0 255 75 3 117 533 6 0 1 3 0 
48358 412 212 76 1 230 67 5 129 499 5 0 3 3 0 
48315 420 233 76 2 247 62 2 118 516 3 2 3 1 0 
48349 394 241 65 1 248 66 3 127 501 2 1 1 1 0 
48300 404 239 74 0 258 69 4 116 530 1 1 1 3 0 
48285 418 240 81 2 242 53 0 127 534 4 3 5 6 0 
48235 428 273 87 0 246 61 2 123 530 9 1 2 3 0 
48356 397 232 61 2 263 63 2 109 501 5 1 6 2 0 
48339 400 262 72 1 207 71 0 113 524 5 0 4 2 0 
48247 445 248 66 3 252 56 3 112 552 8 0 3 5 0 
48415 349 230 66 3 217 59 1 139 508 6 1 5 1 0 
48327 428 233 60 3 220 84 2 109 524 1 3 3 3 0 
48305 405 214 67 0 264 72 1 113 545 7 3 0 4 0 
48327 378 226 56 1 248 60 1 135 558 4 4 1 1 0 
48346 398 232 66 2 253 65 2 118 508 5 1 1 3 0 
48367 420 221 58 1 235 71 0 110 506 7 3 1 0 0 
48340 409 226 61 2 245 63 1 112 533 5 0 1 2 0 
48345 415 243 64 2 217 60 1 119 524 3 1 3 3 0 
48302 404 259 82 1 257 59 2 101 522 6 1 0 3 1 
48354 395 231 58 2 228 61 2 107 545 10 4 0 3 0 
48292 411 244 60 2 245 65 0 122 543 8 2 4 2 0 
48270 416 242 74 3 239 75 4 119 550 3 2 2 1 0 
48392 389 245 72 2 231 57 2 120 479 7 1 1 2 0 
48345 390 215 70 1 240 58 2 129 539 4 0 1 6 0 
48309 412 235 68 0 227 67 3 114 551 8 1 3 2 0 
48391 375 248 62 0 216 53 1 111 530 4 2 4 3 0 
48328 389 256 62 4 250 55 0 128 514 8 0 3 3 0 
48277 418 267 75 2 244 63 2 117 518 6 4 4 3 0 
48315 411 263 70 2 243 66 0 123 500 2 0 2 3 0 
48377 381 238 65 2 239 69 3 104 506 5 3 4 4 0 
48340 388 233 70 1 251 68 1 121 519 4 0 2 2 0 
48295 404 258 64 0 253 71 3 128 516 5 1 2 0 0 
48293 437 250 65 2 238 63 0 107 528 5 7 2 3 0 
48252 436 237 71 0 249 67 1 116 560 4 0 2 5 0 
48332 393 233 76 3 228 71 5 121 529 2 0 3 4 0 
48365 393 227 77 3 228 51 6 111 523 9 0 3 4 0 
48297 397 248 67 1 250 52 2 138 536 6 4 2 0 0 
48282 422 194 87 0 256 78 4 123 542 5 2 2 3 0 
