48388 392 228 89 3 241 49 2 102 495 3 1 3 4 0 
48362 379 263 62 6 246 60 3 93 517 3 1 3 2 0 
48315 401 229 96 1 242 69 1 98 533 9 1 3 2 0 
48286 403 254 71 3 245 64 3 123 543 2 1 2 0 0 
48327 388 214 76 1 266 61 0 113 541 7 2 2 2 0 
48286 419 260 72 2 239 68 2 121 526 1 0 1 3 0 
48346 379 216 83 0 243 54 2 125 537 5 1 4 5 0 
48325 412 212 69 3 250 49 1 134 533 6 2 3 1 0 
48327 399 232 73 0 255 72 0 129 502 5 2 1 3 0 
48328 369 230 82 3 255 57 2 121 540 7 0 1 5 0 
48306 393 238 94 1 278 65 1 99 514 4 1 2 4 0 
48377 393 215 68 1 228 67 0 103 540 3 1 1 3 0 
48351 406 210 75 1 266 69 2 116 494 5 1 1 3 0 
48399 383 221 80 1 246 64 1 79 517 4 1 1 3 0 
48319 394 210 73 2 249 64 0 125 552 5 3 2 2 0 
48332 386 237 71 3 233 74 1 104 544 6 2 2 5 0 
48374 384 205 78 0 261 68 2 110 510 3 1 2 2 0 
48327 392 246 78 4 247 81 2 96 516 5 0 6 0 0 
48317 397 242 72 0 229 81 2 109 540 5 0 2 4 0 
48320 397 223 73 2 229 65 4 110 567 7 0 1 2 0 
48293 377 249 80 3 262 63 0 115 544 7 3 2 2 0 
48286 379 244 68 3 236 69 2 123 575 5 1 1 8 0 
48310 425 227 82 3 249 64 3 119 510 3 2 2 1 0 
48281 433 231 68 1 267 86 1 121 494 6 0 6 5 0 
48300 398 226 81 2 231 87 1 131 530 5 2 2 4 0 
48321 397 219 76 1 249 54 2 131 543 5 0 0 2 0 
48349 381 217 75 1 262 73 0 112 523 5 0 2 0 0 
48376 387 239 81 3 248 50 1 105 496 7 0 2 5 0 
48352 412 235 66 1 237 52 1 104 530 3 1 4 2 0 
48292 414 260 74 0 237 68 1 122 526 0 1 2 3 0 
48337 414 238 85 0 218 78 0 129 488 8 1 3 1 0 
48255 417 259 94 4 239 59 1 96 565 6 2 3 0 0 
48326 381 239 71 1 240 62 2 100 569 0 2 4 3 0 
48300 408 229 76 4 276 61 2 107 527 3 1 3 3 0 
48268 401 209 80 0 264 70 1 118 574 5 2 4 4 0 
48331 386 227 73 2 255 61 2 113 531 10 0 7 2 0 
48320 351 237 71 0 256 65 2 143 544 6 3 1 1 0 
48293 406 247 66 1 240 65 1 125 539 6 1 4 6 0 
48299 419 217 78 2 235 71 0 125 541 8 1 1 3 0 
48381 386 213 67 3 255 63 0 107 515 6 1 1 2 0 
48398 359 225 59 1 230 71 2 97 541 4 1 5 7 0 
48275 416 233 69 0 252 69 3 123 552 2 0 2 4 0 
48417 358 215 69 1 245 58 1 121 508 3 0 2 2 0 
48303 399 259 71 0 251 69 3 117 522 2 1 1 2 0 
48300 380 243 77 2 277 62 1 105 538 8 2 3 2 0 
48321 382 242 85 3 251 53 1 106 544 3 0 4 5 0 
48297 379 276 68 3 234 49 0 125 559 4 2 2 2 0 
48307 418 252 65 1 264 64 5 94 516 8 1 3 2 0 
48295 425 244 79 6 253 63 1 115 507 3 2 5 2 0 
48301 410 205 79 5 267 55 2 102 566 5 1 1 1 0 
48279 400 266 70 3 262 59 2 113 534 4 3 2 3 0 
48255 407 244 65 2 258 66 1 130 557 7 3 0 5 0 
48370 371 227 90 0 234 72 3 99 523 3 2 2 4 0 
48367 385 244 60 1 251 62 3 107 508 6 1 3 2 0 
48376 397 219 80 0 254 61 3 93 507 1 2 3 4 0 
48323 377 222 94 4 223 80 1 114 554 5 0 1 2 0 
48321 382 227 77 1 284 59 4 108 523 4 2 3 5 0 
48355 391 235 85 1 245 67 2 103 499 5 1 5 6 0 
48272 384 254 73 4 272 64 0 123 543 3 5 2 1 0 
48339 426 223 64 2 242 61 1 131 500 3 0 3 5 0 
48347 382 241 66 5 241 60 1 124 519 8 0 2 4 0 
48358 379 230 72 4 232 75 1 97 539 7 2 1 3 0 
48316 387 242 92 0 234 65 0 117 535 3 2 6 1 0 
48331 401 241 78 1 245 60 0 91 540 4 0 4 4 0 
48361 409 218 76 0 245 57 6 113 506 4 2 3 0 0 
48396 394 223 67 0 238 65 2 104 503 4 2 0 2 0 
48327 364 234 82 3 227 72 2 100 573 7 4 3 2 0 
48323 418 241 73 2 235 74 2 103 517 7 0 4 1 0 
48337 416 219 86 3 238 51 3 118 512 7 1 6 3 0 
48308 403 221 75 0 261 58 2 128 533 5 2 1 3 0 
48331 388 218 80 2 238 58 0 118 554 5 1 3 4 0 
48383 370 229 72 3 227 75 5 129 496 4 0 2 5 0 
48404 350 230 67 1 225 73 2 96 542 5 0 4 1 0 
48272 404 241 93 3 279 57 1 111 530 3 2 1 3 0 
48276 402 248 78 1 251 68 2 101 569 1 0 1 2 0 
48317 406 205 67 3 260 64 0 112 554 6 1 2 3 0 
48273 433 229 75 1 260 73 3 110 523 11 2 5 2 0 
48283 411 248 68 2 229 66 3 105 569 6 1 5 4 0 
48290 386 264 75 1 248 59 4 123 542 1 3 1 3 0 
48234 406 234 68 1 271 74 1 118 579 6 0 2 6 0 
48262 432 243 83 2 259 55 2 125 521 4 1 4 7 0 
48330 399 242 72 3 261 54 1 123 510 1 1 1 2 0 
48310 413 229 83 1 266 66 0 115 507 7 0 1 2 0 
48345 406 198 80 2 250 62 2 116 526 4 1 2 6 0 
48363 401 202 81 3 240 79 2 110 507 3 1 3 5 0 
48374 421 207 76 0 239 63 4 100 508 2 1 2 3 0 
48264 366 248 82 2 273 68 1 115 568 3 2 3 5 0 
48320 388 213 78 0 255 64 0 120 547 4 3 4 4 0 
48364 388 215 80 2 248 48 1 125 518 6 0 2 3 0 
48287 390 235 80 2 260 77 4 129 526 5 1 3 1 0 
48342 423 229 77 2 246 61 3 110 496 4 1 5 1 0 
48307 409 238 68 2 243 60 1 118 547 1 2 0 4 0 
48297 413 228 76 2 238 71 4 122 541 3 1 2 2 0 
48306 414 251 76 2 240 56 3 126 512 5 3 2 4 0 
48378 383 236 80 0 214 68 1 123 506 5 0 5 1 0 
48278 403 246 79 1 255 69 1 111 541 6 2 4 4 0 
48321 373 232 99 1 245 66 4 121 524 5 2 1 6 0 
48321 403 254 67 1 263 58 1 98 526 4 1 1 2 0 
48279 425 245 71 2 256 56 0 94 564 2 0 5 1 0 
48317 390 248 81 3 267 59 3 110 504 6 5 3 4 0 
48279 400 261 81 2 250 65 2 111 546 1 0 1 1 0 
48356 383 235 73 3 232 74 3 120 511 5 0 2 3 0 
48335 407 223 69 4 247 70 2 121 508 4 2 4 4 0 
48310 407 252 76 2 256 57 6 109 517 2 2 1 3 0 
48288 391 248 89 0 284 65 3 118 496 10 2 2 4 0 
48310 379 216 77 3 248 66 1 122 562 4 0 4 8 0 
48284 435 228 77 2 235 73 0 110 548 3 0 1 4 0 
48287 413 243 84 2 232 76 1 113 540 5 2 1 1 0 
48324 401 243 73 1 240 59 0 130 524 2 2 1 0 0 
48302 399 234 61 4 249 60 1 115 561 5 0 4 5 0 
48316 380 281 77 0 227 67 1 104 539 5 0 2 1 0 
48242 397 244 75 1 276 70 1 118 565 2 1 5 3 0 
48305 404 225 80 2 242 70 0 113 547 5 1 3 3 0 
48283 418 213 86 0 260 55 1 109 562 2 1 5 5 0 
48303 385 248 67 3 257 59 3 116 548 5 0 2 4 0 
48256 427 261 87 2 231 71 3 110 545 5 1 0 1 0 
48358 398 241 68 1 222 57 1 131 513 3 2 3 2 0 
48333 391 223 72 2 247 61 1 99 562 3 0 1 5 0 
48255 453 229 72 0 229 69 1 150 531 5 2 3 1 0 
48309 392 242 101 1 238 79 1 99 524 6 1 2 5 0 
48342 392 209 76 2 250 77 4 116 517 4 2 2 7 0 
48322 410 233 90 1 245 68 3 123 493 6 1 3 2 0 
48339 395 246 78 3 247 64 0 100 523 2 0 2 1 0 
48281 377 249 84 2 265 75 2 119 542 0 0 3 1 0 
48409 364 207 91 2 246 63 5 109 493 4 0 2 5 0 
48260 425 248 89 4 254 68 1 120 519 3 2 3 4 0 
48353 345 242 82 3 241 49 4 113 560 4 0 3 1 0 
48334 406 240 90 2 230 66 6 117 500 6 2 0 1 0 
48290 393 264 75 0 229 76 4 104 550 9 1 3 1 1 
48373 397 236 64 1 230 49 0 109 530 5 2 1 3 0 
48328 381 263 72 1 249 70 0 113 516 1 2 3 1 0 
48314 383 247 85 3 267 70 1 127 491 3 1 5 3 0 
48276 422 253 84 3 241 53 1 114 539 7 0 5 2 0 
48337 418 230 83 0 250 68 0 105 503 3 0 0 3 0 
48425 383 207 58 2 242 67 3 110 495 3 1 2 2 0 
48276 411 259 78 2 238 59 0 104 562 5 1 2 3 0 
48352 390 225 77 1 256 55 2 119 513 4 1 4 1 0 
48225 394 242 100 2 272 74 1 121 556 7 3 1 2 0 
48270 420 231 94 3 254 65 2 116 535 4 1 2 3 0 
48303 413 238 82 0 255 61 1 102 536 6 1 1 1 0 
48301 417 254 68 1 235 66 4 124 519 4 0 4 3 0 
48252 418 266 89 2 260 57 3 97 545 4 2 2 3 0 
48313 399 243 74 1 243 64 0 105 548 3 1 1 5 0 
48254 374 273 88 1 254 64 1 106 568 6 5 3 3 0 
48287 424 233 70 3 249 66 4 121 523 8 2 4 6 0 
48338 408 239 72 2 244 76 3 97 509 6 2 0 4 0 
48379 381 212 78 4 245 56 2 123 510 4 2 3 1 0 
48289 408 233 83 4 225 77 3 114 557 4 1 2 0 0 
48369 370 232 70 0 240 65 1 114 529 3 0 2 5 0 
48263 402 231 91 2 267 65 3 111 552 4 1 3 5 0 
48313 417 245 86 2 255 71 0 94 503 5 2 2 5 0 
48390 366 230 63 1 268 67 2 112 494 2 1 4 0 0 
48288 412 229 88 0 253 56 0 108 551 5 2 4 4 0 
48283 404 252 75 2 252 59 0 130 528 6 0 1 8 0 
48278 412 257 83 1 250 61 3 127 524 1 2 0 1 0 
48375 395 240 71 0 247 77 0 92 495 3 0 2 3 0 
48312 413 255 79 2 251 54 1 109 517 2 2 1 2 0 
48393 358 212 86 5 221 78 1 108 531 3 2 2 0 0 
48315 403 238 75 3 233 78 1 117 521 8 3 3 2 0 
48330 401 235 74 1 252 61 2 104 529 5 1 2 3 0 
48364 366 220 96 2 249 50 1 108 534 1 2 3 4 0 
48295 387 242 73 3 251 67 2 110 555 8 2 2 3 0 
48257 412 223 81 4 267 58 2 105 578 5 1 6 1 0 
48311 430 238 92 2 218 70 2 101 516 6 6 6 2 0 
48366 401 237 77 4 221 49 3 128 499 4 2 2 7 0 
48392 401 203 75 1 249 69 0 96 504 5 0 4 1 0 
48357 413 229 66 1 218 74 3 103 528 3 3 1 1 0 
48348 396 219 73 1 244 69 3 116 520 5 0 1 5 0 
48313 406 222 80 1 265 73 0 117 507 6 5 4 1 0 
48320 388 223 80 2 246 63 3 111 555 4 1 4 0 0 
48320 394 227 71 0 237 64 1 120 554 3 3 0 6 0 
48363 371 234 69 4 234 57 2 110 544 4 3 3 2 0 
48342 417 228 80 1 220 75 1 106 512 9 2 1 6 0 
48345 387 238 73 1 248 63 1 108 529 2 3 2 0 0 
48353 392 226 78 1 238 65 3 110 522 3 3 4 2 0 
48355 357 222 70 4 245 76 4 106 540 5 3 8 5 0 
48291 359 254 72 4 274 65 1 131 535 4 1 4 5 0 
48359 417 240 68 5 223 58 3 124 487 8 2 1 4 1 
48356 382 247 70 4 231 63 3 128 499 2 5 4 6 0 
48323 425 246 71 3 234 54 1 112 521 4 1 2 3 0 
48351 381 251 79 3 251 68 2 108 499 4 1 2 0 0 
48297 366 249 70 2 260 73 2 145 526 2 1 6 1 0 
48344 417 226 78 4 247 69 0 106 502 3 0 4 0 0 
48373 396 244 76 1 233 59 2 116 487 6 1 2 4 0 
48290 396 245 82 2 239 65 3 112 556 3 0 2 5 0 
48348 374 223 84 0 223 66 0 108 563 6 4 0 1 0 
48326 338 236 79 3 258 54 2 120 576 5 0 2 1 0 
48284 410 236 84 5 226 54 4 108 581 4 1 1 2 0 
48344 393 235 83 1 237 58 1 120 517 6 1 3 1 0 
48332 383 227 63 1 246 76 1 126 536 4 0 3 2 0 
48385 426 209 65 6 227 49 2 123 494 8 1 2 2 1 
48265 402 235 70 2 247 77 4 116 572 4 1 3 2 0 
48362 400 237 63 2 215 81 1 118 513 3 1 2 2 0 
48272 404 254 89 0 255 67 0 117 534 0 1 2 5 0 
48282 383 253 81 2 262 72 3 114 534 8 1 1 4 0 
48322 408 228 71 0 272 70 2 93 522 8 1 2 1 0 
48374 390 212 81 3 237 65 2 108 520 4 0 3 1 0 
48346 407 230 81 1 282 56 4 104 483 4 0 1 1 0 
48284 389 247 73 3 257 68 7 117 538 6 1 6 4 0 
48321 418 240 85 3 234 66 2 93 527 4 1 2 4 0 
48290 393 232 81 1 256 67 1 122 547 6 0 2 2 0 
48296 386 208 81 4 265 61 0 113 574 3 3 1 5 0 
48346 420 230 82 0 216 59 3 110 524 6 2 0 2 0 
48340 409 232 69 0 249 60 2 114 510 5 2 5 3 0 
48269 426 246 102 1 221 84 1 114 530 2 0 2 2 0 
48312 368 233 89 1 268 69 1 124 528 3 0 1 3 0 
48311 417 247 76 3 229 63 2 116 522 4 0 7 3 0 
48291 422 232 84 2 246 61 3 114 534 6 2 2 1 0 
48339 400 228 94 0 236 66 3 93 528 7 2 3 1 0 
48298 397 223 77 0 251 70 1 121 556 2 2 2 0 0 
48400 372 241 87 2 260 60 3 97 463 6 0 3 6 0 
48314 417 202 70 2 250 60 2 116 561 2 1 1 2 0 
48340 373 222 80 1 245 44 0 107 580 4 0 3 1 0 
48327 419 254 73 1 255 57 1 105 499 3 0 4 2 0 
48324 382 233 77 2 220 65 0 132 552 3 3 2 5 0 
48279 410 232 89 2 242 66 2 123 545 1 3 6 0 0 
48374 379 235 78 2 223 62 3 115 514 7 3 1 4 0 
48288 404 265 76 2 247 69 2 105 534 5 0 1 2 0 
48261 407 250 78 2 253 57 3 107 574 3 1 2 2 0 
48318 382 245 65 1 277 71 2 109 521 4 0 3 2 0 
48298 391 251 84 3 261 63 1 122 518 6 0 0 2 0 
48322 402 233 84 0 252 61 2 109 523 3 1 7 1 0 
48299 420 242 83 3 240 69 2 108 519 7 0 3 5 0 
48308 385 235 68 2 230 66 5 136 551 4 5 2 3 0 
48263 416 255 82 0 255 66 2 105 543 4 2 2 5 0 
48314 392 217 72 1 227 82 3 126 554 5 1 1 5 0 
48230 419 230 88 3 258 60 5 132 563 4 2 3 3 0 
48281 423 241 81 3 225 56 2 123 552 6 2 2 3 0 
48302 419 233 64 0 244 67 2 116 536 5 1 5 6 0 
48387 374 221 79 3 249 61 3 100 514 5 1 1 2 0 
48370 385 236 70 0 251 61 3 102 515 1 1 2 3 0 
48403 335 243 79 3 254 66 1 97 509 3 1 5 1 0 
48345 405 234 65 2 239 59 3 111 527 5 1 1 3 0 
48264 403 260 80 5 245 73 1 125 533 4 3 3 1 0 
48332 396 251 84 1 262 59 1 115 492 3 2 1 1 0 
48387 371 235 59 0 230 67 5 118 522 2 1 2 1 0 
48315 381 220 75 0 253 71 1 122 549 2 4 5 2 0 
48283 409 254 78 2 214 69 0 115 564 5 1 4 2 0 
48317 354 240 89 2 243 62 2 127 550 4 2 5 3 0 
48363 376 248 72 2 237 66 3 101 516 6 4 2 4 0 
48347 398 208 65 3 259 68 3 122 519 2 0 3 3 0 
48311 372 245 67 0 248 72 2 114 558 6 0 1 4 0 
48284 416 242 78 1 256 66 3 126 515 5 2 2 4 0 
48319 413 228 70 2 238 70 1 135 513 4 1 4 2 0 
48315 398 233 92 2 260 59 2 110 521 2 2 1 3 0 
48305 389 228 80 1 275 69 5 110 524 7 2 1 4 0 
48345 389 214 77 5 242 79 1 125 512 7 2 0 2 0 
48396 369 219 80 4 223 73 2 95 531 3 1 1 3 0 
48293 374 225 73 0 287 80 3 116 536 6 0 1 6 0 
48355 407 234 68 3 254 58 2 127 486 3 1 2 0 0 
48358 359 218 80 4 234 72 2 111 550 4 2 2 4 0 
48341 389 249 69 3 221 69 3 114 530 6 2 0 4 0 
48315 413 240 79 1 254 57 2 94 535 2 2 3 3 0 
48320 400 248 92 2 246 60 0 102 515 7 1 4 3 0 
48316 401 209 73 6 253 70 2 130 533 4 0 0 3 0 
48322 396 240 73 6 239 66 2 98 546 8 2 1 1 0 
48316 396 236 74 4 250 73 2 108 530 2 5 1 3 0 
48327 398 245 77 2 234 70 1 95 537 8 3 2 1 0 
48354 392 234 76 2 235 59 1 109 526 2 0 4 6 0 
48310 400 258 66 0 240 70 0 113 534 4 0 5 0 0 
48338 387 230 72 2 243 62 2 111 540 6 4 1 2 0 
48330 362 248 81 0 241 67 2 122 537 1 1 5 3 0 
48317 398 256 67 0 255 64 3 110 522 3 1 3 1 0 
48311 403 233 71 2 248 57 1 115 548 4 1 5 1 0 
48261 426 252 74 1 267 63 0 121 524 3 0 5 3 0 
48363 394 235 67 1 224 57 3 112 532 5 1 3 3 0 
48388 363 208 63 2 234 73 1 99 558 6 3 1 1 0 
48302 413 237 74 1 239 53 3 105 563 3 2 2 3 0 
48266 393 257 76 0 280 53 3 113 548 3 2 1 5 0 
48251 417 240 73 1 266 64 1 120 549 8 4 2 4 0 
48296 416 263 84 1 238 66 4 97 527 4 0 2 2 0 
48368 355 239 72 1 249 63 1 113 530 2 0 3 4 0 
48340 385 234 71 4 245 65 3 116 530 3 0 4 0 0 
48290 409 258 76 1 251 62 0 100 541 5 4 2 1 0 
48287 369 258 74 4 241 70 4 115 564 8 2 1 3 0 
48389 368 239 62 0 231 58 1 119 524 4 2 2 1 0 
48334 401 240 78 0 243 61 1 108 518 5 3 4 4 0 
48342 421 235 77 1 216 57 3 114 523 5 2 0 4 0 
48330 372 218 73 0 267 55 3 125 551 1 1 3 1 0 
48327 397 224 88 2 235 56 3 123 534 3 4 2 2 0 
48286 430 234 78 4 248 59 5 115 530 7 0 4 0 0 
48317 406 227 79 1 251 51 4 127 526 3 1 2 5 0 
48317 386 246 76 1 241 70 2 118 534 3 2 4 0 0 
48254 402 230 79 1 308 69 1 117 530 4 3 1 1 0 
48335 395 217 83 0 242 55 1 121 537 8 2 1 3 0 
48367 375 237 88 3 223 75 0 97 529 4 1 0 1 0 
48338 369 228 80 1 250 55 2 120 547 7 2 0 1 0 
48292 405 195 80 3 285 71 2 107 555 3 0 1 1 0 
48276 404 247 82 3 277 73 2 124 504 1 0 4 3 0 
48381 364 212 69 0 233 60 4 129 536 3 2 4 3 0 
48323 379 235 72 1 247 58 1 110 568 5 0 1 0 0 
48233 412 272 66 4 260 53 1 126 563 5 0 1 4 0 
48309 429 239 83 3 251 68 4 119 487 4 1 2 1 0 
48249 396 268 81 0 266 69 2 116 541 6 0 3 3 0 
48371 373 252 68 0 237 67 4 118 496 6 2 2 4 0 
48285 430 245 71 1 268 65 1 92 527 5 3 5 2 0 
48352 411 229 89 2 229 57 5 111 504 3 3 2 3 0 
48316 423 237 76 1 230 75 2 106 523 6 0 4 1 0 
48292 408 244 85 1 244 57 1 112 547 3 0 4 2 0 
48417 369 197 70 0 230 64 5 120 522 2 0 3 1 0 
48296 395 225 86 3 236 74 2 121 555 1 2 1 3 0 
48360 388 227 65 0 245 62 1 86 555 1 0 7 3 0 
48324 429 203 87 0 233 75 1 113 525 1 1 4 4 0 
48316 399 245 82 2 233 68 3 130 512 4 4 1 1 0 
48329 390 254 82 3 233 64 1 115 520 6 1 1 1 0 
48296 408 243 81 0 233 56 2 111 562 3 0 2 3 0 
48336 377 223 72 1 244 63 3 120 550 3 2 4 2 0 
48320 388 242 73 1 232 66 0 111 557 6 0 1 3 0 
48414 384 211 57 1 241 62 2 120 497 3 1 3 4 0 
48263 427 236 86 2 246 60 2 124 545 3 2 2 2 0 
48300 402 254 80 2 255 54 2 121 519 6 0 2 3 0 
48297 404 246 66 2 254 63 1 110 544 5 2 2 4 0 
48229 428 233 93 2 265 61 1 111 569 2 0 1 5 0 
48315 402 246 78 2 242 67 3 105 534 4 1 1 0 0 
48306 412 237 71 1 238 67 2 110 548 4 0 2 2 0 
48313 369 229 82 1 287 69 0 121 517 7 0 0 5 0 
48341 386 246 91 2 218 68 0 107 530 7 2 0 2 0 
48329 377 266 67 0 243 64 2 116 527 1 1 2 5 0 
48336 374 243 95 2 245 67 1 113 514 6 1 2 1 0 
48231 430 248 85 1 286 68 0 126 513 2 4 1 5 0 
48272 376 259 82 1 270 72 0 118 539 8 0 2 1 0 
48246 402 264 72 5 238 64 1 130 565 6 1 4 2 0 
48354 413 251 73 0 252 59 3 97 487 4 2 5 0 0 
48305 403 240 85 2 261 68 4 106 514 8 1 1 2 0 
48238 428 253 83 3 274 67 0 112 535 2 1 3 1 0 
48351 359 208 79 0 249 76 4 110 551 5 2 2 4 0 
48266 430 242 64 2 244 65 0 112 564 4 2 3 2 0 
48316 421 212 75 3 248 58 2 115 543 4 1 0 2 0 
48349 392 219 61 0 240 60 2 100 566 5 1 1 4 0 
48338 368 229 75 0 244 75 3 121 537 3 2 2 3 0 
48265 413 223 84 0 260 64 3 128 548 4 0 3 5 0 
48335 422 211 67 3 230 72 3 111 539 3 1 0 3 0 
48298 425 208 64 6 273 82 0 114 517 5 2 3 3 0 
48281 410 239 81 0 251 72 3 120 529 5 1 2 6 0 
48292 401 229 91 2 232 73 4 121 543 8 2 1 1 0 
48295 438 207 88 0 228 73 1 113 549 1 1 3 3 0 
48390 396 232 76 3 232 51 3 113 493 4 1 3 3 0 
48288 389 262 68 4 269 71 2 124 508 5 1 3 6 0 
48410 377 235 84 0 238 57 0 106 483 5 0 0 5 0 
48332 391 238 60 3 241 65 1 102 547 8 1 7 4 0 
48358 416 223 67 1 212 63 4 111 532 8 0 5 0 0 
48312 413 224 85 0 265 70 1 111 513 3 0 1 2 0 
48384 388 250 79 1 218 67 2 80 524 2 2 2 1 0 
48261 430 224 73 4 269 72 0 117 546 3 0 1 0 0 
48349 394 213 85 0 229 69 1 106 537 6 5 5 1 0 
48298 392 261 78 1 240 62 2 113 539 6 2 2 4 0 
48258 415 246 66 1 277 66 0 110 551 4 3 0 3 0 
48315 385 249 68 2 237 77 0 115 535 4 2 5 6 0 
48367 372 229 68 2 234 65 4 118 528 3 3 4 3 0 
48258 423 259 73 1 260 71 1 122 519 4 2 2 5 0 
48332 386 224 73 5 234 74 3 114 544 7 1 1 2 0 
48324 425 227 65 1 234 73 2 117 528 1 0 1 2 0 
48264 381 250 84 1 267 68 2 135 537 5 1 1 4 0 
48375 371 220 77 2 216 68 0 113 547 6 0 1 4 0 
48249 405 228 81 3 270 77 4 117 555 4 1 4 2 0 
48240 390 240 93 6 255 80 2 121 562 4 2 3 2 0 
48330 398 244 82 1 249 73 3 103 504 9 1 1 2 0 
48290 408 231 79 3 275 74 0 100 531 4 0 2 3 0 
48373 375 230 80 1 229 60 3 102 528 10 2 5 2 0 
48356 353 226 80 1 240 71 1 118 548 1 1 3 1 0 
48355 378 210 83 3 248 61 2 118 530 3 2 4 3 0 
48352 377 248 68 3 252 68 4 121 496 3 2 5 1 0 
48326 398 227 75 2 223 62 2 118 559 5 1 2 0 0 
48307 391 245 78 4 235 65 3 114 551 3 0 1 3 0 
48251 402 263 81 3 265 61 2 116 544 3 1 5 3 0 
48250 417 238 92 1 267 57 0 113 553 3 5 2 2 0 
48350 359 227 72 1 247 67 3 109 553 6 0 3 3 0 
48282 401 255 79 2 273 64 0 115 523 1 0 2 3 0 
48292 401 235 73 1 257 62 3 119 547 6 1 0 3 0 
48341 381 225 79 1 221 68 3 107 561 8 2 1 2 0 
48351 367 199 79 4 253 76 1 122 539 3 2 1 3 0 
48290 447 229 69 0 258 75 3 110 506 5 5 2 1 0 
48348 394 210 82 1 244 68 4 108 531 6 0 1 3 0 
48339 407 225 71 3 223 64 2 127 527 2 1 5 4 0 
48310 393 239 76 2 237 71 2 120 543 2 1 2 2 0 
48279 380 251 96 2 230 74 1 112 571 2 1 0 1 0 
48364 365 224 99 2 280 67 2 83 509 0 1 0 4 0 
48296 406 236 86 1 238 72 4 109 538 6 4 3 1 0 
48368 421 228 83 0 224 60 3 113 489 7 3 1 0 0 
48298 415 221 84 1 266 52 0 113 541 4 0 2 3 0 
48287 380 240 75 2 238 63 2 108 596 5 1 1 2 0 
48368 376 227 84 0 212 67 3 111 535 3 4 5 5 0 
48310 389 229 82 1 241 71 2 119 547 2 0 5 2 0 
48328 401 260 61 3 246 59 0 118 516 4 0 4 0 0 
48319 383 224 80 1 234 54 4 132 559 5 0 3 2 0 
48320 391 233 70 2 255 70 1 104 542 3 2 5 2 0 
48281 406 251 65 4 264 73 3 115 528 4 2 3 1 0 
48302 406 232 83 4 251 73 0 101 543 3 0 0 2 0 
48348 410 242 69 1 250 59 1 105 508 2 0 1 4 0 
48329 385 225 70 1 250 44 3 96 582 6 2 4 3 0 
48296 407 253 77 1 287 53 1 107 502 6 1 4 5 0 
48400 348 218 82 2 253 61 4 118 502 7 0 2 3 0 
48228 439 264 88 6 268 56 4 110 529 6 1 0 1 0 
48349 407 225 72 1 217 58 2 129 526 3 2 4 5 0 
48390 377 228 82 1 223 59 3 111 518 4 1 0 3 0 
48311 432 248 59 1 254 63 1 106 517 3 0 4 1 0 
48317 414 217 71 2 234 66 3 124 549 3 0 0 0 0 
48343 375 223 87 3 276 67 3 106 510 4 0 1 2 0 
48363 370 255 87 3 235 78 3 105 488 7 0 4 2 0 
48268 405 257 82 1 242 68 2 122 541 5 1 3 3 0 
48311 388 253 83 2 239 70 3 131 509 7 2 1 1 0 
48359 400 226 71 5 216 78 1 114 523 2 2 2 1 0 
48382 392 231 76 3 249 69 0 111 482 2 0 2 1 0 
48329 375 218 78 3 240 88 4 118 537 4 2 2 2 0 
48393 375 233 81 1 230 50 2 117 510 4 0 1 3 0 
48313 413 237 72 2 251 68 1 109 526 2 0 5 1 0 
48325 380 245 79 0 239 71 3 108 537 6 1 2 4 0 
48269 415 226 80 2 251 77 1 130 535 5 1 5 3 0 
48290 400 237 72 4 236 69 1 116 569 2 2 1 1 0 
48329 366 246 78 2 262 61 0 110 538 3 2 1 2 0 
48314 392 254 81 0 217 68 3 101 560 7 1 1 1 0 
48324 405 241 74 2 254 68 1 107 511 6 1 3 3 0 
48289 381 244 104 2 230 63 4 137 534 3 2 2 5 0 
48307 370 263 80 1 261 67 0 113 521 8 2 3 4 0 
48320 407 233 66 0 254 63 2 109 536 2 1 3 3 1 
48308 407 244 67 3 242 67 4 109 532 9 4 3 1 0 
48277 424 261 82 1 249 64 2 95 534 7 0 2 2 0 
48284 416 216 78 2 260 61 3 122 550 2 1 3 2 0 
48276 396 244 63 1 267 60 2 117 558 7 2 2 5 0 
48275 416 249 95 4 272 58 2 107 516 5 0 1 0 0 
48300 362 241 86 1 251 57 0 117 573 6 0 2 4 0 
48322 413 233 80 0 262 57 1 108 515 5 3 1 0 0 
48297 434 206 78 4 254 61 3 115 536 6 1 3 2 0 
48272 386 242 70 5 270 52 3 97 590 6 3 2 2 0 
48330 394 205 86 3 229 81 2 114 543 7 3 1 2 0 
48290 402 214 79 3 252 84 3 129 525 8 2 5 4 0 
48365 379 227 93 2 221 73 2 95 534 2 3 3 1 0 
48301 421 237 75 1 222 67 1 120 543 5 1 1 5 0 
48285 367 248 79 4 277 75 5 117 533 6 0 0 4 0 
48261 408 239 86 3 239 61 1 120 575 2 0 3 2 0 
48300 416 226 88 2 240 70 0 120 522 6 1 4 5 0 
48303 380 243 80 2 254 81 1 107 538 3 2 4 2 0 
48337 427 224 77 3 237 61 2 97 522 5 1 4 3 0 
48313 403 256 79 0 240 74 1 101 514 12 3 2 2 0 
48348 369 217 79 0 244 68 1 116 549 2 1 2 4 0 
48297 391 231 71 2 246 50 3 123 578 5 2 0 1 0 
48311 394 224 69 3 281 64 2 112 532 4 1 2 1 0 
48332 395 224 85 2 246 65 0 117 524 4 1 4 1 0 
48341 403 207 97 1 222 59 5 106 551 2 2 1 3 0 
48329 421 225 77 4 220 59 2 126 525 1 2 3 6 0 
48308 425 247 71 3 235 68 0 109 518 7 2 5 2 0 
48265 430 208 89 4 260 60 3 113 561 3 1 2 1 0 
48322 405 216 71 1 249 83 1 114 528 5 1 1 3 0 
48366 372 240 75 2 234 59 0 113 528 3 3 3 2 0 
48275 381 242 83 0 236 64 0 106 601 4 3 1 4 0 
48289 380 252 72 3 258 74 1 107 559 1 0 4 0 0 
48321 384 240 80 0 260 78 1 115 514 2 3 0 2 0 
48349 389 239 91 1 253 58 2 108 499 6 2 1 2 0 
48327 407 243 84 1 237 58 3 114 516 4 0 3 3 0 
48320 406 261 76 1 231 55 0 112 529 1 3 1 4 0 
48245 408 229 82 1 275 67 2 115 563 5 3 3 2 0 
48239 412 244 81 5 262 85 2 121 539 4 1 1 4 0 
48304 412 240 91 2 238 76 1 114 511 6 2 1 2 0 
48313 397 232 91 2 259 73 3 119 506 4 0 0 1 0 
48365 394 211 67 2 255 62 4 102 527 5 1 3 2 0 
48281 428 239 82 0 249 65 1 113 524 6 4 3 5 0 
48359 392 212 85 1 224 60 3 115 538 7 0 2 2 0 
48365 360 229 81 4 243 68 7 126 503 5 1 5 3 0 
48378 386 242 84 2 230 66 1 125 476 5 0 2 3 0 
48371 386 243 68 2 238 63 2 120 498 1 1 5 2 0 
48383 346 245 78 3 240 65 0 118 516 2 1 1 2 0 
48412 382 233 62 1 232 56 0 116 492 6 2 2 4 0 
48278 399 242 85 0 252 73 2 124 539 3 0 1 2 0 
48301 428 268 73 1 234 56 3 128 501 2 3 0 2 0 
48288 406 236 89 1 257 68 1 124 516 6 2 1 5 0 
48287 420 238 71 2 249 62 1 124 533 7 1 4 1 0 
48310 429 213 71 0 224 46 5 117 578 2 0 3 2 0 
48355 388 232 81 1 242 68 5 114 505 3 2 4 0 0 
48290 391 251 80 2 253 65 5 113 547 1 0 1 1 0 
48324 383 263 82 1 245 73 3 110 508 4 0 2 2 0 
48306 387 244 63 2 242 66 3 128 546 6 3 3 1 0 
48294 392 243 71 0 268 60 2 122 539 4 2 1 2 0 
48351 396 235 79 3 209 73 1 133 513 2 1 3 1 0 
48250 396 238 83 3 287 84 0 118 528 6 0 3 4 0 
48337 397 235 75 2 268 51 2 109 517 3 0 2 2 0 
48279 402 248 78 0 284 69 2 106 522 6 1 0 3 0 
48334 394 234 81 0 232 73 2 113 527 7 0 1 2 0 
48248 400 257 80 1 267 86 1 119 533 4 3 0 1 0 
48337 390 236 85 3 246 46 2 107 533 9 1 4 1 0 
48271 393 236 83 2 264 67 0 111 558 6 3 4 2 0 
48291 404 257 76 3 219 50 2 112 580 1 1 2 2 0 
48241 406 249 75 0 243 78 2 106 596 1 0 1 2 0 
48309 395 263 76 2 258 56 0 109 526 2 2 1 1 0 
48322 402 259 72 2 249 78 0 110 491 12 1 1 1 0 
48266 413 234 65 6 264 67 3 122 543 12 0 3 2 0 
48343 392 243 83 4 241 60 1 105 518 4 2 2 2 0 
48278 428 247 93 3 231 62 7 103 535 5 2 4 2 0 
48372 356 228 82 2 218 65 2 117 546 7 0 3 2 0 
48390 360 240 63 0 231 62 2 121 520 3 1 2 5 0 
48367 372 200 76 0 249 66 1 129 527 6 3 1 3 0 
48359 385 242 79 1 219 75 2 102 522 4 2 5 3 0 
48420 353 237 76 2 234 60 0 107 502 2 1 3 3 0 
48385 377 233 84 4 230 66 3 111 494 9 2 1 1 0 
48350 375 270 70 2 248 55 2 101 513 7 0 6 1 0 
48425 387 209 74 2 220 78 2 115 477 4 2 3 2 0 
48366 405 214 75 0 250 64 0 117 498 4 2 3 2 0 
48327 401 269 72 0 236 66 2 119 498 2 1 3 4 0 
48239 410 247 82 2 269 77 2 126 536 6 1 2 1 0 
48275 428 238 79 2 241 63 3 122 539 6 1 2 1 0 
48240 429 233 69 1 244 75 3 127 567 6 3 2 1 0 
