48289 432 239 68 1 246 59 1 123 523 10 3 5 1 0 
48327 419 248 62 3 233 61 2 134 499 5 2 4 1 0 
48300 413 247 69 1 241 75 2 126 513 6 0 2 5 0 
48352 404 218 71 5 242 61 1 128 506 5 2 1 4 0 
48247 436 233 67 1 248 53 5 137 561 7 0 4 1 0 
48294 416 280 61 1 235 66 2 138 493 8 2 0 4 0 
48264 448 247 46 2 238 63 1 140 537 6 4 2 2 0 
48293 412 247 65 4 224 58 1 137 553 2 0 4 0 0 
48315 426 215 71 2 254 58 2 140 506 6 1 4 0 0 
48368 427 206 70 0 213 61 0 119 524 3 1 5 3 0 
48353 398 247 59 5 238 43 1 130 515 8 2 1 0 0 
48195 447 253 75 4 258 71 1 133 557 4 0 1 1 0 
48344 418 238 52 2 222 70 4 136 504 6 1 1 2 0 
48257 437 258 61 0 236 80 0 131 531 2 1 4 2 0 
48360 382 231 55 5 220 79 1 129 534 3 1 0 0 0 
48376 424 228 63 0 193 66 4 144 494 2 2 4 0 0 
48291 437 241 68 1 255 56 4 130 505 7 1 3 1 0 
48337 440 239 52 3 218 64 0 143 486 8 2 3 5 0 
48260 448 256 61 0 230 76 2 136 519 4 3 3 2 0 
48303 411 244 71 4 244 61 2 135 515 4 2 0 4 0 
48251 410 217 62 1 277 70 3 121 578 5 1 1 3 0 
48319 431 231 61 2 232 69 3 137 505 3 0 4 3 0 
48301 378 247 61 0 239 71 1 134 559 5 0 4 0 0 
48344 388 257 54 1 236 71 2 109 526 4 1 2 5 0 
48222 446 253 59 6 234 73 4 136 560 4 0 2 1 0 
48296 435 226 52 1 224 56 4 111 578 7 4 0 6 0 
48281 431 240 55 1 210 69 0 120 581 9 1 2 0 0 
48261 375 239 71 1 258 67 3 140 573 6 2 3 1 0 
48244 435 233 81 1 251 70 0 137 534 4 1 8 1 0 
48332 443 213 64 5 207 66 1 121 538 5 1 1 3 0 
48334 427 226 78 2 240 69 1 132 486 3 0 2 0 0 
48299 397 250 67 5 250 67 3 141 511 6 0 2 2 0 
48280 417 263 65 0 234 58 2 134 539 3 1 3 1 0 
48286 465 257 66 0 223 73 5 109 505 6 2 1 2 0 
48268 432 254 59 2 218 83 2 114 561 4 0 1 2 0 
48407 371 240 54 1 226 62 1 129 504 2 2 0 1 0 
48282 439 225 79 3 229 70 4 114 536 10 1 3 4 1 
48252 411 238 80 2 255 82 3 119 543 8 1 4 2 0 
48260 426 253 61 5 230 78 4 126 547 8 1 1 0 0 
48318 402 221 70 2 230 70 1 142 533 5 1 2 3 0 
48325 403 247 58 4 245 61 1 121 516 7 2 5 5 0 
48312 419 228 68 2 229 58 0 133 547 1 0 2 1 0 
48345 423 232 60 2 236 52 2 112 522 6 0 2 6 0 
48352 422 217 66 2 247 65 2 113 506 5 0 1 2 0 
48335 398 227 58 1 260 61 0 122 527 7 1 1 2 0 
48229 450 242 59 5 252 66 4 128 561 3 0 1 0 0 
48306 423 233 61 3 222 68 3 127 549 2 1 1 1 0 
48260 412 261 63 1 253 68 2 146 523 5 1 3 2 0 
48275 471 236 51 2 227 59 1 122 545 5 3 0 3 0 
48320 429 225 51 6 248 55 1 127 526 4 1 4 3 0 
48282 425 225 71 2 253 64 2 120 544 1 2 3 5 1 
48346 394 240 63 1 239 55 1 127 526 3 1 4 0 0 
48324 433 219 60 0 202 65 4 140 540 3 1 4 5 0 
48236 422 237 70 3 234 81 1 138 564 5 1 4 4 0 
48267 420 246 59 2 252 63 1 142 540 5 3 0 0 0 
48310 448 203 61 1 216 75 1 125 549 7 0 4 0 0 
48333 418 244 48 5 246 65 2 113 513 4 1 4 4 0 
48275 406 236 51 1 247 60 1 148 565 4 0 2 4 0 
48316 408 245 63 0 224 73 1 117 544 6 2 0 1 0 
48304 415 246 69 2 253 65 0 102 533 5 2 2 2 0 
48287 455 227 64 2 234 64 2 127 531 3 0 3 1 0 
48238 409 257 61 2 282 67 0 125 546 4 1 2 6 0 
48292 405 239 69 2 236 65 3 147 529 4 1 3 5 0 
48361 411 209 59 2 245 61 5 127 505 8 3 0 4 0 
48325 420 247 70 0 254 66 1 119 487 5 1 0 5 0 
48381 395 237 57 2 214 63 2 109 524 7 2 2 5 0 
48307 424 210 63 0 248 52 1 127 556 4 2 4 2 0 
48295 438 235 61 0 246 77 2 133 506 3 1 2 1 0 
48352 390 253 67 0 242 54 1 123 508 3 3 2 2 0 
48252 406 258 73 3 251 64 2 117 564 6 1 2 1 0 
48365 408 227 64 3 216 61 1 115 529 6 1 2 2 0 
48329 440 221 55 1 217 68 1 125 536 1 0 3 3 0 
48374 407 235 49 2 225 58 0 114 528 2 4 1 1 0 
48323 396 247 71 2 232 66 2 116 536 2 3 1 3 0 
48273 419 243 69 4 245 56 0 125 545 3 3 6 9 0 
48373 415 198 64 0 219 63 1 142 512 9 1 1 2 0 
48258 414 250 67 2 241 65 3 162 530 4 0 2 2 0 
48305 465 224 87 0 211 48 1 104 546 4 3 2 0 0 
48333 431 214 64 3 249 71 1 118 510 1 2 0 3 0 
48345 431 229 48 1 248 63 1 131 492 8 1 2 0 0 
48371 419 200 70 4 213 66 3 119 527 3 1 2 2 0 
48299 430 243 65 3 228 72 1 120 527 5 1 2 4 0 
48320 411 239 57 5 282 55 2 126 497 0 1 4 1 0 
48304 422 210 67 1 250 58 1 118 558 8 1 1 1 0 
48312 443 228 83 0 216 83 1 114 514 3 0 2 1 0 
48304 434 244 69 3 226 53 6 144 501 7 1 4 4 0 
48315 402 237 61 0 244 54 1 127 547 7 0 1 4 0 
48324 419 218 72 0 266 67 4 122 493 6 1 5 3 0 
48295 447 225 72 1 223 64 2 112 548 4 1 4 2 0 
48299 388 243 78 2 251 58 3 114 554 6 0 2 2 0 
48316 424 265 59 2 223 64 1 120 513 5 1 3 4 0 
48324 431 221 69 1 217 70 1 129 521 6 4 3 3 0 
48242 434 262 61 0 222 72 2 132 563 5 3 1 1 0 
48336 405 235 67 3 263 56 2 130 493 3 1 3 3 0 
48355 432 210 58 1 214 71 1 120 531 2 2 2 1 0 
48325 387 247 73 1 214 65 2 125 549 5 2 3 2 0 
48316 421 228 53 4 246 61 4 126 530 4 0 3 4 0 
48298 406 239 68 0 234 68 4 121 551 5 1 1 4 0 
48336 389 249 65 1 247 70 5 115 511 5 3 1 3 0 
48328 435 259 68 1 221 62 2 126 488 3 3 2 2 0 
48367 403 236 68 3 206 59 1 137 512 5 2 1 0 0 
48316 409 235 62 4 254 68 2 120 521 3 2 4 0 0 
48287 444 239 66 3 249 65 3 119 513 4 0 3 5 0 
48316 411 196 66 3 245 65 1 132 552 6 1 3 3 0 
48352 406 239 74 1 230 58 2 116 515 4 1 0 2 0 
48337 407 226 62 3 247 56 5 124 525 4 3 0 1 0 
48299 451 240 77 0 221 73 1 105 517 8 2 3 3 0 
48284 425 243 60 1 233 69 0 108 566 5 1 3 2 0 
48288 414 242 46 1 238 75 2 136 552 2 1 0 3 0 
48359 392 248 56 1 225 71 4 116 518 4 2 1 3 0 
48348 410 227 63 1 218 58 1 127 532 9 1 2 3 0 
48222 460 281 51 2 220 48 0 117 590 5 1 0 3 0 
48269 393 229 59 2 247 81 2 139 568 5 1 3 2 0 
48321 402 243 76 0 238 61 3 146 505 1 1 2 1 0 
48309 433 229 57 4 252 60 1 116 531 4 0 3 1 0 
48278 420 248 75 3 229 64 3 139 527 6 0 6 2 0 
48258 423 259 55 1 252 62 4 141 536 4 1 1 3 0 
48361 416 218 68 3 229 79 2 112 504 2 1 3 2 0 
48309 439 237 61 2 258 67 2 119 495 5 1 1 4 0 
48273 423 239 69 2 237 74 2 124 551 3 0 1 2 0 
48265 419 251 65 1 252 60 2 131 545 2 2 3 2 0 
48328 389 232 51 1 245 59 3 118 558 6 1 8 1 0 
48314 384 241 67 0 236 75 1 111 558 4 2 2 5 0 
48274 422 247 81 4 229 62 3 126 542 4 3 1 2 0 
48304 435 246 62 1 213 65 1 134 528 7 2 1 1 0 
48282 455 240 54 1 243 69 2 124 520 3 2 0 5 0 
48283 411 270 65 2 230 45 4 154 525 5 3 2 1 0 
48356 407 212 65 2 229 79 2 127 512 2 4 2 1 0 
48362 431 233 55 1 222 63 2 122 491 7 3 4 4 0 
48291 427 233 70 3 218 70 1 141 532 9 0 4 1 0 
48328 426 220 65 1 230 66 1 130 517 5 4 0 7 0 
48370 412 242 52 4 222 57 1 108 522 4 0 3 3 0 
48389 398 231 59 1 210 69 2 131 502 3 1 1 3 0 
48248 434 241 67 1 243 71 4 136 541 5 1 4 4 0 
48251 454 257 60 2 230 75 4 126 530 5 1 3 2 0 
48311 414 250 71 2 218 67 1 123 533 4 1 2 3 0 
48290 464 246 63 2 229 63 4 122 506 5 0 5 1 0 
48316 418 216 67 0 261 61 0 114 538 6 1 2 0 0 
48287 419 229 69 2 242 79 0 127 533 9 2 1 1 0 
48261 448 240 67 1 234 55 4 129 555 1 2 1 2 0 
48294 424 251 59 2 235 64 1 119 539 5 2 2 3 0 
48316 436 242 77 1 236 58 0 125 499 4 0 4 2 0 
48369 394 257 60 3 219 57 0 130 501 2 3 2 3 0 
48282 409 233 64 1 231 74 2 129 559 7 1 5 3 0 
48397 409 218 62 0 227 67 2 100 509 1 2 1 5 0 
48246 446 256 67 0 234 82 3 113 542 4 0 4 3 0 
48312 399 240 70 1 247 62 1 101 551 7 2 3 4 0 
48338 421 250 53 3 214 76 3 123 508 6 4 1 0 0 
48294 445 231 61 2 226 70 3 126 539 1 1 0 1 0 
48343 416 253 57 1 222 68 2 113 515 4 1 4 1 0 
48339 435 238 64 0 247 62 0 124 483 4 0 1 3 0 
48282 401 254 70 2 250 64 2 107 547 10 1 5 5 0 
48326 413 232 53 2 233 69 1 125 530 10 4 0 2 0 
48281 434 235 66 1 207 74 1 115 574 7 0 2 3 0 
48285 425 260 69 1 241 72 2 111 528 2 2 0 2 0 
48304 423 236 62 0 217 74 3 121 551 2 3 2 2 0 
48214 476 272 59 1 236 60 3 143 522 6 2 3 3 0 
48290 428 236 63 1 237 61 4 130 544 2 2 1 1 0 
48318 410 256 62 1 247 66 0 126 503 4 1 1 5 0 
48287 444 225 69 0 248 66 1 123 531 3 3 0 0 0 
48284 415 257 53 0 229 70 2 126 550 11 0 1 2 0 
48249 476 251 66 1 236 68 1 106 537 7 1 0 1 0 
48307 420 212 79 3 237 53 0 130 545 9 1 3 1 0 
48342 406 238 64 1 217 58 0 137 528 3 1 3 2 0 
48323 421 212 64 1 214 73 4 136 537 8 2 3 2 0 
48321 429 195 66 6 246 71 3 115 538 3 0 3 4 0 
48305 432 239 67 2 240 58 1 124 524 3 0 3 2 0 
48358 433 220 54 3 233 63 2 127 497 7 0 3 0 0 
48263 431 236 60 1 232 60 1 143 562 4 2 2 3 0 
48313 422 222 75 0 212 72 2 122 552 4 0 2 2 0 
48345 420 228 76 0 241 70 0 113 493 5 1 5 3 0 
48360 386 270 67 0 235 57 0 117 502 2 0 2 2 0 
48326 439 216 50 2 221 78 0 116 538 6 0 5 3 0 
48364 390 224 67 3 208 61 0 135 543 5 0 0 0 0 
48313 397 234 75 2 222 63 1 157 529 2 0 2 3 0 
48245 463 260 66 2 251 61 3 117 524 4 1 2 1 0 
48317 419 237 79 1 238 61 0 124 514 3 1 3 3 0 
48267 425 269 55 0 246 62 4 125 537 5 1 3 1 0 
48333 415 268 61 1 236 66 1 131 475 6 4 0 3 0 
48275 423 262 72 2 234 70 0 125 526 3 2 2 4 0 
48316 436 224 77 4 234 68 2 107 521 7 1 1 2 0 
48284 464 209 77 2 247 65 0 127 512 7 0 2 4 0 
48256 411 246 68 2 251 71 7 126 546 8 1 5 2 0 
48320 420 223 65 1 243 62 1 122 525 10 3 2 3 0 
48290 411 222 79 3 251 65 4 126 533 7 1 5 3 0 
48367 375 236 55 0 250 51 2 121 533 5 1 4 0 0 
48311 412 231 62 0 252 67 2 138 518 3 2 2 0 0 
48228 454 258 64 1 252 76 1 133 521 4 4 1 3 0 
48339 413 232 60 1 260 65 3 114 500 6 3 3 1 0 
48333 399 237 59 1 243 50 2 123 539 5 1 3 5 0 
48288 427 223 67 1 230 65 3 122 560 6 3 5 0 0 
48238 420 248 62 2 244 69 7 142 561 2 3 1 1 0 
48219 439 248 56 3 226 59 2 150 581 5 4 4 4 0 
48325 436 212 65 3 233 65 1 124 531 2 1 2 0 0 
48349 441 231 58 2 229 64 3 111 499 6 0 5 2 0 
48334 409 235 73 1 230 57 2 115 531 8 0 3 2 0 
48334 424 240 65 1 211 60 3 123 528 6 0 2 3 0 
48264 419 235 72 0 249 66 3 126 555 6 0 4 1 0 
48326 419 248 62 0 244 62 0 122 503 4 4 2 4 0 
48294 444 254 57 1 217 63 0 110 546 7 1 3 3 0 
48340 437 230 50 0 214 52 3 116 544 2 7 1 4 0 
48329 438 223 58 0 225 60 2 109 545 4 1 2 4 0 
48369 390 232 60 2 225 63 2 125 519 6 2 3 2 0 
48334 391 247 73 1 229 51 0 126 538 5 2 3 0 0 
48294 396 226 57 1 271 64 2 124 553 7 1 1 3 0 
48300 440 224 54 1 217 74 1 135 546 5 1 1 1 0 
48267 410 252 61 0 244 61 0 145 553 3 1 1 2 0 
48220 477 238 73 2 233 60 2 133 555 2 0 4 1 0 
48324 400 225 63 2 230 80 3 131 531 2 2 3 4 0 
48314 400 249 74 3 247 71 2 136 493 7 0 3 1 0 
48369 446 188 70 1 207 66 0 126 512 7 2 3 3 0 
48268 421 235 79 0 227 65 2 120 572 3 4 2 2 0 
48238 447 232 63 3 239 70 0 144 556 3 2 1 2 0 
48392 381 228 71 0 217 62 3 133 508 2 1 2 0 0 
48367 419 227 62 0 231 60 4 121 503 2 1 2 1 0 
48330 411 235 71 3 230 64 2 115 526 6 3 3 1 0 
48362 453 233 54 0 232 62 0 113 485 3 0 1 2 0 
48317 393 236 63 3 220 68 4 124 562 5 0 2 3 0 
48318 445 223 67 0 231 83 1 121 499 5 2 3 2 0 
48317 400 237 46 3 245 84 1 121 535 6 2 3 0 0 
48342 403 234 58 3 236 70 3 122 518 3 4 2 2 0 
48274 432 247 73 1 223 72 2 124 541 6 1 0 4 0 
48378 413 227 60 3 229 69 2 128 481 4 3 1 2 0 
48297 431 239 63 3 235 56 2 118 545 5 1 1 4 0 
48319 379 242 62 3 227 52 4 142 559 5 1 2 3 0 
48330 397 233 72 1 234 47 2 135 535 8 1 3 2 0 
48258 417 244 65 2 215 74 1 133 584 4 0 0 3 0 
48299 428 224 72 4 233 79 0 135 513 3 4 2 4 0 
48223 471 255 72 2 248 78 3 144 494 5 2 3 0 0 
48260 430 251 60 3 259 67 3 122 532 5 0 3 5 0 
48318 396 254 69 1 227 58 1 129 535 3 2 4 3 0 
48322 430 233 60 1 225 63 2 119 534 3 2 2 4 0 
48306 420 276 70 2 233 71 4 110 501 5 1 1 0 0 
48192 453 275 71 4 228 57 2 115 588 5 0 6 4 0 
48321 403 237 57 3 233 57 2 147 529 6 1 3 1 0 
48190 433 273 67 1 267 71 0 129 555 8 1 3 2 0 
48287 427 249 73 4 244 61 1 114 531 4 1 3 1 0 
48291 425 240 61 1 225 53 3 139 547 5 1 2 7 0 
48304 440 227 65 1 227 69 0 124 533 2 1 3 4 0 
48314 418 241 63 1 251 59 0 137 509 5 1 1 0 0 
48269 438 235 60 0 244 57 1 134 548 4 2 4 4 0 
48265 419 212 80 3 264 65 2 129 546 9 3 1 2 0 
48305 419 232 56 4 234 69 3 133 532 6 1 3 3 0 
48389 415 215 49 1 225 54 1 125 509 6 0 7 4 0 
48245 420 246 77 1 240 67 2 122 568 4 3 3 2 0 
48268 423 238 75 0 251 66 2 133 539 2 2 0 1 0 
48321 400 219 63 2 249 57 3 139 528 10 2 3 4 0 
48211 441 280 64 3 249 70 1 125 548 7 0 0 1 0 
48278 431 253 71 1 246 70 3 115 523 4 1 1 3 0 
48321 438 207 70 2 233 64 2 139 518 4 0 0 2 0 
48310 419 235 73 0 231 66 3 128 521 8 2 2 2 0 
48265 434 226 74 2 212 57 1 146 565 10 1 3 4 0 
48265 442 249 77 1 236 60 0 140 516 7 1 3 3 0 
48366 394 229 58 4 265 64 3 110 500 5 1 1 0 0 
48331 405 237 52 0 249 64 3 118 532 2 1 3 3 0 
48329 430 237 66 2 234 64 1 126 497 7 1 4 2 0 
48269 443 255 71 2 246 59 1 112 533 4 1 1 3 0 
48271 431 237 58 2 245 66 4 142 536 4 2 2 0 0 
48335 442 222 57 3 250 62 3 129 488 3 1 2 3 0 
48430 389 228 64 0 207 59 1 118 495 4 0 4 1 0 
48349 415 204 62 2 215 62 3 134 542 7 2 2 1 0 
48266 432 255 68 0 253 61 4 135 515 3 4 1 3 0 
48266 453 228 69 2 225 74 3 122 547 6 0 3 2 0 
48374 391 249 60 0 230 65 1 126 493 2 3 3 3 0 
48366 416 243 65 3 227 67 1 122 480 3 2 5 0 0 
48348 403 219 68 4 210 66 3 117 549 5 1 4 3 0 
48344 439 215 53 2 249 55 1 147 487 3 0 1 4 0 
48411 400 217 63 1 234 43 3 133 484 5 1 3 2 0 
48292 439 223 73 2 234 67 3 109 547 4 2 4 1 0 
48318 402 241 74 3 219 68 4 138 523 2 1 4 3 0 
48320 415 246 55 4 235 74 4 126 514 3 1 2 1 0 
48342 401 226 66 0 224 65 0 120 548 1 1 4 2 0 
48326 390 221 64 2 247 71 2 128 537 6 2 1 3 0 
48335 443 252 62 0 219 65 2 124 489 3 1 3 2 0 
48342 410 237 53 0 243 56 3 138 503 4 2 7 2 0 
48302 480 222 57 1 236 53 1 126 507 6 1 5 3 0 
48269 431 233 87 0 248 56 1 141 522 4 2 3 3 0 
48294 408 263 62 2 223 57 1 134 544 9 1 2 0 0 
48322 376 229 58 4 215 73 0 128 587 4 1 3 0 0 
48253 456 242 60 2 240 61 1 128 545 5 2 2 3 0 
48324 426 250 55 2 230 46 1 123 531 6 2 1 3 0 
48302 426 240 64 2 232 68 3 115 535 8 3 0 2 0 
48304 426 209 68 1 234 59 3 134 550 4 1 4 3 0 
48335 404 232 60 2 214 70 5 126 542 5 1 2 2 0 
48330 399 249 73 4 251 57 0 126 503 5 1 0 2 0 
48224 456 242 65 2 259 65 2 120 552 7 2 3 1 0 
48358 400 233 58 3 239 71 0 119 511 4 1 0 3 0 
48326 423 249 61 0 216 68 2 130 517 3 1 3 1 0 
48281 465 235 69 0 224 67 1 119 527 4 2 2 4 0 
48304 410 221 55 2 250 60 1 144 537 8 2 3 3 0 
48352 428 210 59 0 223 74 1 118 526 4 1 3 1 0 
48315 417 249 57 2 212 62 3 131 544 4 1 2 1 0 
48271 426 244 71 0 232 60 2 131 549 3 2 2 7 0 
48247 429 240 75 1 252 69 2 145 524 6 0 5 5 0 
48328 416 228 66 2 233 71 1 144 499 9 1 1 1 0 
48366 414 251 62 3 224 70 0 119 485 2 0 2 2 0 
48307 422 237 67 3 239 60 2 130 525 3 0 3 2 0 
48301 424 233 69 0 226 63 0 124 550 7 1 1 1 0 
48221 450 242 77 0 261 85 0 119 532 2 2 7 2 0 
48275 444 248 79 2 246 73 1 128 495 4 1 1 3 0 
48243 464 235 72 3 220 62 3 129 557 7 0 4 1 0 
48215 445 229 70 2 255 83 3 130 562 0 1 4 1 0 
48299 422 213 76 2 222 63 4 127 563 4 1 0 4 0 
48310 391 266 59 3 252 55 0 136 518 4 0 4 2 0 
48236 427 243 74 3 230 72 1 135 573 3 2 1 0 0 
48299 401 255 63 3 223 68 4 120 546 6 1 3 8 0 
48260 442 237 53 2 235 77 0 123 559 8 0 2 2 0 
48273 418 250 59 1 224 77 2 141 547 4 4 0 0 0 
48322 414 268 72 2 205 57 2 110 540 3 2 2 1 0 
48337 408 221 59 3 239 60 1 143 521 3 1 3 1 0 
48233 408 255 81 2 243 63 1 143 556 3 3 3 6 0 
48304 406 236 59 2 211 64 2 136 567 7 2 2 2 0 
48247 428 221 83 1 235 73 2 146 549 7 3 3 2 0 
48304 398 245 65 1 242 62 1 143 530 2 1 2 4 0 
48328 433 203 62 0 239 63 3 151 504 4 0 3 7 0 
48398 386 233 64 1 221 59 2 115 508 5 4 2 2 0 
48280 439 226 69 4 245 58 2 134 535 6 0 1 1 0 
48309 410 237 72 1 225 67 1 113 549 7 1 4 4 0 
48256 412 259 73 2 237 52 2 134 563 6 1 1 2 0 
48300 417 250 65 1 224 83 4 129 508 8 1 4 6 0 
48301 424 231 64 4 242 68 1 129 527 6 1 1 1 0 
48299 453 239 71 2 205 82 1 101 536 7 0 3 1 0 
48238 427 247 60 4 272 69 2 134 541 1 1 0 4 0 
48303 416 214 50 0 251 77 3 123 541 6 4 4 8 0 
48318 412 230 70 1 227 52 1 125 559 2 1 1 1 0 
48337 415 224 59 4 240 67 2 123 524 2 0 2 1 0 
48257 453 252 72 2 238 71 0 112 530 8 0 2 3 0 
48340 403 223 55 2 234 73 0 128 531 4 3 1 3 0 
48309 410 240 75 1 236 55 2 119 542 3 2 1 5 0 
48330 425 252 56 1 263 68 0 107 491 2 1 3 1 0 
48288 434 249 61 1 220 63 0 127 545 2 2 4 4 0 
48314 374 231 64 2 237 74 1 141 549 5 1 2 5 0 
48362 389 260 70 3 216 51 1 125 508 5 2 5 3 0 
48294 437 253 70 1 243 70 1 112 517 1 0 0 1 0 
48332 392 234 73 1 249 69 2 120 517 5 3 2 1 0 
48326 409 237 52 3 229 66 0 126 540 5 1 2 4 0 
48282 439 218 67 1 228 72 1 125 557 5 2 2 1 0 
48276 447 229 72 2 238 73 3 121 530 4 0 2 3 0 
48305 430 251 58 2 232 62 1 120 525 4 4 3 3 0 
48335 452 203 61 2 216 64 3 137 520 4 0 1 2 0 
48314 447 221 67 3 243 50 0 140 503 3 2 2 5 0 
48324 401 247 74 2 215 61 0 138 530 3 1 0 4 0 
48343 412 227 68 4 204 71 1 127 535 3 0 3 2 0 
48278 399 274 74 0 246 65 1 124 524 3 2 4 6 0 
48319 414 210 57 1 257 70 2 131 530 6 2 0 1 0 
48358 350 245 75 4 232 65 2 131 525 5 1 5 2 0 
48203 474 249 64 1 246 79 3 130 539 9 2 0 1 0 
48241 443 239 57 0 227 79 2 139 562 2 3 3 3 0 
48307 399 248 62 1 241 79 2 132 510 4 3 6 6 0 
48211 448 230 61 2 254 88 1 125 567 8 2 1 2 0 
48271 422 229 73 2 244 59 0 126 566 3 3 1 1 0 
48298 415 236 66 0 230 70 0 114 561 5 1 2 2 0 
48355 421 227 54 1 220 71 5 130 504 3 1 4 4 0 
48302 425 212 67 0 248 59 2 134 532 6 4 3 6 0 
48286 437 234 65 1 251 60 1 141 513 5 2 2 2 0 
48280 459 220 70 5 253 67 1 118 518 2 2 3 2 0 
48366 422 231 45 1 227 54 0 107 539 3 3 1 1 0 
48322 429 237 46 1 232 81 3 106 533 4 3 1 2 0 
48260 397 236 74 3 234 61 3 146 582 3 0 1 0 0 
48336 408 234 67 1 235 64 0 125 521 5 1 2 1 0 
48310 424 227 55 4 256 67 3 118 528 4 1 2 1 0 
48239 437 245 82 2 255 65 1 124 537 6 2 2 3 0 
48337 356 248 65 3 241 56 4 144 533 4 3 5 1 0 
48348 428 225 65 1 235 49 2 116 521 3 0 4 3 0 
48371 427 221 61 3 205 72 1 131 498 5 3 1 1 0 
48303 424 229 62 1 225 70 1 128 546 5 1 4 1 0 
48266 437 246 71 0 231 67 0 137 535 5 1 2 2 0 
48320 416 221 71 4 239 64 2 119 533 6 0 2 3 0 
48374 420 234 50 0 232 50 3 128 495 9 0 0 5 0 
48296 427 248 75 1 242 62 1 109 533 1 0 4 1 0 
48326 425 214 64 3 221 66 1 130 540 3 2 3 2 0 
48299 426 239 51 3 221 69 1 123 560 4 1 2 1 0 
48326 432 229 64 3 223 55 2 126 533 2 1 1 3 0 
48308 417 233 58 2 246 66 0 127 533 0 4 4 2 0 
48299 411 238 73 3 249 66 0 125 526 1 1 5 3 0 
48252 426 271 72 2 248 66 1 124 528 4 2 1 3 0 
48313 416 234 63 1 247 48 1 129 537 7 1 2 1 0 
48262 424 264 71 2 238 79 1 138 509 4 3 4 1 0 
48333 381 246 61 3 220 76 4 121 551 2 0 0 2 0 
48324 429 239 72 1 231 62 2 120 509 7 1 1 2 0 
48295 453 245 62 2 225 56 3 137 508 4 3 7 0 0 
48351 399 258 56 5 204 52 1 129 533 6 1 2 3 0 
48240 448 241 56 1 243 72 2 129 560 4 1 0 3 0 
48424 399 207 68 3 208 50 4 113 518 1 1 2 2 0 
48334 423 232 60 0 236 67 2 128 502 7 6 0 3 0 
48323 417 226 79 2 227 57 2 121 533 6 0 5 2 0 
48345 415 259 61 0 243 62 2 126 478 2 2 2 3 0 
48288 488 223 68 1 233 60 1 111 518 4 0 4 1 0 
48268 459 227 54 1 254 68 0 120 536 4 2 4 3 0 
48259 455 229 66 1 243 63 1 133 532 12 1 2 3 0 
48281 410 254 73 3 247 65 1 113 538 8 1 4 2 0 
48332 385 255 70 1 248 53 3 110 534 2 2 4 1 0 
48247 427 256 58 1 231 74 2 128 556 9 5 3 3 0 
48336 412 227 65 1 231 65 2 140 515 5 0 1 0 0 
48314 447 213 73 3 231 67 0 121 522 4 1 2 2 0 
48322 422 232 58 3 249 63 1 128 508 6 1 5 2 0 
48286 423 259 68 0 220 79 1 125 522 7 1 7 2 0 
48286 418 249 81 1 241 64 2 120 528 5 0 2 3 0 
48256 419 241 69 3 251 54 1 138 559 4 0 2 3 0 
48325 415 244 68 1 226 57 2 148 499 8 0 3 4 0 
48321 442 223 61 0 240 62 1 120 524 0 1 2 3 0 
48310 397 250 58 0 249 53 1 118 552 5 2 2 3 0 
48278 439 239 59 1 237 75 6 112 544 3 3 3 1 0 
48339 396 211 74 0 255 61 5 120 523 9 3 3 1 0 
48281 421 225 73 1 256 75 2 120 535 6 1 1 3 0 
48350 423 214 55 3 226 71 2 135 508 2 1 5 5 0 
48319 428 213 68 2 250 69 2 121 519 3 1 3 2 0 
48292 427 233 85 2 236 57 2 126 532 3 0 2 3 0 
48346 385 247 69 2 233 69 3 129 507 3 2 3 2 0 
48312 415 214 59 2 257 54 2 99 572 3 3 6 2 0 
48311 407 234 72 0 240 65 2 102 553 9 1 3 1 0 
48324 406 263 57 1 223 60 2 127 521 7 0 3 6 0 
48391 382 217 55 1 211 72 3 122 536 2 1 4 3 0 
48328 402 235 73 2 233 81 0 120 517 5 1 1 2 0 
48379 405 237 45 0 235 71 1 119 496 5 1 3 3 0 
48326 397 224 66 0 235 58 0 118 560 6 4 2 4 0 
48309 425 242 65 1 250 51 3 113 531 7 1 0 2 0 
48306 401 253 67 2 235 72 1 135 518 5 0 2 2 1 
48293 422 236 93 1 211 76 1 137 522 3 1 2 2 0 
48322 397 238 62 1 234 78 0 133 528 4 1 2 0 0 
48337 420 250 66 1 249 46 1 116 501 2 4 2 5 0 
48268 422 258 64 0 242 78 2 133 523 3 1 3 3 0 
48367 405 205 57 0 225 61 5 139 521 7 3 4 1 0 
48272 436 212 81 2 258 72 2 116 538 3 1 5 2 0 
48319 389 235 62 2 260 72 0 143 508 5 3 1 1 0 
48311 395 224 75 2 227 65 0 109 580 4 3 2 3 0 
48340 413 216 71 1 249 62 2 136 503 2 0 2 3 0 
48316 431 234 74 0 236 74 1 116 504 8 1 2 3 0 
48307 411 242 67 1 219 69 2 137 534 4 2 2 3 0 
48333 416 219 52 2 274 54 0 110 527 6 2 4 1 0 
48330 439 231 56 0 248 54 0 127 503 4 1 2 5 0 
48337 418 229 57 1 233 61 3 137 513 6 2 1 2 0 
48279 414 248 72 2 261 72 3 114 526 2 0 4 3 0 
48281 422 234 71 3 267 67 1 111 530 7 1 3 2 0 
48283 427 240 62 2 233 62 2 135 544 3 3 1 3 0 
48324 442 247 59 0 225 45 3 126 514 7 2 4 2 0 
48364 389 240 76 2 228 63 4 113 508 6 0 1 6 0 
48311 421 254 70 4 230 49 2 104 539 8 3 2 3 0 
48322 411 222 73 6 249 67 4 136 503 3 0 3 1 0 
48345 406 239 57 3 218 56 2 124 541 2 3 3 1 0 
48294 453 206 75 3 234 68 1 121 538 2 1 2 2 0 
48322 393 255 58 3 222 56 1 140 538 5 1 2 4 0 
48329 415 207 68 5 226 70 3 134 536 5 0 2 0 0 
48331 395 223 55 4 235 67 2 128 552 2 3 2 1 0 
48356 399 221 71 2 226 64 1 104 548 5 1 1 1 0 
48341 429 217 74 2 226 64 0 124 509 7 2 2 3 0 
48295 415 224 65 2 251 74 0 119 544 6 1 3 1 0 
48278 389 240 70 3 236 73 0 145 560 2 0 0 3 1 
48320 413 223 65 0 237 75 3 133 516 7 2 3 3 0 
48300 413 258 71 1 229 57 5 133 525 4 1 3 0 0 
48348 431 228 73 0 254 55 1 124 477 3 1 3 2 0 
48318 441 222 69 1 235 76 0 118 507 6 1 5 1 0 
48239 411 251 83 2 255 66 2 152 526 8 0 2 3 0 
48260 469 244 62 0 223 62 0 107 561 4 3 2 3 0 
48339 447 215 55 2 231 51 2 121 532 1 3 0 1 0 
48295 435 260 60 1 225 58 1 122 534 5 0 3 1 0 
48339 429 242 62 3 241 66 1 126 485 2 2 1 1 0 
48285 449 240 58 0 238 71 4 113 539 0 0 1 2 0 
48311 408 240 64 3 238 72 1 116 534 7 2 2 2 0 
48273 443 218 67 6 239 62 3 127 548 6 3 2 3 0 
48244 466 251 66 2 242 61 3 136 519 9 0 1 0 0 
48258 469 260 57 2 226 58 0 139 524 1 3 0 3 0 
48336 440 238 80 2 231 57 2 123 480 5 2 1 3 0 
48331 423 218 78 1 225 55 2 133 527 3 2 2 0 0 
48325 397 231 66 2 223 58 2 141 544 5 0 2 4 0 
48289 418 234 55 1 234 59 1 123 569 7 3 4 3 0 
48400 372 202 70 4 234 77 3 109 514 7 2 3 2 1 
48315 410 259 66 1 227 48 0 130 534 7 0 1 2 0 
48288 421 239 59 0 255 57 1 132 535 6 2 2 3 0 
48275 449 223 64 1 242 71 3 123 534 6 2 4 3 0 
48350 409 231 66 1 226 69 3 132 504 6 0 2 1 0 
48340 392 229 71 3 245 61 2 118 531 2 1 2 3 0 
48323 396 208 62 3 220 77 2 122 575 5 3 2 2 0 
48389 372 223 65 3 223 68 1 140 505 6 1 0 4 0 
48335 391 252 69 2 223 61 0 104 552 6 1 1 3 0 
48311 412 246 63 0 221 70 1 118 544 4 2 4 4 0 
48361 425 233 59 0 208 67 1 118 518 5 2 2 1 0 
48336 389 224 62 2 249 62 0 130 529 7 0 6 4 0 
48342 423 239 77 0 191 66 4 135 507 7 3 3 3 0 
48366 418 225 67 0 193 65 3 112 536 9 1 2 3 0 
48262 424 256 74 2 227 74 2 130 539 5 0 1 4 0 
48306 465 225 68 3 223 69 1 130 497 1 3 4 5 0 
48323 394 239 68 0 230 63 1 135 535 4 2 0 6 0 
48369 383 280 67 0 253 49 3 121 464 5 1 3 2 0 
48240 427 251 81 2 255 79 3 135 521 2 0 3 1 0 
48289 420 251 65 1 265 43 3 123 530 5 0 2 3 0 
48299 407 237 60 3 254 66 2 151 508 5 0 3 5 0 
48298 435 248 58 1 243 52 0 128 523 5 2 5 2 0 
48263 429 255 63 2 222 93 3 111 550 2 1 2 4 0 
48320 398 228 75 0 211 52 4 152 549 6 2 1 2 0 
48342 444 230 65 1 222 59 4 133 489 3 0 2 6 0 
48308 441 246 54 0 218 69 4 128 520 5 1 2 4 0 
48382 401 236 64 2 235 70 1 113 486 4 0 4 2 0 
48307 418 265 61 2 224 65 3 125 521 4 2 1 2 0 
48252 425 233 70 2 245 53 4 132 575 5 1 2 1 0 
48339 392 233 75 0 224 71 3 129 527 4 1 1 1 0 
48271 455 207 64 0 250 70 0 131 545 3 0 1 3 0 
48274 404 244 83 4 231 82 3 140 526 5 1 1 2 0 
48329 407 245 56 0 238 66 4 131 512 6 0 1 5 0 
48238 440 224 76 4 253 77 1 133 541 5 3 2 3 0 
