96876 636 457 131 6 516 130 3 196 1037 1 1 7 3 0 
96930 529 478 152 3 501 137 1 213 1033 7 6 6 4 0 
96782 503 490 188 5 516 136 5 228 1126 6 5 5 5 0 
96851 591 475 153 4 505 133 0 217 1058 4 2 5 2 0 
96954 549 440 153 4 476 135 1 185 1083 8 1 4 7 0 
96867 512 493 179 2 498 151 2 207 1071 5 1 3 9 0 
96765 577 454 167 2 523 157 2 198 1130 8 3 8 6 0 
96828 570 447 165 3 533 113 1 217 1092 11 2 4 14 0 
96907 531 464 174 2 507 122 3 214 1054 10 3 5 4 0 
96823 575 463 204 6 525 125 3 230 1027 7 6 3 3 0 
96866 554 466 167 6 491 149 4 208 1069 8 2 6 4 0 
96778 563 485 169 4 520 120 1 234 1104 9 4 5 4 0 
96919 543 453 160 3 490 144 2 213 1053 7 4 6 3 0 
96791 568 474 158 2 527 149 1 242 1063 9 6 6 4 0 
96899 543 422 167 3 501 127 3 231 1090 2 2 5 5 0 
96903 552 466 158 2 494 136 2 206 1058 4 4 9 6 0 
97000 506 499 147 3 484 140 0 197 1009 5 3 3 4 0 
96840 578 495 172 2 522 139 3 197 1031 11 0 2 8 0 
96896 535 490 152 1 502 133 3 195 1074 7 2 4 6 0 
96840 533 493 150 7 506 127 7 211 1106 8 2 5 5 0 
96859 536 494 207 4 514 97 2 217 1044 8 6 7 5 0 
96822 578 465 164 3 531 139 1 216 1060 9 0 7 5 0 
96855 546 476 170 2 537 124 2 208 1056 6 3 9 6 0 
96806 532 486 185 3 510 126 3 206 1122 7 1 4 9 0 
96906 570 450 179 4 484 142 2 223 1027 7 0 5 1 0 
96791 576 486 172 2 530 111 3 217 1096 3 5 6 2 0 
96793 553 516 166 0 513 112 5 248 1072 7 6 5 4 0 
96915 540 474 185 4 504 135 2 198 1023 6 2 8 4 0 
96977 524 477 144 3 516 104 1 188 1050 8 1 5 2 0 
96917 523 468 181 3 497 129 4 218 1049 1 1 5 4 0 
96784 575 470 183 3 517 135 0 211 1107 8 2 2 3 0 
96911 576 463 164 4 469 116 2 210 1067 8 0 3 7 0 
96895 536 463 169 0 521 103 1 222 1060 9 6 7 8 0 
96834 554 493 168 4 524 130 1 208 1062 8 1 8 5 0 
96835 583 482 153 1 555 119 0 224 1034 5 4 1 4 0 
96900 550 454 167 2 499 129 3 232 1048 0 5 5 5 1 
96869 594 461 159 3 544 107 2 210 1032 7 7 1 4 0 
96884 537 444 186 1 527 134 2 191 1079 5 1 4 5 0 
96819 551 456 182 3 534 126 6 212 1082 4 5 9 11 0 
96805 578 450 172 3 521 137 5 227 1084 11 1 4 2 0 
96973 511 448 172 3 481 133 5 221 1028 9 5 6 5 0 
96756 560 479 176 4 516 135 1 240 1115 4 1 7 6 0 
96851 545 446 163 5 538 151 3 222 1066 4 0 2 4 0 
96897 562 476 166 2 491 105 2 222 1064 3 0 5 5 0 
96851 558 469 164 6 492 148 4 219 1071 4 2 6 6 0 
96877 523 512 157 1 524 124 3 212 1054 1 1 6 5 0 
96822 544 445 173 2 493 141 3 228 1128 9 2 6 4 0 
96923 538 450 177 1 490 127 2 205 1063 10 1 7 6 0 
96837 560 509 149 3 466 117 0 234 1106 5 3 4 7 0 
96887 546 478 155 3 482 150 2 219 1061 8 1 8 0 0 
96919 548 458 165 6 512 132 1 235 999 14 3 3 5 0 
96820 589 497 176 3 504 119 1 212 1062 10 2 1 4 0 
96844 559 493 157 2 506 133 1 213 1071 9 2 9 1 0 
96890 554 463 144 1 491 138 1 197 1103 7 2 6 3 0 
96812 572 519 165 6 499 124 3 225 1049 9 6 6 5 0 
96845 579 481 164 0 508 132 2 210 1053 13 1 9 3 0 
96854 556 471 172 3 503 138 2 203 1084 7 1 2 4 0 
96873 561 475 168 0 479 118 3 211 1090 11 3 2 6 0 
96770 568 479 167 3 521 137 6 229 1099 10 2 4 5 0 
96967 542 430 154 3 498 117 2 217 1048 5 2 6 9 0 
96898 529 458 157 2 468 121 3 219 1132 4 2 3 4 0 
96760 564 485 163 1 494 152 3 224 1137 4 2 6 5 0 
96908 532 473 159 0 457 150 4 210 1083 5 3 6 10 0 
96956 507 465 160 2 459 115 6 182 1122 6 9 1 10 0 
96988 509 450 153 2 487 136 2 235 1016 5 2 9 6 0 
96905 559 472 149 1 491 143 3 193 1060 5 3 7 9 0 
96906 529 454 156 3 531 151 2 211 1042 6 2 2 5 0 
96924 514 449 176 5 468 109 5 207 1127 6 3 1 6 0 
96795 548 503 156 2 531 130 1 205 1108 7 3 4 7 0 
96869 542 477 175 2 540 138 2 196 1033 9 3 7 7 0 
96899 539 480 150 2 532 114 3 215 1045 10 3 2 6 0 
96808 553 492 185 1 499 137 3 222 1078 5 4 4 9 0 
96847 560 479 171 1 495 131 1 227 1072 5 3 5 3 0 
96930 544 455 162 5 482 143 4 196 1060 6 1 7 5 0 
96908 524 473 175 1 512 122 3 211 1059 1 2 4 5 0 
96959 533 459 131 2 515 128 5 199 1051 7 3 4 4 0 
96962 538 459 178 3 492 123 2 207 1020 5 6 2 3 0 
96844 528 461 182 1 509 143 4 226 1076 10 3 10 3 0 
96858 526 529 167 4 516 131 3 225 1022 7 1 3 8 0 
96880 525 479 157 2 516 137 1 203 1077 6 3 7 7 0 
96883 550 454 155 2 508 116 2 222 1090 6 2 4 6 0 
96898 573 434 174 4 480 132 3 206 1075 10 2 5 4 0 
96889 508 503 166 5 506 139 2 209 1055 5 1 7 5 0 
96809 566 462 147 1 537 144 1 228 1093 3 4 5 0 0 
96907 607 426 163 3 495 131 2 223 1031 6 2 2 2 0 
96844 536 463 170 3 528 118 5 218 1097 7 1 6 4 0 
96839 556 482 170 2 519 138 3 214 1056 5 3 6 7 0 
96799 577 462 170 1 536 140 0 214 1076 8 7 5 5 0 
96807 570 515 150 1 530 140 4 215 1050 9 2 5 2 0 
96905 534 463 154 4 533 129 2 198 1059 7 3 5 4 0 
96900 555 479 162 4 497 129 3 228 1019 5 6 5 8 0 
96825 577 491 164 0 497 123 2 221 1079 7 4 4 6 0 
96901 568 472 181 1 482 123 3 225 1028 5 2 3 6 0 
96814 537 513 165 2 532 136 2 209 1076 5 1 4 4 0 
96892 525 461 159 2 505 151 1 211 1075 4 5 7 2 0 
96946 552 489 146 3 467 131 4 208 1028 9 6 7 4 0 
96775 600 471 182 4 501 138 5 223 1087 6 3 4 1 0 
96819 556 481 165 2 521 160 2 216 1059 12 2 3 2 0 
96957 548 455 142 3 480 133 0 205 1058 4 5 4 6 0 
96855 585 484 166 2 475 152 1 212 1048 5 2 8 5 0 
96794 558 451 183 4 537 132 3 244 1077 7 2 4 4 0 
96911 556 502 164 1 475 153 2 188 1033 3 4 3 5 0 
96863 523 487 142 6 504 129 5 225 1098 6 4 3 5 0 
96901 555 471 158 0 483 136 4 205 1067 5 4 7 4 0 
96922 553 476 142 3 496 113 4 227 1042 8 3 4 7 0 
96868 552 498 172 4 493 129 2 192 1065 6 2 9 8 0 
96884 571 497 164 1 498 127 4 223 1013 7 1 5 5 0 
96767 597 483 178 3 532 115 3 227 1074 5 2 3 11 0 
96944 581 451 165 2 492 143 1 218 978 13 3 5 4 0 
96935 541 464 163 3 489 117 2 205 1063 10 3 3 2 0 
96871 562 445 171 0 503 121 4 209 1089 12 2 4 7 0 
96937 543 466 162 4 491 117 2 208 1047 6 2 6 9 0 
96825 546 465 179 2 521 129 3 249 1062 11 4 2 2 0 
96790 579 496 180 3 517 126 2 216 1080 4 2 3 2 0 
96838 563 512 177 0 477 157 4 204 1051 5 2 4 6 0 
96810 570 495 158 2 498 115 1 227 1106 8 6 1 3 0 
96796 624 466 173 1 528 153 5 199 1032 3 4 4 12 0 
96988 528 445 191 3 479 122 3 202 1023 5 3 4 4 0 
96862 556 480 147 3 535 136 1 211 1057 4 4 1 3 0 
96833 618 459 161 2 494 128 1 202 1079 10 4 4 5 0 
96813 572 486 174 0 493 126 1 218 1093 11 3 5 5 0 
96790 536 493 168 2 473 142 3 233 1141 8 1 4 6 0 
96877 570 456 164 3 504 150 2 216 1040 6 1 4 7 0 
96896 530 445 136 4 553 108 1 205 1098 5 5 8 6 0 
96787 563 476 155 3 515 125 2 247 1110 4 2 2 9 0 
96908 520 437 173 2 507 143 9 202 1080 8 4 4 3 0 
96842 530 483 163 1 521 131 3 220 1081 8 2 6 9 0 
96863 563 491 158 1 502 115 2 197 1089 6 2 5 6 0 
96890 546 510 147 5 480 131 1 214 1050 7 5 8 6 0 
96899 544 478 148 4 488 127 3 230 1057 4 4 4 10 0 
96861 577 447 160 2 501 134 4 234 1053 12 4 6 5 0 
96826 520 513 171 2 533 137 2 213 1066 9 0 6 2 0 
96905 571 431 159 4 492 145 3 209 1062 10 1 4 4 0 
96884 558 470 156 3 497 150 0 201 1060 7 4 7 3 0 
96769 588 496 180 4 556 112 7 196 1073 5 3 6 5 0 
96892 514 483 155 2 520 134 3 213 1070 4 1 6 3 0 
96799 577 471 195 4 502 133 4 219 1074 10 0 6 6 0 
96844 585 530 176 5 514 127 1 198 1000 3 2 7 8 0 
96920 558 456 159 0 512 118 2 214 1051 2 1 5 2 0 
96908 565 453 158 1 487 142 4 209 1053 7 3 3 7 0 
96964 540 492 148 1 446 122 0 202 1070 2 6 2 5 0 
96856 547 486 179 6 483 161 4 229 1034 4 2 7 2 0 
96930 488 460 169 4 517 132 3 205 1071 4 3 7 7 0 
96864 575 482 180 3 495 127 4 187 1070 5 1 6 1 0 
96807 533 510 154 2 524 108 0 221 1121 6 3 5 6 0 
96763 574 481 181 4 508 148 5 235 1081 7 3 6 4 0 
96911 563 468 162 0 492 137 1 218 1033 4 4 3 3 1 
96751 553 506 164 2 530 155 3 234 1091 5 2 1 3 0 
96875 590 466 179 4 476 123 3 216 1041 8 4 7 8 0 
96854 529 496 162 1 474 126 2 222 1116 10 0 2 6 0 
96871 566 459 170 4 518 146 0 221 1028 3 2 8 4 0 
96797 567 507 163 3 493 147 4 214 1077 6 8 6 8 0 
96889 563 456 160 3 475 130 3 217 1085 7 3 4 5 0 
96839 569 469 173 0 482 122 2 229 1099 4 5 4 3 0 
96910 585 442 158 2 543 124 3 206 1002 7 3 8 7 0 
96883 543 494 190 1 461 121 3 215 1073 8 3 3 2 0 
96909 550 443 162 4 520 124 3 215 1058 5 3 3 1 0 
96902 561 448 176 2 485 134 3 208 1062 6 5 5 3 0 
96844 534 468 162 3 533 126 4 195 1106 10 5 5 5 0 
96838 592 479 167 3 504 130 0 214 1059 3 2 4 5 0 
96815 600 478 146 1 477 124 1 243 1104 3 1 5 2 0 
96810 522 472 182 2 511 119 2 227 1136 7 1 4 5 0 
96838 528 471 156 5 551 129 4 223 1081 4 1 6 3 0 
96940 544 462 159 1 537 132 3 197 1004 9 2 6 4 0 
96872 543 458 164 5 501 145 4 202 1086 7 3 6 3 1 
96920 565 468 162 4 493 110 4 230 1031 5 2 1 5 0 
96861 546 465 191 1 497 119 2 202 1093 7 0 11 5 0 
96885 563 489 165 3 485 132 2 210 1047 6 2 7 4 0 
96754 589 508 206 5 509 142 3 203 1061 3 3 7 7 0 
96701 600 521 180 3 499 127 1 237 1109 9 3 6 4 0 
96904 531 467 152 1 500 131 2 219 1068 8 6 2 9 0 
96995 541 446 164 1 478 115 5 199 1029 5 4 6 12 0 
96890 551 477 173 2 497 120 2 223 1049 5 0 4 7 0 
96925 521 457 151 1 515 129 2 226 1052 7 1 6 7 0 
96802 562 461 186 0 515 127 5 217 1102 8 3 8 4 0 
96835 575 456 172 4 542 136 5 212 1043 7 2 3 8 0 
96869 537 488 186 0 483 154 2 227 1037 8 2 1 6 0 
96920 587 449 150 2 471 122 3 204 1074 3 6 3 6 0 
96848 562 462 164 2 508 137 3 227 1066 3 4 6 8 0 
96927 548 455 157 1 515 150 2 205 1020 5 5 7 3 0 
96793 582 519 151 3 544 147 4 199 1047 2 1 3 5 0 
96893 549 464 135 4 513 120 2 198 1099 7 3 7 6 0 
96863 564 448 152 3 520 118 1 207 1095 9 4 7 9 0 
96982 492 436 175 2 503 132 6 206 1051 3 4 3 5 0 
96879 529 473 181 1 512 118 6 223 1066 2 3 4 3 0 
96893 553 462 165 4 481 132 6 214 1074 4 2 6 4 0 
96836 523 463 172 3 532 118 5 217 1113 3 2 8 5 0 
96875 530 486 160 7 493 127 4 228 1065 9 2 6 8 0 
96861 544 417 160 2 552 119 3 228 1097 5 4 4 4 0 
96898 583 453 153 2 484 128 5 193 1082 5 4 1 9 0 
96829 546 448 151 6 522 136 2 239 1106 6 2 4 3 0 
96918 528 445 162 3 511 150 2 225 1042 6 0 4 4 0 
96915 496 470 144 4 496 151 1 194 1096 11 5 11 6 0 
96912 549 498 173 4 495 111 3 235 1012 5 1 1 1 0 
96858 579 469 163 2 505 116 6 223 1060 9 2 5 3 0 
96933 529 474 175 2 534 136 1 217 985 5 3 3 3 0 
96861 631 447 146 3 540 121 1 193 1045 7 0 2 3 0 
96891 524 482 170 1 504 156 7 201 1038 8 7 5 6 0 
96825 568 515 147 3 518 132 5 200 1070 7 2 3 5 0 
96855 595 496 164 2 519 120 1 215 1007 9 2 5 10 0 
96801 572 488 163 0 532 130 4 183 1107 6 2 7 5 0 
96939 544 436 148 4 494 130 1 227 1059 3 3 5 7 0 
96779 568 471 167 3 521 133 3 234 1102 3 3 4 9 0 
96917 563 463 166 3 480 117 0 189 1082 6 4 4 6 0 
96811 564 478 173 6 509 134 0 214 1091 6 4 5 5 0 
96898 540 482 171 5 482 142 1 187 1074 4 4 1 9 0 
96867 558 472 169 2 526 151 5 213 1014 6 2 8 7 0 
96891 581 449 159 5 507 135 1 196 1062 5 3 2 4 0 
96914 540 500 145 2 512 108 3 216 1039 8 2 8 3 0 
96853 516 502 145 2 532 155 3 200 1070 8 2 8 4 0 
96859 550 460 163 7 513 149 4 219 1051 10 4 4 7 0 
96865 571 443 177 2 493 137 2 209 1087 3 5 3 3 0 
96843 554 462 143 2 540 126 4 218 1090 7 3 1 7 0 
96812 582 481 167 1 513 142 5 214 1061 4 3 3 11 1 
96881 547 482 162 3 515 130 5 190 1065 8 3 5 4 0 
96940 530 462 161 0 506 131 2 211 1032 4 2 14 5 0 
96834 565 475 183 2 505 118 2 239 1062 4 2 4 5 0 
96838 550 494 155 3 493 148 1 208 1090 13 1 4 2 0 
96880 548 454 172 4 482 130 3 219 1085 3 2 7 11 0 
96896 512 487 174 2 527 125 1 203 1050 9 1 3 10 0 
96750 571 494 176 2 514 124 3 234 1106 10 2 6 8 0 
96855 516 490 176 6 527 135 2 242 1032 6 2 6 5 0 
96810 560 463 172 3 544 133 3 203 1094 4 3 6 2 0 
96946 525 469 180 1 514 123 3 195 1018 12 2 8 4 0 
96968 524 459 179 1 497 128 3 209 1014 6 3 7 2 0 
96858 565 490 173 2 495 130 2 232 1035 5 3 7 3 0 
96836 533 465 158 4 525 128 0 240 1092 9 2 3 5 0 
96818 558 479 184 0 469 125 0 222 1124 11 3 4 3 0 
96812 550 486 157 3 534 128 3 227 1071 10 3 8 8 0 
96851 534 455 174 3 548 121 2 221 1074 8 2 3 4 0 
96866 553 481 159 0 485 125 1 220 1096 6 0 1 7 0 
96891 578 473 173 2 484 125 4 204 1042 7 3 6 8 0 
96796 544 492 169 6 526 133 2 233 1078 7 3 1 10 0 
96922 565 478 153 2 490 138 3 213 1023 4 4 2 3 0 
96897 522 516 153 2 506 116 2 210 1046 9 4 11 6 0 
96908 562 474 166 2 495 119 3 203 1047 11 3 4 3 0 
96893 541 460 152 3 513 121 0 198 1098 9 2 4 6 0 
96850 564 460 156 2 512 111 7 227 1096 9 1 0 5 0 
96976 550 423 161 4 495 127 3 202 1046 4 1 4 4 0 
96848 572 487 174 0 519 119 1 215 1048 9 0 4 4 0 
96953 526 468 146 4 494 121 0 206 1058 5 5 5 9 0 
96858 597 430 146 3 516 119 3 234 1080 7 3 2 2 0 
96935 495 492 176 2 519 133 1 200 1032 3 0 4 7 1 
96930 531 458 170 2 522 115 2 216 1035 8 3 5 3 0 
96832 567 488 154 2 568 133 2 205 1037 5 2 3 2 0 
96939 529 472 162 1 477 131 5 224 1034 5 5 6 10 0 
96866 540 493 154 9 493 131 3 214 1073 8 2 5 9 0 
96798 559 490 167 0 508 138 3 240 1071 12 3 7 4 0 
96847 560 495 158 3 528 135 1 223 1031 7 2 2 7 1 
96809 528 475 197 2 538 126 5 227 1075 4 4 8 2 0 
96853 553 514 165 3 496 126 3 229 1040 6 4 4 3 1 
96764 629 508 173 2 474 142 3 185 1102 4 3 7 4 0 
96898 510 478 146 3 485 117 2 219 1125 4 0 7 6 0 
96865 523 527 168 4 485 142 3 197 1064 6 3 7 6 0 
96839 542 482 136 2 531 141 1 206 1105 5 2 4 4 0 
96888 552 473 151 2 543 132 5 213 1027 4 3 1 6 0 
96860 581 466 161 3 539 135 4 178 1053 7 2 3 8 0 
96892 560 489 169 2 492 140 1 195 1040 6 1 8 5 0 
96868 531 458 157 5 510 157 4 226 1068 8 1 2 5 0 
96970 514 456 147 2 508 112 2 192 1080 4 4 4 5 0 
96913 533 446 174 1 507 131 3 218 1053 10 4 3 4 0 
96795 558 468 150 2 527 143 2 224 1096 10 5 9 11 0 
96907 585 479 170 3 465 136 2 217 1018 7 4 4 3 0 
96843 518 492 175 1 519 139 2 196 1098 9 2 3 3 0 
96858 554 511 151 2 481 141 2 207 1071 7 5 5 5 0 
96939 510 451 174 0 519 117 3 202 1062 9 1 4 9 0 
96794 585 499 158 2 502 128 2 202 1101 7 3 8 9 0 
96895 567 455 151 2 511 140 2 220 1041 8 2 3 3 0 
96935 540 471 159 0 478 130 0 194 1070 7 3 6 7 0 
96862 559 513 164 2 499 129 2 203 1046 8 4 1 8 0 
96868 551 452 173 7 512 141 1 226 1049 6 2 5 7 0 
96768 559 471 168 4 508 127 3 244 1135 3 5 3 2 0 
96922 559 435 181 1 495 116 1 217 1056 8 2 4 3 0 
96955 536 470 156 4 517 111 3 210 1016 7 5 5 5 0 
96943 552 482 163 3 490 116 3 206 1016 8 2 8 8 0 
96879 534 488 151 1 491 133 1 206 1090 8 4 4 10 0 
96810 568 469 189 3 507 153 2 204 1075 7 3 7 3 0 
96852 544 457 179 2 503 149 1 191 1102 7 2 3 8 0 
96963 545 465 158 1 473 130 2 200 1039 4 4 9 7 0 
96926 533 438 174 0 506 122 0 197 1090 5 0 4 5 0 
96876 561 482 169 5 536 108 2 182 1057 12 1 4 5 0 
96919 543 483 143 4 511 137 1 224 1019 6 4 4 2 0 
96840 562 460 169 2 524 137 4 221 1061 6 3 5 6 0 
96849 578 494 164 3 506 134 1 206 1042 8 7 2 6 0 
96839 540 499 153 3 571 126 2 214 1038 7 2 3 3 0 
96880 566 515 155 5 491 116 1 197 1047 6 7 8 6 0 
96844 591 479 161 0 513 139 4 198 1052 11 0 4 4 0 
96837 536 465 171 2 503 126 1 202 1141 3 5 4 4 0 
96795 603 493 198 2 479 136 5 192 1077 8 2 5 5 0 
97000 519 463 169 3 503 107 2 219 989 6 4 8 8 0 
96907 557 437 171 0 520 121 5 213 1045 12 5 3 4 0 
96810 585 468 177 0 511 128 2 191 1107 9 2 4 6 0 
96899 571 486 140 0 501 127 2 220 1032 3 1 7 11 0 
96880 562 443 155 4 501 129 2 240 1063 7 2 5 7 0 
96933 511 473 184 3 468 126 1 217 1070 7 0 4 3 0 
96834 556 463 146 2 489 125 2 235 1122 9 3 3 11 0 
96756 565 483 176 1 533 134 5 235 1093 6 2 3 8 0 
96907 559 474 157 2 508 131 0 212 1035 5 3 5 2 0 
96919 565 446 162 2 482 137 1 206 1059 8 4 5 4 0 
96767 604 493 175 0 493 129 4 194 1118 4 2 5 12 0 
96761 538 509 153 4 522 138 0 230 1119 9 2 6 9 0 
96891 551 483 167 5 491 138 1 207 1052 3 1 1 9 0 
96830 537 465 152 5 528 134 3 212 1110 9 2 4 9 0 
96916 551 490 168 2 504 135 3 196 1022 5 2 1 5 0 
96896 551 475 160 4 514 141 3 210 1020 9 4 4 9 0 
96926 543 480 141 4 474 140 4 202 1067 4 2 6 7 0 
96807 591 478 159 3 527 136 1 209 1064 7 3 6 9 0 
96818 568 466 170 3 517 136 0 227 1079 5 2 8 1 0 
96928 537 490 159 4 483 122 1 212 1050 4 2 5 3 0 
96877 570 515 148 3 494 120 1 207 1041 7 3 7 7 0 
97020 556 426 162 4 482 122 3 191 1014 6 5 5 4 0 
96865 603 435 169 1 512 139 2 202 1063 0 0 6 3 0 
96890 531 486 163 7 473 138 1 214 1064 13 5 5 10 0 
96879 562 463 153 7 487 128 2 218 1086 5 2 6 2 0 
96922 543 483 153 1 524 131 0 226 1000 5 1 7 4 0 
96857 596 455 170 6 495 126 2 216 1058 5 6 5 3 0 
96842 532 502 166 1 498 126 3 248 1071 3 3 4 1 0 
96910 599 458 165 5 523 113 0 197 1012 1 4 8 5 0 
96865 547 459 164 1 522 105 4 234 1085 7 1 2 4 0 
96800 559 487 166 4 471 122 1 239 1125 10 3 6 7 0 
96862 556 503 157 4 508 137 1 214 1036 7 4 6 5 0 
96819 592 465 170 2 502 123 2 218 1088 5 3 5 6 0 
96958 512 484 157 2 472 135 4 202 1057 6 1 4 6 0 
96888 529 508 158 1 512 133 2 210 1046 4 1 6 2 0 
96864 572 480 160 0 517 136 1 215 1040 7 1 6 1 0 
96849 562 493 170 4 484 128 1 242 1047 9 1 5 5 0 
96909 543 456 171 1 526 126 2 207 1038 6 1 8 6 0 
96925 539 492 154 6 490 132 2 207 1027 10 5 6 5 0 
96875 555 476 175 4 496 121 4 219 1056 3 3 6 7 0 
96826 581 496 157 4 528 129 4 232 1031 7 0 3 2 0 
96949 562 432 133 5 496 130 0 215 1062 4 3 3 6 0 
96981 540 448 157 4 502 127 2 204 1018 7 2 6 2 0 
96866 566 480 155 2 499 126 1 215 1071 5 5 4 5 0 
96875 563 493 170 4 472 120 0 215 1064 9 4 6 5 0 
96927 558 450 169 1 463 151 7 201 1052 8 3 2 8 0 
96878 567 452 170 2 521 122 3 192 1072 6 3 9 3 0 
96974 500 419 169 1 545 118 1 216 1040 5 2 1 9 0 
96954 543 441 174 5 458 129 3 198 1073 7 5 7 3 0 
96809 562 454 156 2 518 124 1 225 1128 8 2 6 5 0 
96860 497 487 192 4 513 118 3 222 1076 9 0 8 11 0 
96796 568 459 155 1 501 145 4 246 1106 7 2 6 4 0 
96883 562 499 147 4 503 148 4 217 1015 5 1 5 7 0 
96870 559 482 191 3 475 129 2 189 1083 5 1 6 5 0 
96892 538 459 172 4 498 117 4 245 1052 7 6 3 3 0 
96932 520 486 155 1 495 124 3 217 1044 7 9 4 3 0 
96908 533 483 154 5 509 142 0 203 1040 7 6 2 7 1 
96843 554 464 179 5 503 119 3 220 1088 10 4 5 3 0 
96849 537 506 157 5 498 111 5 232 1087 3 2 2 6 0 
96865 614 442 171 2 525 126 6 183 1051 6 3 1 5 0 
96847 594 486 166 1 505 131 0 235 1005 12 4 8 6 0 
96956 542 467 143 4 471 135 1 213 1045 6 2 8 7 0 
96950 539 450 150 2 479 113 1 223 1074 6 4 5 4 0 
96825 535 462 160 2 495 124 3 228 1150 5 2 4 5 0 
96906 549 433 167 2 484 143 3 259 1031 6 4 6 7 0 
96878 579 462 161 4 481 125 1 211 1068 9 4 7 10 0 
96868 542 462 175 3 512 118 2 205 1088 10 5 3 7 0 
96943 540 459 172 2 505 113 2 200 1045 8 2 2 7 0 
96787 557 475 177 2 507 131 3 219 1122 8 3 3 6 0 
96951 551 465 173 3 500 122 0 173 1042 6 3 4 7 0 
96928 545 511 151 3 494 114 2 191 1040 5 5 6 5 0 
96837 578 500 152 1 475 124 1 201 1113 5 1 6 6 0 
96842 582 468 174 3 476 138 0 201 1100 6 3 3 4 0 
96767 543 495 160 1 521 129 3 220 1146 3 3 3 6 0 
96880 545 491 199 2 562 118 2 199 987 4 1 5 5 0 
96892 537 464 166 4 499 128 3 208 1077 8 2 6 6 0 
96835 567 473 163 2 493 151 2 213 1081 7 3 3 7 0 
96943 550 435 171 3 504 112 6 221 1037 8 2 3 5 0 
96865 545 479 170 3 486 131 2 222 1074 4 1 5 13 0 
96802 582 455 165 3 558 138 3 216 1057 6 2 7 6 0 
96871 569 496 150 3 511 116 2 196 1062 8 3 5 8 0 
96903 572 447 152 1 507 138 4 211 1049 5 0 3 8 0 
96889 547 516 140 2 509 115 3 234 1033 2 2 4 4 0 
96914 546 460 159 2 509 110 2 209 1073 2 3 5 6 0 
96871 553 461 179 4 484 126 0 199 1101 5 2 5 10 0 
96891 524 468 171 2 508 119 4 216 1080 5 5 3 4 0 
96939 572 449 161 2 495 113 3 223 1028 6 2 1 6 0 
96935 531 464 151 5 504 145 2 198 1048 5 4 3 5 0 
96773 557 509 175 4 535 126 1 229 1070 4 4 4 8 1 
96910 552 456 171 1 517 133 7 219 1016 6 4 5 3 0 
96771 584 484 186 1 513 119 3 200 1121 7 1 5 5 0 
96948 536 470 146 2 495 128 2 204 1051 7 1 6 4 0 
96908 549 464 140 2 515 127 6 216 1054 8 1 6 4 0 
96785 570 478 170 2 525 134 7 216 1096 6 2 5 4 0 
96864 543 480 162 2 529 141 2 218 1046 6 2 2 2 1 
96768 596 491 182 0 529 109 2 244 1066 3 3 4 3 0 
96960 534 452 159 6 480 137 1 207 1045 10 2 5 2 0 
96786 570 486 173 5 512 129 1 211 1101 10 3 8 5 0 
96941 529 460 153 3 500 130 2 207 1055 6 3 5 6 0 
96848 608 500 172 1 488 113 5 189 1060 5 2 3 5 1 
96787 614 501 149 2 533 134 4 195 1062 6 3 6 4 0 
96836 550 476 188 0 501 131 1 220 1076 7 3 5 6 0 
96873 595 423 155 5 505 127 3 230 1062 7 3 6 6 0 
96799 578 458 190 1 545 130 1 231 1049 6 3 5 4 0 
96900 522 471 165 3 515 122 4 222 1055 3 2 9 7 0 
96917 574 448 163 4 534 108 2 231 1007 6 2 2 2 0 
96727 588 495 154 0 515 140 1 228 1126 7 3 6 10 0 
96836 650 464 168 3 506 125 2 211 1014 10 1 6 4 0 
96923 523 489 159 4 502 105 6 204 1072 3 1 4 5 0 
96915 552 482 169 3 486 141 2 216 1019 7 2 3 3 0 
96959 537 444 139 4 525 135 2 194 1038 3 3 4 13 0 
96862 550 465 172 3 546 127 2 204 1047 8 4 5 5 0 
96921 572 473 147 4 480 131 4 213 1040 4 2 2 7 0 
96806 544 508 169 4 512 126 1 231 1096 0 1 1 1 0 
96853 594 454 167 1 479 121 2 194 1116 7 5 4 3 0 
96883 547 492 181 2 474 112 2 193 1094 8 3 5 4 0 
96810 564 494 190 4 505 126 3 197 1088 7 2 6 4 0 
96889 558 475 173 7 517 116 2 217 1026 2 6 5 7 0 
96901 511 469 182 2 503 123 0 210 1081 4 4 5 5 0 
96928 560 479 175 5 462 152 2 214 1003 7 3 3 7 0 
96872 545 450 173 5 506 131 1 235 1063 7 1 8 3 0 
96895 547 461 185 1 514 162 4 192 1028 4 1 2 4 0 
96816 556 489 181 1 498 128 1 215 1104 2 2 2 5 0 
96869 525 488 193 2 470 116 5 198 1113 10 3 4 4 0 
96792 545 515 161 3 521 126 2 212 1099 9 2 8 5 0 
96904 520 469 164 3 518 136 1 224 1045 6 1 6 3 0 
97010 547 452 130 1 466 136 3 196 1034 11 0 6 8 0 
96833 530 505 154 4 528 140 4 212 1064 6 3 10 7 0 
96931 526 497 152 4 480 131 2 213 1050 4 3 5 2 0 
96911 542 436 185 5 514 142 4 217 1030 5 0 3 6 0 
96851 562 495 164 0 513 116 3 203 1061 13 5 4 10 0 
96875 558 467 171 2 505 143 1 211 1050 6 2 5 4 0 
96865 551 460 172 5 531 145 3 204 1041 4 6 9 4 0 
96803 541 508 173 2 515 128 2 197 1113 6 1 5 6 0 
96790 574 508 159 3 486 131 1 216 1107 9 5 3 8 0 
96895 562 436 165 1 493 149 3 219 1065 3 3 3 3 0 
96857 544 480 171 5 496 138 4 195 1076 9 4 9 12 0 
96803 603 455 158 1 527 138 4 216 1075 8 4 4 4 0 
96859 580 493 143 4 508 132 4 214 1044 5 5 4 5 0 
96861 537 456 173 4 491 135 3 231 1090 10 1 1 7 0 
96913 514 470 179 1 525 134 4 192 1054 2 3 5 4 0 
96884 573 475 177 0 487 125 2 217 1035 11 4 3 7 0 
96849 540 468 146 7 525 119 1 195 1122 7 4 5 12 0 
96922 537 441 159 5 452 137 2 235 1089 5 5 4 7 0 
96939 514 455 158 3 481 104 1 222 1101 10 4 3 5 0 
96865 558 471 143 7 527 116 4 208 1079 6 4 3 9 0 
96903 536 455 159 4 516 141 2 219 1049 7 1 5 3 0 
96915 587 455 149 2 496 142 0 196 1039 7 3 4 5 0 
96807 558 508 167 4 534 142 6 223 1036 6 2 5 2 0 
96897 542 472 151 4 510 134 6 222 1041 6 2 7 6 0 
96893 538 492 160 7 487 143 3 211 1043 9 1 9 4 0 
96921 555 454 156 1 474 124 4 242 1050 8 2 4 5 0 
96960 549 426 174 1 495 124 0 212 1038 9 3 6 3 0 
96892 536 472 147 2 504 130 2 200 1093 9 5 5 3 0 
96938 537 498 160 2 498 133 1 186 1033 5 3 3 3 0 
96906 578 461 158 1 508 124 1 214 1035 5 2 2 5 0 
96918 531 458 130 2 506 128 5 199 1107 3 1 6 6 0 
96837 525 487 185 5 529 136 4 236 1026 11 2 12 5 0 
96880 560 453 187 2 502 137 0 202 1058 5 7 5 2 0 
96966 540 429 168 2 538 130 2 220 988 5 2 3 7 0 
96911 536 481 145 2 482 138 1 210 1067 7 3 7 10 0 
96862 553 428 175 1 546 157 0 207 1054 6 2 5 4 0 
96822 534 480 177 6 518 131 3 222 1091 4 1 5 6 0 
96863 584 413 159 2 524 124 1 220 1095 6 0 3 6 0 
96876 579 471 162 0 485 134 2 213 1062 5 2 6 3 0 
96879 499 510 152 2 504 151 3 231 1052 4 2 3 8 0 
96976 547 455 161 2 516 134 3 184 999 8 4 5 6 0 
96802 598 483 152 6 496 145 5 218 1078 4 7 3 3 0 
96906 564 461 158 6 509 125 5 209 1047 5 1 1 3 0 
96958 553 445 161 1 510 138 1 216 998 8 0 3 8 0 
96817 561 506 160 0 546 126 4 208 1052 5 8 3 4 0 
96877 538 461 181 4 488 127 2 231 1068 7 1 8 7 0 
96877 544 447 159 3 474 157 3 220 1096 5 6 4 5 0 
97007 518 408 156 5 505 118 4 237 1020 6 6 2 8 0 
96844 575 463 158 3 518 119 1 224 1066 12 1 7 9 0 
96863 538 466 178 4 513 132 3 207 1066 10 2 12 6 0 
96908 536 475 182 5 491 122 2 206 1055 4 2 6 6 0 
96811 551 517 161 3 502 123 1 229 1086 5 2 4 5 0 
96877 532 506 158 4 518 123 4 206 1052 9 3 3 5 0 
96874 585 478 158 1 487 114 1 208 1065 12 3 5 9 0 
96884 537 480 166 1 519 124 5 216 1047 7 3 2 9 0 
96830 591 485 192 7 479 139 1 218 1034 8 4 6 6 0 
96929 575 473 145 5 521 131 4 186 1006 8 3 11 3 0 
96903 499 459 169 2 504 114 4 216 1109 7 2 4 7 1 
96958 520 433 155 2 479 114 3 201 1110 5 2 6 12 0 
96873 565 476 166 1 511 131 0 198 1053 7 3 5 11 0 
96910 555 466 191 3 504 129 0 188 1033 8 4 4 5 0 
96941 574 453 150 5 456 118 2 202 1071 11 6 5 5 1 
96850 556 476 176 2 515 136 4 224 1037 8 4 3 9 0 
96767 545 487 182 3 566 117 2 237 1074 9 0 6 5 0 
96958 550 479 178 2 486 128 4 181 1017 6 3 2 6 0 
96853 587 472 163 1 467 140 5 211 1075 11 6 6 3 0 
96917 501 474 192 6 484 106 5 213 1087 4 3 4 4 0 
96867 561 474 162 5 510 118 4 198 1086 6 3 3 3 0 
96813 594 483 185 1 525 110 2 193 1077 10 2 1 4 0 
96835 561 469 166 2 525 108 2 233 1078 7 3 9 2 0 
96922 514 461 163 4 509 142 5 205 1066 3 2 0 4 0 
96904 556 487 149 1 461 126 1 199 1095 5 3 4 9 0 
96898 557 491 158 2 490 117 3 232 1037 2 2 1 10 0 
96820 580 476 165 3 544 138 3 204 1046 4 2 6 9 0 
96877 510 443 180 2 512 132 2 228 1096 5 2 5 6 0 
96952 575 426 140 3 482 125 5 212 1059 10 1 6 4 0 
96768 576 500 157 6 524 123 1 191 1135 8 3 5 3 0 
96906 534 495 160 3 510 138 1 225 1007 5 4 6 6 0 
96895 527 464 183 4 479 130 4 213 1081 5 1 4 10 0 
96968 520 469 157 0 478 128 1 200 1060 6 2 4 7 0 
96849 544 466 170 6 515 129 2 206 1093 7 2 6 5 0 
96982 538 421 159 2 495 162 4 196 1029 1 3 5 3 0 
96864 507 463 177 4 507 141 4 199 1113 5 5 6 4 1 
96921 506 490 149 1 533 121 2 209 1050 4 0 6 8 0 
96878 551 485 169 3 554 139 3 212 993 6 1 3 3 0 
