96822 542 462 184 2 507 113 2 188 1145 10 5 6 12 0 
96881 552 482 159 1 517 124 5 204 1058 3 3 8 2 1 
96895 566 432 174 0 498 140 1 208 1068 2 3 7 6 0 
96811 525 497 188 4 515 136 5 202 1102 5 3 2 5 0 
96913 517 478 146 4 539 138 2 206 1038 5 4 5 5 0 
96836 519 482 181 3 529 134 3 213 1079 6 1 9 5 0 
96875 521 489 179 5 519 135 4 197 1053 4 4 4 11 0 
96897 505 479 191 3 498 151 3 210 1045 5 3 6 4 0 
96880 542 449 189 2 532 150 1 194 1039 3 4 6 9 0 
96704 567 506 202 1 533 129 1 206 1129 3 5 6 8 0 
96850 518 478 175 4 531 133 4 209 1083 6 4 3 2 0 
96783 552 457 178 6 558 155 4 202 1088 5 2 3 7 0 
96764 524 511 189 2 541 138 1 213 1095 6 2 8 6 0 
96974 529 439 183 2 486 138 4 192 1027 3 5 7 11 0 
96747 573 527 163 4 533 131 2 209 1087 9 1 8 6 0 
96779 534 473 189 3 503 111 2 200 1188 6 3 4 5 0 
96830 540 464 208 5 557 138 2 198 1046 5 0 1 6 0 
96876 498 468 181 5 556 118 1 216 1053 7 6 8 7 0 
96862 569 472 177 1 520 121 1 190 1072 4 1 4 6 0 
96837 556 493 170 1 521 144 4 212 1039 9 4 5 5 0 
96932 537 462 174 1 527 119 1 165 1064 8 3 3 4 0 
96976 558 446 186 3 502 113 1 195 1001 7 3 6 3 0 
96944 548 478 166 3 489 117 5 207 1025 5 4 4 5 0 
96799 538 463 183 4 519 118 3 210 1144 8 6 2 3 0 
96903 562 469 163 1 535 123 3 183 1043 6 1 4 4 0 
96815 507 492 170 2 557 145 4 251 1035 6 5 5 6 0 
96828 579 507 184 4 537 136 1 198 1004 7 3 4 8 0 
96814 585 470 193 0 495 121 6 197 1096 8 4 8 3 0 
96869 540 470 188 1 515 128 0 213 1061 2 6 2 5 0 
96911 583 454 175 2 495 121 0 225 1019 5 1 2 7 0 
96901 578 449 165 4 508 145 1 205 1034 3 0 1 6 0 
96868 544 442 190 2 525 136 3 197 1072 8 1 9 3 0 
96849 518 479 162 2 551 142 1 195 1087 6 2 3 3 0 
96893 535 482 198 5 512 129 4 204 1023 3 4 5 3 0 
96968 536 439 167 1 493 123 3 203 1045 3 3 6 10 0 
96883 542 479 163 1 555 126 2 170 1062 5 3 3 6 0 
96913 520 422 175 0 587 125 3 195 1045 6 5 1 3 0 
96909 522 451 169 5 528 125 2 210 1053 12 4 5 5 0 
96867 572 511 170 0 494 127 1 192 1047 4 2 8 5 0 
96888 529 466 186 3 528 146 2 192 1040 3 3 7 7 0 
96882 503 466 159 3 536 130 2 223 1080 4 2 5 5 0 
96912 563 460 160 4 506 135 7 181 1043 6 1 9 13 0 
96902 550 442 170 1 518 122 5 204 1068 6 1 7 4 0 
96820 608 494 189 2 509 127 2 184 1047 7 0 4 7 0 
96791 523 492 178 2 556 151 2 180 1103 10 1 7 4 0 
96909 521 452 152 0 537 127 0 181 1107 7 3 1 3 0 
96817 560 496 170 4 543 135 4 205 1050 6 2 4 4 0 
96836 540 518 206 1 502 133 1 186 1056 7 4 5 5 0 
96946 554 471 178 3 527 135 3 173 994 5 1 5 5 0 
96767 530 516 195 1 534 143 1 233 1064 8 2 3 3 0 
96894 497 474 192 2 532 136 0 231 1021 8 4 4 5 0 
96881 552 467 171 0 526 148 3 183 1056 4 1 3 5 0 
96934 497 453 162 3 509 129 3 206 1092 5 1 4 2 0 
96872 551 463 170 3 540 121 3 186 1070 5 2 3 11 0 
96909 549 456 181 2 516 124 0 197 1046 6 5 4 5 0 
96928 534 455 191 1 503 121 0 226 1024 5 1 5 6 0 
96877 576 454 180 2 524 124 2 173 1066 8 2 5 7 0 
96885 509 451 181 5 546 131 1 182 1093 9 3 2 2 0 
96847 577 495 164 4 523 100 3 217 1049 5 1 5 10 0 
96890 530 495 178 2 463 148 3 195 1081 5 3 1 6 0 
96820 525 458 170 0 523 132 5 222 1129 7 3 3 3 0 
96829 563 500 177 2 507 124 1 203 1078 4 3 4 5 0 
96828 533 537 197 0 534 123 2 201 1020 7 1 12 5 0 
96907 561 479 179 2 502 128 1 211 1012 6 1 6 5 0 
96960 532 494 156 3 474 121 1 200 1039 6 3 5 6 0 
96795 547 476 161 5 527 132 2 218 1122 1 1 9 4 0 
96886 535 483 184 3 480 139 9 207 1058 4 6 5 1 0 
96904 527 448 178 1 537 129 2 205 1048 6 5 4 6 0 
96868 524 461 184 0 517 146 1 194 1085 8 8 2 2 0 
96790 534 479 176 1 523 133 2 220 1125 7 1 3 6 0 
96765 534 512 172 5 564 137 1 188 1096 9 5 5 6 1 
96881 548 476 162 3 506 137 2 190 1076 6 1 3 9 0 
96857 539 490 146 2 526 126 3 205 1087 8 5 5 1 0 
96916 525 451 188 5 496 130 4 209 1057 6 1 2 10 0 
96839 568 431 197 3 508 145 2 202 1089 6 4 4 2 0 
96938 571 418 188 1 480 133 5 199 1052 5 1 5 4 0 
96938 518 495 164 3 498 133 0 188 1050 5 1 3 4 0 
96815 588 441 194 0 514 139 2 200 1094 6 0 3 4 0 
96830 533 502 170 1 545 142 0 218 1041 4 3 4 7 0 
96803 546 482 177 2 553 127 2 225 1053 12 2 7 9 0 
96961 507 495 158 3 498 121 5 168 1060 7 7 3 7 0 
96863 544 478 185 1 510 117 3 195 1084 7 3 4 6 0 
96924 535 454 174 5 493 140 2 170 1089 7 2 2 3 0 
96901 548 478 188 2 498 127 2 204 1039 4 2 3 4 0 
96930 541 439 166 2 489 154 2 190 1063 9 5 7 3 0 
96792 544 502 195 4 532 138 1 202 1069 5 2 4 10 0 
96821 560 503 170 3 524 139 2 193 1066 2 2 7 8 0 
96859 546 420 183 4 534 141 6 189 1100 6 2 7 3 0 
96901 542 472 183 2 491 129 0 203 1060 4 2 6 5 0 
96857 574 469 208 5 516 122 4 192 1029 9 3 7 5 0 
96883 538 491 163 4 507 135 5 181 1071 7 2 9 4 0 
96914 550 477 152 3 491 128 1 178 1083 5 0 7 11 0 
96906 535 467 157 0 519 129 1 205 1064 5 5 4 3 0 
96887 532 435 163 0 539 138 1 214 1069 5 3 7 6 1 
96808 555 460 190 4 540 128 2 214 1079 9 2 2 7 0 
96804 542 484 203 3 565 114 3 214 1053 4 2 4 5 0 
96829 524 465 183 4 531 129 3 213 1101 6 2 5 5 0 
96978 536 428 188 1 477 137 0 194 1035 6 3 8 9 0 
97002 520 448 176 2 498 120 4 166 1043 6 2 8 5 0 
96781 561 469 192 0 539 130 2 195 1114 5 3 6 3 0 
96857 542 452 188 5 526 133 1 205 1072 8 2 3 6 0 
96916 525 479 193 2 495 142 6 183 1038 5 3 7 5 1 
97002 526 436 170 3 484 127 1 206 1033 0 1 6 5 0 
96895 537 461 191 7 499 150 4 192 1046 6 2 5 5 0 
96887 484 456 175 2 548 135 2 180 1116 1 5 6 3 0 
96936 512 475 172 2 496 126 2 189 1068 3 3 8 8 0 
96888 558 469 176 2 467 126 3 195 1097 7 4 2 6 0 
96842 540 464 153 4 533 134 7 216 1093 6 2 2 4 0 
96840 560 453 179 2 567 126 2 197 1049 9 5 6 5 0 
96855 542 491 189 4 569 124 8 191 1012 5 1 4 5 0 
96925 537 441 187 3 449 127 2 212 1097 7 1 6 6 0 
96783 559 489 167 2 534 124 3 216 1105 4 2 5 7 0 
96916 535 486 178 2 519 132 3 177 1033 6 0 4 9 0 
96814 567 470 190 1 516 128 2 207 1093 5 1 2 4 0 
96864 567 456 194 2 522 117 1 211 1050 4 1 5 6 0 
96902 545 489 177 2 495 138 6 184 1039 8 1 7 7 0 
96824 543 489 168 2 508 138 0 242 1072 4 1 5 4 0 
96824 511 516 195 2 557 123 2 178 1074 8 3 3 4 0 
96792 571 473 173 2 499 150 2 200 1125 4 0 4 5 0 
96878 514 486 206 3 511 135 1 190 1051 5 2 10 8 0 
96810 571 511 197 1 517 133 2 204 1038 5 3 1 7 0 
96791 567 487 173 5 527 124 0 196 1109 7 2 5 7 0 
96979 526 424 172 0 511 133 1 195 1038 9 1 4 7 0 
96882 573 494 161 5 510 135 1 200 1018 7 2 7 5 0 
96790 533 494 176 2 581 128 3 192 1071 9 7 9 5 0 
96768 585 493 167 4 509 136 0 195 1122 8 3 7 3 0 
96790 573 471 179 3 526 131 4 190 1119 3 2 4 5 0 
96837 515 486 161 1 524 114 2 198 1139 7 5 6 5 0 
96804 545 507 179 5 507 129 2 217 1089 4 1 5 6 0 
96910 543 445 165 1 502 142 2 222 1047 9 2 4 6 0 
96848 541 482 160 3 492 155 5 193 1104 6 3 2 6 0 
96870 584 489 176 6 504 115 1 206 1037 6 2 3 1 0 
96867 532 462 171 0 523 111 2 231 1086 4 1 4 6 0 
96786 602 491 179 1 521 121 4 208 1066 6 0 9 6 0 
96907 514 459 193 3 497 153 4 210 1036 7 3 8 6 0 
96868 566 470 169 0 540 125 0 192 1050 9 3 5 3 0 
96927 522 442 193 1 485 136 4 212 1055 9 2 4 8 0 
96903 529 478 174 3 507 132 6 186 1064 5 3 4 6 0 
96934 498 459 202 2 498 119 2 200 1063 6 1 6 10 0 
96926 553 500 174 4 482 151 1 174 1015 5 5 5 5 0 
96921 543 460 169 1 525 125 0 193 1048 5 2 1 7 0 
96981 528 467 185 1 464 118 2 190 1045 5 3 3 8 0 
96891 552 474 196 4 523 134 3 183 1027 3 4 3 3 0 
96842 530 520 199 3 484 143 1 194 1066 3 2 5 8 0 
96858 545 480 177 3 518 122 5 208 1063 7 1 11 2 0 
96955 503 466 158 3 523 130 2 167 1062 7 7 6 11 0 
96919 587 476 166 3 478 123 2 212 1016 4 2 7 5 0 
96916 572 483 159 7 489 142 1 178 1033 6 1 4 9 0 
96907 557 491 156 3 533 112 3 178 1032 6 6 6 10 0 
96779 557 494 190 3 532 145 3 223 1056 8 4 2 4 0 
96910 565 433 185 0 507 116 1 207 1052 8 3 5 8 0 
96857 557 476 185 1 501 128 2 203 1074 2 1 10 3 0 
96843 561 458 169 2 565 125 3 207 1052 7 0 1 7 0 
96847 518 480 177 2 550 114 0 186 1100 8 2 8 8 0 
96804 563 483 191 3 490 121 2 215 1109 7 2 4 6 0 
96810 545 500 182 3 515 153 4 204 1064 3 2 8 7 0 
96833 562 463 200 4 542 142 3 213 1029 4 2 1 2 0 
96862 531 471 169 2 500 143 5 200 1096 9 3 2 7 0 
96850 552 430 190 3 540 133 1 193 1082 7 5 5 8 1 
96877 565 450 183 5 493 141 2 172 1099 8 1 2 2 0 
96852 535 489 192 3 498 139 5 209 1062 7 5 2 2 0 
96819 516 477 186 3 536 136 3 232 1071 6 5 5 5 0 
96903 538 489 181 2 515 122 6 183 1041 5 5 3 7 0 
96825 560 471 169 1 517 145 3 207 1083 12 1 2 4 0 
96774 533 481 162 5 510 145 2 218 1149 12 1 3 5 0 
96790 562 536 177 2 548 112 2 204 1045 2 3 9 8 0 
96849 556 491 185 1 525 124 2 215 1040 3 2 4 3 0 
96890 548 466 184 5 509 131 4 210 1041 3 2 4 3 0 
96837 542 446 190 2 529 137 3 219 1070 3 5 7 9 1 
96774 593 469 200 0 522 120 4 181 1110 6 4 10 7 0 
96974 527 438 181 1 502 148 1 199 1007 6 4 4 8 0 
96848 560 475 183 3 540 142 1 191 1030 7 4 2 14 0 
96869 532 440 177 4 512 121 4 230 1087 2 5 6 11 0 
96849 522 491 163 4 532 144 1 207 1070 5 1 8 3 0 
96848 522 507 167 3 522 122 0 207 1072 11 6 6 7 0 
96824 545 488 168 1 505 139 5 231 1077 6 3 4 4 0 
96927 562 459 178 4 489 145 3 170 1043 7 3 7 3 0 
96845 543 476 206 2 508 129 2 207 1057 8 6 5 6 0 
96823 535 492 167 2 550 133 4 196 1073 3 8 10 4 0 
96866 575 473 171 5 538 125 4 196 1023 6 5 3 10 0 
96952 516 447 173 5 516 135 4 198 1035 7 2 4 6 0 
96939 515 470 160 1 486 124 0 198 1087 7 4 3 6 0 
96857 527 457 168 2 536 138 2 218 1078 7 1 2 7 0 
96844 567 452 177 1 530 116 4 200 1092 4 2 5 6 0 
96894 551 469 184 2 505 134 2 194 1054 6 0 3 2 0 
96816 536 473 186 4 521 133 3 193 1113 8 2 4 8 0 
96923 557 483 169 2 507 127 1 180 1029 9 0 6 7 0 
96782 558 468 197 2 502 131 3 214 1123 10 1 4 5 0 
96788 598 509 196 3 527 144 1 187 1026 8 5 4 4 0 
96990 497 477 160 3 497 116 2 206 1032 7 3 2 8 0 
96831 563 473 177 5 535 144 2 181 1068 3 3 4 11 0 
96858 533 504 199 4 544 105 1 188 1042 13 1 7 1 0 
96835 584 489 171 0 512 112 1 190 1086 5 6 5 4 0 
96743 570 489 180 3 503 136 5 232 1118 4 2 7 8 0 
96929 529 433 180 0 540 120 2 207 1044 5 2 5 4 0 
96917 538 455 165 2 527 118 5 195 1059 10 4 3 2 0 
96702 561 518 206 5 525 137 3 206 1112 8 4 4 9 0 
96808 523 487 177 0 519 114 4 205 1142 7 3 6 5 0 
96878 545 473 161 3 519 118 2 212 1067 11 2 5 4 0 
96875 562 452 162 0 512 137 2 202 1074 5 2 7 8 0 
96893 563 457 164 4 500 129 4 196 1066 7 1 5 11 0 
96999 494 476 165 1 491 147 6 206 1001 5 0 4 5 0 
96809 528 483 210 1 479 141 3 216 1115 5 5 3 2 0 
96940 522 505 161 2 485 122 1 209 1037 7 1 4 4 0 
96805 527 438 171 4 559 127 3 210 1140 2 4 5 5 0 
96962 566 420 175 3 504 145 0 179 1028 7 3 4 4 0 
96789 595 465 177 4 508 137 3 191 1106 13 1 4 7 0 
96749 550 540 170 4 517 148 2 205 1093 5 3 5 9 0 
96867 533 525 177 3 484 140 1 182 1071 1 4 6 6 0 
96863 529 480 176 0 544 120 1 189 1080 5 1 4 8 0 
96906 564 463 190 0 514 112 2 198 1037 5 2 2 5 0 
96903 581 464 165 4 510 141 1 169 1034 9 3 8 8 0 
96964 548 453 182 3 512 112 3 190 1016 6 3 5 3 0 
96764 601 458 184 3 505 145 4 233 1092 3 1 3 4 0 
96909 542 481 164 1 563 94 1 185 1037 7 4 4 8 0 
96883 519 441 176 4 536 129 5 209 1071 9 4 5 9 0 
96875 563 481 174 1 482 128 9 211 1056 5 7 7 1 0 
96918 528 489 163 0 510 113 2 202 1057 7 4 4 3 0 
96833 554 503 199 1 497 138 4 199 1051 6 4 4 7 0 
96894 572 498 159 4 502 123 2 199 1026 10 2 5 4 0 
96957 518 468 207 2 487 122 2 189 1028 3 3 5 9 0 
96797 576 497 151 6 500 141 3 227 1079 4 4 7 8 0 
96911 525 475 157 1 503 128 2 184 1103 2 2 5 2 0 
96836 535 480 182 2 551 118 3 177 1093 4 1 10 8 0 
96866 515 469 210 1 488 139 4 191 1100 3 4 5 5 0 
96866 538 447 170 4 511 118 2 224 1105 3 1 6 5 0 
96895 533 468 174 0 505 120 4 215 1069 5 1 6 5 0 
96831 538 488 170 5 538 133 4 211 1075 2 2 1 2 0 
96852 526 506 154 2 574 125 4 201 1038 3 5 3 7 0 
96836 553 461 189 3 510 117 1 173 1137 5 3 4 8 0 
96889 557 444 165 1 525 136 2 189 1076 7 2 3 4 0 
96918 514 459 192 2 498 133 2 209 1053 4 1 8 7 0 
96961 537 428 179 2 534 126 2 194 1011 9 6 4 7 0 
96773 585 471 207 3 473 135 4 211 1118 3 3 9 5 0 
96887 526 490 166 4 548 126 2 178 1050 6 4 7 6 0 
96899 560 456 186 2 500 133 3 182 1061 3 5 6 4 0 
96759 554 461 189 4 575 116 3 221 1093 9 3 4 9 0 
96908 504 491 169 3 528 138 6 230 1003 9 1 6 4 0 
96909 513 449 183 2 535 141 1 157 1099 3 3 4 1 0 
96805 540 469 200 5 539 128 0 201 1090 6 4 4 9 0 
96904 535 457 179 2 517 153 1 204 1027 8 2 5 6 0 
96855 589 460 174 3 518 137 3 203 1033 6 4 9 6 0 
96881 530 454 175 5 497 139 1 197 1107 5 1 4 4 0 
96874 553 493 175 2 522 130 6 189 1043 4 0 4 5 0 
96936 510 467 198 2 490 122 4 179 1082 5 1 0 4 0 
96902 536 480 187 4 499 141 2 214 1022 3 2 7 1 0 
96904 542 481 187 3 480 115 2 203 1064 7 3 7 2 0 
96968 503 461 174 3 502 117 1 200 1058 3 2 3 5 0 
96881 550 456 189 1 508 127 2 208 1056 4 6 6 6 0 
96906 497 494 173 8 505 146 3 196 1050 5 3 6 8 0 
96818 545 481 193 2 499 124 3 223 1089 8 4 2 9 0 
96798 554 475 189 4 507 144 2 192 1112 5 6 5 7 0 
96847 560 468 173 4 512 144 4 191 1073 11 2 4 7 0 
96893 556 447 186 2 527 116 7 199 1049 9 2 3 4 0 
96844 562 461 189 1 550 120 3 198 1052 8 1 3 8 0 
96804 554 490 155 3 539 139 4 217 1084 3 2 3 3 0 
96867 547 443 166 0 534 151 3 215 1053 8 3 3 7 0 
96816 554 485 176 1 532 128 3 206 1087 3 2 4 3 0 
96849 574 454 171 4 533 129 3 208 1054 5 4 6 6 0 
96902 557 451 164 1 504 131 3 179 1089 10 4 2 3 0 
96874 526 498 161 5 504 125 5 186 1088 9 4 8 7 0 
96887 559 485 168 1 510 127 6 183 1051 4 5 8 6 0 
96902 477 467 170 3 521 143 6 170 1125 8 0 2 6 0 
96839 556 503 138 1 516 124 1 223 1085 2 2 5 5 0 
96992 519 473 158 2 493 117 3 192 1036 5 2 4 4 0 
96894 536 455 180 5 532 117 2 207 1054 9 4 3 2 0 
96828 574 463 169 4 528 133 2 223 1060 4 1 4 7 0 
96931 523 490 151 3 507 145 3 193 1036 7 3 4 4 0 
96922 544 424 171 2 525 134 0 201 1067 2 1 2 5 0 
96920 556 475 168 2 464 117 2 209 1066 8 3 3 7 0 
96845 565 492 184 2 505 140 3 198 1047 9 2 3 5 0 
96924 554 441 162 6 545 135 3 180 1025 7 4 4 10 0 
96816 531 469 171 4 525 162 2 210 1086 6 3 5 10 0 
96931 512 466 156 4 540 145 3 187 1043 4 1 3 5 0 
96897 521 464 169 1 517 140 3 193 1076 8 2 4 5 0 
96785 559 460 189 1 546 148 1 198 1094 4 6 4 5 0 
96935 511 480 164 2 515 123 4 189 1060 8 1 3 5 0 
96926 499 447 188 3 506 139 1 197 1077 6 2 4 5 0 
96934 536 471 185 6 514 139 1 199 996 6 3 3 7 0 
96943 506 466 162 2 499 138 2 192 1070 6 2 7 5 0 
96926 510 498 157 2 499 120 1 213 1058 6 1 5 4 0 
96910 540 415 199 0 527 133 1 222 1036 5 2 4 6 0 
96903 516 482 180 2 502 143 2 188 1073 2 3 1 3 0 
96879 517 423 178 3 565 148 1 198 1076 4 2 4 2 0 
96934 497 455 167 2 555 112 3 182 1067 8 1 9 8 0 
96869 536 481 168 1 530 125 1 207 1063 4 5 3 7 0 
96854 550 463 191 3 527 119 4 186 1093 1 1 4 4 0 
96954 515 454 170 0 514 125 4 199 1047 9 2 3 4 0 
96902 523 489 179 2 491 130 4 199 1069 3 1 2 6 0 
96847 552 468 195 4 566 116 2 196 1032 4 1 8 9 0 
96987 530 434 178 0 526 122 1 199 1011 4 1 2 5 0 
96804 592 475 155 2 511 107 3 215 1110 7 4 7 8 0 
96915 565 444 160 2 484 135 7 177 1083 13 4 7 4 0 
96921 544 468 191 2 498 121 2 198 1032 9 0 7 7 0 
96985 555 452 171 2 523 116 3 192 988 7 0 2 4 0 
96878 549 505 185 1 505 139 4 160 1053 9 4 2 6 0 
96888 526 463 170 1 582 138 6 183 1024 8 5 4 2 0 
96853 531 454 152 1 547 134 3 197 1101 7 5 9 6 0 
96941 505 493 185 1 498 112 0 179 1067 9 1 2 7 0 
96922 539 451 209 2 512 121 2 200 1022 6 4 6 4 0 
96914 512 481 168 5 516 142 4 196 1046 4 4 5 3 0 
96848 528 470 188 8 498 131 2 198 1107 7 3 7 5 0 
96810 537 457 172 3 556 142 0 218 1088 6 3 3 5 0 
96900 526 433 205 2 546 120 2 202 1046 5 0 1 12 0 
96891 511 469 187 2 534 133 3 194 1055 5 3 9 4 0 
96836 555 498 166 5 520 142 2 209 1046 8 2 4 7 0 
96944 515 448 157 1 502 160 2 197 1053 9 2 3 7 0 
96845 568 448 167 3 531 137 3 194 1087 8 2 2 5 0 
96795 527 481 197 2 539 130 6 202 1095 11 6 2 7 0 
96868 541 474 178 2 518 148 3 202 1038 9 2 6 11 0 
96914 570 459 187 3 487 115 1 218 1034 3 1 5 3 0 
96839 559 505 184 2 508 142 3 214 1022 4 4 5 9 0 
96912 531 461 166 2 490 130 4 210 1070 12 3 3 6 0 
96915 537 489 195 3 512 134 2 187 1010 4 1 6 5 0 
96878 542 463 168 1 515 133 4 208 1062 8 5 2 11 0 
96837 546 477 190 0 526 129 1 196 1076 6 2 8 6 0 
96802 538 463 176 3 582 118 2 178 1116 8 1 6 7 0 
96862 541 470 190 3 520 110 0 198 1090 5 2 7 2 0 
96916 559 452 210 3 474 124 1 189 1052 7 1 5 7 0 
96865 530 457 186 3 529 151 2 188 1064 5 5 4 11 0 
96851 550 484 170 1 529 119 1 201 1074 4 2 9 5 0 
96752 567 492 155 0 527 138 2 220 1138 3 1 3 2 0 
96948 536 463 185 4 494 131 0 203 1026 2 1 2 5 0 
96950 519 419 179 3 500 139 2 193 1076 4 1 8 7 0 
96789 558 496 157 2 518 148 3 214 1095 7 4 5 4 0 
96925 518 449 191 5 524 146 3 204 1015 4 1 8 7 0 
96932 529 474 173 2 494 123 5 210 1031 9 5 9 4 0 
96944 540 484 166 3 480 153 2 199 1012 3 1 0 13 0 
96940 568 474 177 2 512 141 3 190 972 5 5 8 3 0 
96815 513 461 192 2 558 131 1 198 1115 2 4 4 4 0 
96856 507 476 196 0 493 150 3 190 1112 5 3 5 4 0 
96790 530 445 178 1 543 142 3 209 1140 11 2 3 3 0 
96864 594 442 172 7 492 141 1 195 1068 5 6 5 8 0 
96863 557 473 176 4 536 145 0 213 1016 4 5 6 2 0 
96910 549 450 190 2 518 139 1 190 1033 5 3 6 4 0 
96928 538 461 159 4 503 111 7 184 1084 11 0 3 7 0 
96941 463 489 169 3 520 143 2 213 1035 6 4 7 5 0 
96879 561 464 185 2 519 120 2 188 1065 4 2 2 7 0 
96920 521 445 165 2 509 131 4 221 1066 6 2 4 4 0 
96966 508 461 194 3 512 114 3 188 1032 7 1 4 7 0 
96924 520 475 209 1 525 112 4 188 1030 10 0 0 2 0 
96975 532 449 163 2 497 129 1 180 1057 4 3 6 1 1 
96837 575 455 181 2 527 128 4 209 1060 7 2 6 7 0 
96841 554 512 176 4 521 130 5 205 1036 4 1 5 6 0 
96944 592 466 175 2 471 127 4 216 982 8 3 5 5 0 
96931 512 476 181 4 540 113 1 172 1050 3 1 5 11 0 
96821 577 488 186 1 490 114 2 219 1081 10 1 3 7 0 
96826 569 454 183 2 523 125 4 222 1077 5 5 3 2 0 
96945 540 457 188 1 507 120 3 218 1009 6 1 3 2 0 
96849 560 462 174 3 552 117 0 213 1058 5 2 1 4 0 
96906 548 473 189 3 459 124 2 197 1083 6 0 5 5 0 
96878 503 473 187 3 501 134 3 233 1062 11 3 3 6 0 
96925 553 482 174 2 496 128 4 180 1041 7 1 4 3 0 
96791 597 476 194 1 536 136 3 182 1068 4 2 6 4 0 
96963 497 457 185 3 478 128 3 195 1076 3 2 4 6 0 
96980 529 461 174 3 506 140 2 172 1022 4 2 4 1 0 
96881 545 470 178 3 522 127 3 204 1048 5 1 7 5 1 
96902 493 516 174 1 507 121 4 191 1075 3 3 4 6 0 
97038 557 425 160 1 459 120 1 181 1038 3 0 10 7 0 
96839 546 470 200 4 506 123 6 197 1086 5 2 13 3 0 
96948 555 471 182 2 472 123 5 183 1042 8 1 3 5 0 
96867 542 445 172 2 529 131 1 195 1097 4 3 5 7 0 
96772 534 505 170 5 556 154 5 197 1077 9 3 6 7 0 
96740 569 507 179 0 508 134 3 202 1141 9 1 5 2 0 
96934 508 465 199 2 496 128 1 198 1055 4 1 2 7 0 
96864 543 457 187 3 558 148 2 177 1042 8 1 4 6 0 
96873 546 464 179 2 510 125 1 218 1061 4 3 8 6 0 
96903 535 453 183 2 518 121 0 213 1052 6 2 6 6 0 
96886 555 491 174 3 494 124 3 219 1027 7 5 7 5 0 
96869 558 467 161 1 514 139 1 200 1069 5 2 7 7 0 
96829 568 471 176 1 511 130 3 221 1072 6 1 7 4 0 
96972 526 454 171 0 522 140 0 202 996 7 1 3 6 0 
96833 593 459 186 2 505 133 2 193 1069 6 3 10 6 0 
96901 568 425 173 2 545 127 5 203 1033 2 5 8 3 0 
96777 616 473 192 4 529 139 1 196 1055 3 0 9 6 0 
96891 537 475 164 3 518 108 2 191 1086 5 1 10 9 0 
96917 531 460 182 3 507 116 5 196 1064 6 2 4 7 0 
96928 558 456 169 4 490 136 5 184 1053 5 0 7 5 0 
96845 512 495 182 3 510 111 2 194 1124 9 0 4 9 0 
96882 512 501 148 6 532 140 3 202 1060 4 0 4 6 0 
96898 519 471 168 3 531 107 5 195 1080 11 1 4 7 0 
96847 508 467 194 2 532 130 4 190 1111 4 3 6 2 0 
96936 544 440 149 3 468 127 4 233 1073 10 2 3 8 0 
96978 484 452 179 5 537 139 4 173 1034 2 1 6 6 0 
96784 541 464 184 3 558 130 4 232 1079 8 2 6 5 0 
96877 556 459 163 2 530 144 0 217 1034 7 1 6 4 0 
96807 561 471 179 3 512 132 3 213 1095 5 3 8 8 0 
96861 600 438 181 7 523 125 1 222 1021 10 3 3 5 0 
96967 507 470 171 0 514 131 2 187 1036 5 4 2 4 0 
96923 532 461 170 5 491 125 1 210 1061 5 2 5 9 0 
96903 549 441 169 4 544 119 4 183 1067 9 1 3 4 0 
96906 520 481 186 2 524 128 3 193 1037 4 4 7 5 0 
96820 549 484 202 5 508 104 3 208 1099 6 3 2 7 0 
96897 511 473 164 2 527 116 0 204 1081 10 6 1 8 0 
96815 507 486 170 4 544 139 2 201 1114 4 7 2 5 0 
96948 556 458 165 1 477 132 2 194 1047 5 4 6 5 0 
96877 564 494 174 3 533 119 5 205 1004 5 7 4 6 0 
96792 542 518 168 7 532 143 3 205 1084 1 1 2 2 0 
96857 566 471 159 3 486 132 1 182 1116 9 0 9 9 0 
96936 514 492 140 2 520 109 4 201 1065 4 3 5 5 0 
96846 517 488 182 4 536 136 4 214 1055 5 1 7 5 0 
96833 547 487 179 2 545 125 5 204 1051 6 2 4 10 0 
96829 531 465 179 4 553 133 2 211 1075 6 1 5 6 0 
96878 534 488 190 4 514 132 2 198 1042 3 3 4 8 0 
96868 494 489 180 2 524 120 2 202 1097 3 3 6 10 0 
96806 566 458 174 6 545 132 4 218 1067 3 1 12 8 0 
96866 562 467 171 1 515 131 0 216 1049 4 6 3 9 0 
96889 563 483 172 3 512 108 1 186 1070 7 0 3 3 0 
96886 540 496 155 3 501 156 4 210 1025 9 4 5 6 0 
96783 536 485 182 1 553 123 4 196 1115 8 3 4 7 0 
96891 548 510 166 4 503 134 3 201 1024 3 2 5 6 0 
96859 567 484 165 1 501 138 5 214 1046 5 2 7 6 0 
96870 538 464 177 2 550 123 1 209 1048 8 2 3 5 0 
96842 575 434 178 2 517 143 4 198 1079 11 4 6 7 0 
96934 516 468 177 5 524 134 2 209 1019 2 2 4 4 0 
96864 539 459 190 4 536 128 1 202 1059 4 5 2 7 0 
96784 532 493 172 4 540 142 2 200 1117 2 2 5 5 0 
96876 555 488 161 2 500 135 3 196 1067 6 4 4 3 0 
96932 517 440 198 3 543 111 5 192 1045 6 1 5 2 0 
96869 482 466 167 3 568 120 4 223 1079 2 2 6 9 0 
96826 540 503 211 2 510 134 4 214 1040 3 4 7 2 0 
96799 526 500 170 5 548 148 3 190 1080 2 6 11 12 0 
96892 560 450 177 4 515 138 3 202 1041 7 1 4 6 0 
96891 577 429 203 0 492 132 3 213 1043 6 5 3 3 0 
96984 526 441 174 1 538 130 3 180 1003 6 2 4 8 0 
96971 542 450 191 2 471 129 7 201 1015 6 6 5 4 0 
96782 565 490 208 2 534 129 2 209 1066 4 2 4 3 0 
96900 546 453 180 3 504 120 2 196 1080 5 2 5 4 0 
96912 497 495 167 2 510 136 1 194 1069 3 2 6 6 0 
96899 550 484 176 2 537 134 1 206 996 4 2 4 5 0 
96814 591 467 171 3 515 134 4 202 1082 9 2 3 3 0 
96971 558 444 180 4 492 143 0 200 988 10 1 6 3 0 
96862 562 459 177 3 509 142 3 197 1063 9 7 3 4 0 
96776 556 513 160 3 538 135 5 205 1093 3 4 1 8 0 
96843 537 480 194 4 502 139 5 205 1060 13 3 6 9 0 
96943 512 445 197 3 517 121 6 205 1034 5 1 6 5 0 
96918 549 464 183 2 511 115 6 192 1040 2 6 7 5 0 
96889 506 474 194 3 527 140 3 185 1059 9 3 3 5 0 
96897 538 489 192 5 536 121 1 184 1024 2 2 3 6 0 
96899 479 488 186 1 515 146 4 186 1074 6 3 7 6 0 
96823 556 446 162 4 534 149 1 195 1111 5 3 2 9 0 
96922 525 475 155 5 518 110 3 208 1058 7 4 4 6 0 
96808 562 457 178 2 550 123 2 207 1084 6 2 6 13 0 
96830 554 485 185 3 505 110 2 207 1089 10 4 3 13 0 
96881 576 422 149 5 551 132 3 221 1039 5 3 5 8 0 
96898 524 496 202 1 502 140 4 184 1027 5 0 5 12 0 
96827 542 473 197 3 516 131 1 226 1061 8 0 6 9 0 
96838 492 527 190 2 503 121 2 212 1098 4 1 5 5 0 
96797 578 441 165 1 546 138 3 210 1098 5 6 8 4 0 
96893 573 427 187 3 532 123 5 206 1027 15 1 5 3 0 
96920 562 451 188 1 508 127 3 198 1026 8 1 3 4 0 
96868 509 471 178 3 515 124 4 222 1091 4 1 6 4 0 
96841 562 460 172 0 535 134 1 195 1086 3 2 5 4 0 
96844 516 487 183 3 536 124 0 198 1086 9 2 5 7 0 
96872 538 458 157 3 519 123 2 221 1084 5 4 4 10 0 
96892 528 495 165 3 521 137 4 202 1033 9 3 2 6 0 
96912 560 493 161 2 479 126 4 177 1060 9 2 6 9 0 
96979 524 464 151 0 529 113 2 210 1011 1 3 4 9 0 
96849 598 473 192 4 500 142 1 194 1035 4 0 4 4 0 
96806 511 494 200 3 539 143 1 209 1077 7 2 3 5 0 
96820 532 491 176 3 555 119 2 194 1086 8 2 8 4 0 
96856 543 450 185 1 505 147 6 230 1056 8 2 6 5 0 
96950 512 454 171 5 527 132 2 195 1029 7 5 8 3 0 
96821 558 507 190 4 515 131 1 180 1074 9 0 2 8 0 
96779 555 493 179 2 521 134 1 211 1100 6 3 8 8 0 
96784 547 446 201 1 516 152 6 196 1137 4 3 2 5 0 
96847 555 455 185 3 513 117 3 207 1100 8 1 2 4 0 
96876 530 438 183 1 539 138 3 190 1085 6 4 1 6 0 
96907 557 464 158 4 513 129 4 215 1028 3 4 6 8 0 
96806 540 490 163 3 552 155 1 203 1075 3 2 4 3 0 
97007 505 466 172 0 524 129 3 156 1022 6 0 5 5 0 
96861 540 472 180 4 521 128 4 198 1067 3 4 7 11 0 
96846 517 477 177 3 535 125 2 216 1084 8 1 5 4 0 
96906 554 455 175 1 516 112 3 200 1065 4 2 4 3 0 
96835 559 468 166 6 535 127 2 198 1088 7 2 0 7 0 
96994 522 425 188 1 479 119 7 188 1060 4 4 3 6 0 
96877 542 466 175 5 502 109 8 202 1092 9 1 6 6 0 
96874 548 491 190 5 489 140 5 208 1036 4 3 0 7 0 
96904 529 448 184 3 540 130 4 224 1013 4 3 7 7 0 
96866 540 488 161 2 513 130 5 187 1081 7 4 6 10 0 
96888 544 447 172 2 509 131 3 200 1090 4 1 6 3 0 
96952 588 460 183 2 524 121 2 170 978 9 1 6 4 0 
96889 519 458 182 5 482 165 2 190 1095 1 2 5 5 0 
96925 537 482 160 2 515 122 2 194 1047 5 1 6 2 0 
96887 542 490 171 0 542 106 2 192 1050 5 2 5 6 0 
96877 542 486 170 5 520 133 4 190 1055 4 3 5 6 0 
96854 557 471 170 4 503 145 2 190 1085 8 1 4 6 0 
96863 577 472 189 6 518 99 1 196 1062 4 2 5 6 0 
96828 515 489 184 6 557 111 0 206 1083 6 3 3 9 0 
96926 530 451 176 1 541 141 3 186 1033 4 2 0 6 0 
96889 525 486 188 3 493 127 1 217 1054 4 4 5 4 0 
96930 520 462 170 0 505 130 3 203 1057 9 0 3 8 0 
96825 559 476 189 3 525 124 2 222 1053 8 3 4 7 0 
96782 553 506 174 3 558 128 0 200 1079 9 3 4 1 0 
96866 497 490 187 1 558 142 4 214 1027 6 5 1 2 0 
96835 545 449 192 3 523 149 1 186 1097 8 4 7 1 0 
96816 541 493 182 3 516 144 4 204 1083 6 1 3 4 0 
96914 538 511 177 5 493 122 0 174 1043 6 5 3 9 0 
96871 495 486 155 2 523 109 2 221 1119 6 2 4 5 0 
96918 569 444 177 2 485 135 4 197 1047 6 1 9 6 0 
