96822 626 465 122 7 466 132 4 267 1070 8 3 4 4 0 
96885 564 506 125 5 491 133 4 240 1030 9 1 2 5 0 
96845 567 516 134 1 475 125 3 242 1072 9 2 3 6 0 
96894 572 470 132 1 433 137 3 237 1106 7 5 2 1 0 
96813 577 456 133 2 467 160 1 250 1124 6 2 8 1 0 
96907 602 449 129 3 452 124 4 236 1079 5 3 3 4 0 
96896 555 509 111 2 473 131 2 231 1067 8 3 6 6 0 
96803 585 461 158 4 471 135 1 240 1129 2 3 4 4 0 
96962 577 460 131 3 458 114 3 242 1028 7 0 8 7 0 
96937 611 469 122 0 461 127 1 233 1024 4 2 4 5 0 
96865 576 460 162 0 446 139 4 235 1095 8 3 3 4 0 
96968 544 440 131 3 459 143 1 250 1042 9 3 4 3 0 
96826 618 443 132 0 453 126 3 265 1120 7 1 4 2 0 
96824 618 471 128 4 478 113 4 257 1088 4 2 2 7 0 
96888 604 463 135 1 462 119 3 246 1064 8 1 0 6 0 
96923 561 473 128 3 479 119 2 270 1027 9 0 4 2 0 
96831 595 462 148 6 465 120 3 251 1087 11 8 6 7 0 
96860 573 475 120 1 480 126 2 238 1109 6 2 5 3 0 
96836 585 467 157 2 526 136 4 233 1033 7 3 3 8 0 
96877 568 490 133 3 453 124 5 249 1081 3 3 6 5 0 
96852 583 492 140 2 475 129 4 268 1043 5 4 1 2 0 
96852 615 470 134 0 462 129 3 265 1046 10 3 2 9 0 
96860 586 479 118 2 494 115 2 273 1053 4 0 7 7 0 
96960 560 464 133 4 506 127 2 220 1005 12 2 3 2 0 
96885 584 480 135 0 484 129 2 229 1056 8 2 3 3 0 
96907 573 440 127 3 488 124 2 256 1067 5 1 3 4 0 
96912 553 483 119 4 490 112 3 264 1043 4 5 2 6 0 
96902 583 436 126 5 497 119 0 248 1065 8 1 4 6 0 
96943 551 474 128 3 458 123 2 247 1052 9 1 4 5 0 
96870 585 484 102 0 458 112 3 252 1123 4 3 2 2 0 
96881 633 492 127 1 464 111 0 255 1019 9 1 1 6 0 
96798 559 520 116 2 495 142 7 257 1084 5 6 7 2 0 
96836 599 470 135 3 467 135 3 256 1079 10 2 4 1 0 
96876 583 477 127 2 462 142 2 246 1066 6 3 5 3 0 
96963 588 451 131 4 448 107 5 238 1042 7 2 7 6 1 
96821 606 474 127 4 480 130 0 216 1129 5 3 3 2 0 
96801 597 480 135 2 521 130 2 242 1065 7 3 6 9 0 
96814 603 478 129 2 462 125 3 264 1104 4 2 7 2 1 
96933 577 460 139 0 432 132 6 235 1070 3 4 6 3 0 
96796 613 512 144 3 506 110 1 215 1082 2 5 7 4 0 
96901 568 475 124 1 426 135 6 256 1079 4 1 12 12 0 
96955 565 431 117 2 482 131 3 241 1056 9 1 5 2 0 
96916 601 473 119 2 451 112 2 235 1068 6 4 5 6 0 
96847 645 476 124 4 467 135 1 253 1029 9 1 6 3 0 
96857 566 492 150 2 485 109 3 244 1068 3 3 9 9 0 
96762 606 463 135 0 519 134 1 258 1106 6 6 2 2 0 
96965 600 435 115 6 463 134 2 264 999 7 1 1 8 0 
96906 597 467 107 3 507 135 1 238 1023 10 2 2 2 0 
96964 550 476 135 2 465 132 1 249 1009 9 1 5 2 0 
96886 605 445 119 2 480 132 7 230 1067 6 5 8 8 0 
96887 597 490 125 0 461 131 2 272 1016 9 1 3 6 0 
96903 539 507 165 5 436 130 2 230 1067 6 3 5 2 0 
96932 576 469 97 0 420 153 3 238 1097 5 5 1 4 0 
96890 605 489 110 3 482 133 3 223 1043 8 2 3 6 0 
96920 585 434 121 3 472 139 1 244 1058 6 8 2 7 0 
96900 571 467 116 6 456 123 3 262 1072 13 2 2 7 0 
96896 587 430 127 2 494 127 1 206 1110 10 1 4 5 0 
96941 572 470 133 1 435 135 2 243 1046 10 2 4 6 0 
96939 554 461 127 4 445 123 2 254 1073 4 4 5 5 0 
96939 583 456 133 5 416 125 2 243 1083 6 4 3 2 0 
96833 556 496 135 3 497 132 2 254 1080 4 2 4 2 0 
96852 579 483 136 6 486 127 4 245 1068 8 0 3 3 0 
96902 597 464 99 3 491 124 4 234 1064 7 2 5 4 0 
96840 600 465 122 7 520 126 3 235 1068 8 1 2 3 0 
96877 590 486 112 1 500 111 3 246 1057 4 0 4 9 0 
96901 530 512 117 1 496 113 2 253 1059 3 0 7 6 0 
96976 533 461 127 1 495 114 5 238 1035 6 2 4 3 0 
96969 578 438 123 12 471 113 3 245 1022 7 4 7 8 0 
96775 609 491 150 0 466 124 1 256 1109 8 2 6 3 0 
96887 544 479 123 0 505 130 2 250 1066 5 4 2 3 0 
96879 569 466 136 3 503 114 4 245 1068 5 0 6 2 0 
96945 564 464 122 1 479 134 1 247 1026 4 1 2 10 0 
96896 582 485 129 2 434 124 2 245 1082 10 1 5 3 0 
96857 593 524 124 1 464 118 0 257 1044 7 4 4 3 0 
96839 563 471 135 1 485 136 2 261 1085 10 5 2 5 0 
96927 592 476 118 3 451 122 3 227 1058 10 4 4 5 0 
96809 603 463 130 3 473 131 3 241 1127 9 1 4 3 0 
96842 603 462 129 3 454 138 3 235 1113 5 3 5 5 0 
96877 575 469 112 3 470 137 2 275 1065 4 3 3 5 0 
96960 568 461 122 4 496 109 1 242 1022 3 1 4 7 0 
96912 551 457 118 2 486 141 3 227 1081 11 3 8 0 0 
96965 573 454 123 4 446 114 4 244 1049 8 2 4 10 0 
96880 593 453 128 5 471 128 5 245 1077 3 4 5 3 0 
96896 569 457 120 3 467 118 2 249 1101 7 2 5 4 0 
96944 578 472 131 2 475 144 1 248 983 5 4 4 9 0 
96821 598 494 155 3 462 125 1 241 1079 9 5 6 1 0 
96968 551 482 117 6 438 126 2 236 1056 4 4 4 6 0 
96831 644 456 151 3 447 135 3 242 1067 8 2 4 7 0 
96851 537 490 123 2 489 118 1 284 1078 11 2 9 5 0 
96903 581 456 124 3 465 144 1 236 1069 6 1 7 4 0 
96889 555 470 145 3 466 135 1 260 1063 8 0 3 2 0 
96924 629 463 118 2 443 129 3 237 1039 4 2 3 4 0 
96874 582 461 139 6 490 141 3 258 1031 6 0 7 2 0 
96915 593 465 137 2 459 131 3 251 1031 2 1 3 7 0 
96953 563 494 118 5 447 126 0 248 1037 5 1 1 2 0 
96767 582 455 145 3 517 129 3 265 1110 10 3 8 3 0 
96913 582 468 129 4 485 106 1 240 1052 4 4 7 5 0 
96792 592 508 147 2 478 133 3 248 1076 4 5 8 4 0 
96901 560 471 132 2 484 142 0 230 1059 8 4 4 3 0 
96909 605 485 131 2 457 122 2 236 1029 8 6 3 5 0 
96833 570 450 145 4 497 122 4 252 1097 7 6 5 8 0 
96961 572 470 134 1 468 137 2 244 988 13 3 5 2 0 
96886 572 464 126 0 490 134 4 271 1038 3 0 9 3 0 
96919 555 484 125 1 477 109 3 223 1083 10 3 4 4 0 
96891 592 443 136 4 453 139 3 252 1068 8 1 5 5 0 
96809 570 460 142 4 501 143 4 268 1087 7 0 2 3 0 
96840 623 461 110 3 491 126 5 246 1075 6 2 6 6 0 
96941 573 462 146 3 452 133 3 231 1042 7 2 2 3 0 
96871 559 465 138 2 469 128 2 266 1083 4 3 6 4 0 
96877 586 471 151 1 467 117 3 257 1051 3 3 8 5 0 
96816 579 513 137 3 480 126 2 225 1105 6 3 1 4 0 
96883 602 463 132 4 467 131 1 256 1045 3 0 7 6 0 
96858 579 482 140 3 476 128 4 220 1093 8 2 3 4 0 
96844 542 502 167 1 473 128 2 250 1075 4 2 6 4 0 
96767 627 476 131 0 468 131 1 262 1115 8 3 5 6 0 
96845 641 472 134 2 441 125 3 248 1068 9 2 7 3 0 
96840 590 467 140 2 468 144 3 276 1054 8 1 4 3 0 
96895 546 479 133 3 454 117 4 261 1091 7 1 4 5 0 
96801 612 477 136 3 520 144 4 261 1024 6 3 6 3 0 
96915 605 422 139 2 431 97 5 280 1085 7 4 6 2 0 
96839 569 499 130 5 452 141 1 263 1075 12 3 5 6 0 
96836 590 484 138 4 485 135 4 249 1050 8 7 4 6 0 
96870 601 478 132 3 465 127 3 261 1043 6 4 2 5 0 
96816 587 501 133 1 472 139 2 275 1056 11 1 3 3 0 
96834 550 475 145 4 482 141 6 258 1080 9 2 8 6 0 
96777 617 486 137 2 502 133 2 236 1085 6 3 7 7 0 
96859 601 482 132 1 469 123 4 241 1074 6 2 2 4 0 
96912 596 470 123 3 460 112 0 218 1092 7 2 2 3 0 
96907 554 479 97 2 466 136 3 255 1084 9 3 4 1 0 
96819 591 495 127 1 488 146 1 270 1050 5 1 2 4 0 
96902 560 473 138 3 497 134 5 257 1008 12 7 1 3 0 
96792 593 503 117 1 484 140 3 243 1112 3 2 3 4 0 
96969 607 451 111 2 460 114 3 236 1030 5 1 8 3 0 
96898 585 453 127 3 459 126 2 238 1088 4 4 7 6 0 
96953 558 494 121 3 414 133 5 256 1043 9 3 7 1 0 
96936 586 438 126 4 449 142 3 227 1067 6 5 7 4 0 
96841 579 503 123 2 495 149 2 234 1060 6 2 0 4 0 
96816 631 465 131 5 473 140 1 254 1063 7 3 3 8 0 
97035 535 469 130 2 429 132 3 237 1012 4 1 5 6 0 
96910 590 435 132 5 456 130 4 250 1074 5 2 3 4 0 
96857 621 492 131 4 487 121 4 255 1003 9 5 4 7 0 
96832 594 453 154 1 453 141 2 241 1109 8 1 5 6 0 
96919 576 462 126 1 469 139 4 215 1071 5 1 8 4 0 
96854 590 464 125 2 513 125 1 261 1039 12 3 7 4 0 
96818 593 497 121 1 470 127 2 226 1124 6 2 7 6 0 
96864 570 489 114 3 456 142 4 273 1065 3 3 1 13 0 
96913 574 467 123 1 469 120 2 251 1060 7 2 6 5 0 
96889 546 437 142 1 488 119 2 263 1084 8 5 9 7 0 
96949 581 446 159 5 406 116 2 266 1053 9 2 2 4 0 
96810 594 527 123 1 464 127 6 224 1098 9 5 3 9 0 
96893 569 466 124 2 434 121 4 285 1080 7 6 4 5 0 
96834 589 515 141 5 484 128 3 242 1035 9 3 5 7 0 
96878 577 485 123 2 479 112 6 243 1077 4 3 8 3 0 
96913 605 458 114 2 469 104 4 237 1072 7 3 8 4 0 
96876 595 434 132 2 496 131 3 252 1052 10 3 12 2 0 
96927 569 435 117 3 479 115 1 244 1093 9 4 2 2 0 
96805 590 471 127 6 507 134 1 254 1086 4 3 5 7 0 
96847 597 489 123 2 472 139 3 243 1068 5 1 7 4 0 
96823 596 489 113 4 504 133 1 238 1083 3 1 6 5 1 
96921 548 459 130 3 460 142 3 241 1079 6 4 3 1 0 
96846 587 498 112 2 469 121 3 253 1085 9 3 5 7 0 
96918 574 484 124 5 444 137 1 246 1043 10 1 8 5 0 
96843 605 468 133 5 488 132 0 256 1053 8 4 2 3 0 
96956 592 395 134 4 467 141 4 252 1032 14 2 3 4 0 
96919 547 434 136 4 475 155 1 279 1035 2 4 3 6 0 
96959 574 464 126 3 447 134 2 253 1027 1 1 5 4 0 
96985 583 475 108 1 451 122 1 228 1034 7 0 2 3 0 
96931 593 439 131 1 440 124 3 243 1069 6 4 9 7 0 
96901 576 476 126 2 439 120 2 257 1087 6 1 5 2 0 
96830 602 479 142 2 505 134 5 245 1043 4 1 4 4 0 
96897 551 465 129 2 495 143 2 242 1059 6 3 4 2 0 
96920 599 437 132 1 445 122 2 260 1062 8 3 2 7 0 
96860 595 480 126 2 478 134 3 230 1077 4 2 8 1 0 
96834 549 486 146 3 473 138 5 262 1085 7 1 7 4 0 
96861 612 484 139 6 476 140 0 234 1026 8 1 5 8 0 
96931 543 473 130 2 455 150 3 240 1056 6 1 7 3 0 
96916 552 470 134 2 499 103 5 223 1064 12 3 6 10 1 
96929 571 457 129 3 461 131 4 251 1049 4 2 3 6 0 
96937 596 481 118 3 432 145 2 236 1029 6 3 6 6 0 
96839 630 482 135 2 456 121 5 215 1095 8 3 5 4 0 
96847 594 470 139 3 478 117 3 241 1090 6 2 4 6 0 
96947 596 473 105 3 457 137 6 243 1015 5 4 6 3 0 
96878 542 482 135 2 486 136 3 262 1051 8 6 5 4 0 
96758 644 452 149 1 508 132 1 227 1112 7 0 5 4 0 
96852 581 505 130 1 463 127 5 259 1061 7 1 2 6 0 
96820 603 502 112 1 499 125 4 259 1055 6 4 4 6 0 
96831 576 500 132 2 458 106 6 276 1101 1 3 5 3 0 
96909 580 464 119 0 475 126 3 244 1067 6 2 2 3 0 
96839 609 466 107 0 495 122 2 239 1101 8 3 3 6 0 
96849 600 478 140 3 490 108 6 248 1061 6 2 3 6 0 
96855 607 482 128 4 480 124 3 249 1051 6 2 3 6 0 
96835 601 459 132 6 475 138 3 255 1081 4 4 3 4 0 
96919 556 495 123 3 482 104 2 242 1052 7 2 3 10 0 
96952 553 479 146 4 461 112 3 238 1040 8 0 1 3 0 
96929 610 482 126 3 444 119 0 238 1038 5 1 3 2 0 
96861 594 453 133 4 483 122 1 288 1042 7 4 3 5 0 
96921 532 472 125 6 460 124 1 266 1073 7 2 5 6 0 
96878 613 448 140 4 495 141 0 222 1034 12 4 4 5 0 
96827 600 466 137 2 494 123 1 240 1090 6 2 7 5 0 
96827 633 479 122 4 468 122 5 244 1086 2 0 5 3 0 
96846 593 472 121 3 481 137 1 254 1070 7 5 4 6 0 
96871 586 445 134 4 476 147 3 247 1064 11 1 7 4 0 
96833 572 462 107 1 465 119 3 277 1140 6 4 5 6 0 
96839 575 477 122 1 467 121 3 292 1086 6 2 4 5 0 
96910 585 480 137 3 440 140 5 254 1023 7 5 6 5 0 
96851 590 507 136 2 481 120 4 245 1052 6 1 3 2 0 
96824 601 485 141 1 452 134 7 290 1047 5 0 7 6 0 
96862 561 481 136 2 494 142 2 250 1050 8 3 5 4 0 
96925 569 432 139 4 446 137 2 269 1057 6 1 9 4 0 
96931 575 455 136 3 467 124 4 224 1064 11 0 4 2 0 
96945 537 464 127 2 470 136 3 226 1065 9 7 7 2 0 
96844 578 476 124 1 485 124 4 259 1093 5 1 0 6 0 
96877 581 473 128 2 453 132 2 249 1079 9 4 5 6 0 
96952 595 473 125 2 429 113 4 251 1042 5 2 4 3 0 
96776 583 519 107 1 495 146 3 233 1120 3 3 4 7 0 
96892 589 470 135 3 452 121 5 277 1041 4 2 3 6 0 
96891 581 458 119 1 464 120 1 260 1085 6 4 8 2 0 
96864 590 481 114 3 473 144 2 263 1043 8 3 9 3 0 
96903 593 447 120 4 459 147 3 250 1051 8 3 8 4 0 
96931 580 437 116 3 456 115 5 288 1045 6 6 4 8 0 
96895 562 460 144 3 457 136 0 255 1064 12 0 7 5 0 
96926 574 454 131 1 478 142 4 247 1030 6 2 3 2 0 
96903 573 435 117 2 487 129 4 265 1063 3 3 6 10 0 
96774 616 461 117 4 519 142 5 256 1087 10 3 5 1 0 
96907 574 498 106 4 445 137 3 258 1050 6 2 7 3 0 
97013 580 460 115 4 444 124 0 234 1010 5 3 3 5 0 
96926 567 437 130 3 485 137 1 254 1042 5 2 8 3 0 
96911 582 493 123 3 476 128 3 253 1013 6 2 3 4 0 
96773 621 480 133 4 498 140 0 252 1080 6 2 6 5 0 
96818 614 507 132 1 480 137 6 229 1058 8 4 2 4 0 
96900 565 462 123 0 504 120 3 229 1070 13 2 7 2 0 
96892 604 471 123 5 474 138 2 259 1014 4 4 6 4 0 
96912 557 463 134 1 506 132 3 256 1016 10 3 3 4 0 
96909 573 464 134 2 472 138 6 256 1036 4 1 3 2 0 
96854 559 452 134 1 462 132 2 251 1135 6 4 5 3 0 
96817 560 486 128 3 529 130 6 252 1067 7 2 7 6 0 
96882 595 470 145 6 439 127 4 245 1068 7 3 3 6 0 
96878 613 470 136 2 457 109 3 243 1069 3 4 7 6 0 
96846 612 449 131 1 476 134 2 248 1083 3 3 6 6 0 
96849 535 457 143 1 500 122 3 259 1116 2 4 4 5 0 
96825 595 454 120 2 468 153 3 268 1088 11 4 3 6 0 
96919 578 482 120 3 474 105 2 258 1041 7 1 4 6 0 
96929 533 472 112 3 494 146 5 251 1032 8 3 7 5 0 
96923 549 505 145 2 470 123 0 254 1016 7 1 4 1 0 
96951 582 439 148 0 436 120 1 222 1085 5 2 3 6 0 
96852 596 456 119 1 507 129 4 246 1072 10 5 1 2 0 
96751 645 466 134 6 500 145 1 252 1082 6 3 3 6 0 
96868 543 457 132 6 503 136 3 257 1075 12 1 3 4 0 
96780 624 482 127 2 462 125 2 235 1134 9 4 7 7 0 
96827 597 463 150 2 500 120 1 233 1096 6 2 2 0 1 
96808 638 468 135 4 526 120 2 218 1054 6 7 5 9 0 
96962 584 481 134 4 442 128 5 226 1017 7 2 3 5 0 
96957 584 477 121 5 444 144 1 238 1012 8 3 3 3 0 
96881 538 472 132 4 499 127 2 260 1065 6 1 5 8 0 
96934 572 509 125 1 458 136 4 258 991 5 0 4 3 0 
96902 607 445 114 3 491 131 1 244 1045 6 1 6 4 0 
96872 554 520 130 1 470 145 1 284 1005 9 2 5 2 0 
96761 576 505 102 3 479 122 1 266 1159 10 2 10 4 0 
96790 600 487 144 4 487 148 2 224 1101 3 2 6 2 0 
96890 629 472 138 1 425 124 2 236 1064 6 3 3 7 0 
96899 570 444 108 3 504 138 1 248 1063 6 3 7 6 0 
96845 603 511 116 2 444 123 3 254 1078 7 2 7 5 0 
96881 569 473 124 3 455 134 3 252 1082 6 6 4 8 0 
96903 579 480 119 3 475 133 2 234 1052 9 3 5 3 0 
96914 570 442 141 2 459 116 3 259 1080 7 1 4 2 0 
96795 605 503 121 1 492 148 3 229 1077 6 6 8 6 0 
96821 582 491 134 2 502 143 3 254 1052 7 1 4 4 0 
96816 575 501 134 1 482 110 6 235 1117 10 2 7 4 0 
96857 601 470 136 2 488 143 1 262 1018 8 5 2 7 0 
96837 615 495 129 2 476 145 1 226 1064 5 1 1 3 0 
96897 597 466 123 2 418 123 4 248 1105 4 3 4 6 0 
96925 580 495 124 2 465 125 1 233 1033 7 2 3 5 0 
96912 541 480 122 3 478 135 2 278 1034 5 4 3 3 0 
96857 574 495 127 7 468 136 4 228 1087 7 4 5 1 0 
96862 548 455 134 1 510 160 3 228 1080 7 3 3 6 0 
96851 592 502 135 3 477 139 2 244 1033 9 3 2 8 0 
96939 562 458 125 3 441 127 2 243 1085 4 3 5 3 0 
96897 560 457 133 1 458 145 3 259 1071 4 3 5 4 0 
96916 572 475 134 7 523 134 5 218 1000 7 0 4 5 0 
96882 576 482 138 3 483 110 1 246 1060 4 3 4 8 0 
96792 634 483 118 1 479 132 3 254 1085 9 4 2 4 0 
96940 563 457 123 2 466 116 2 249 1067 5 1 7 2 0 
96819 589 479 134 2 464 141 2 260 1092 5 3 7 3 0 
96894 575 472 130 3 478 104 4 250 1073 6 1 9 1 0 
96878 604 457 133 4 473 120 2 262 1050 7 2 3 5 0 
96973 575 469 126 2 439 109 3 249 1035 5 2 9 4 0 
96891 579 495 114 1 498 115 2 233 1045 6 2 8 10 1 
96788 598 501 127 4 492 127 3 260 1083 3 3 3 8 0 
96843 569 495 135 2 460 137 4 254 1087 2 2 8 2 0 
96916 576 483 126 1 499 113 4 218 1041 8 3 11 1 0 
96883 638 427 136 2 444 138 3 234 1075 9 2 4 5 0 
96839 548 527 143 2 459 141 3 237 1084 6 3 5 3 0 
96896 593 482 133 2 442 126 1 231 1074 6 4 5 5 0 
96853 582 457 141 1 471 131 0 233 1111 7 5 2 6 0 
96969 591 454 129 3 452 124 2 227 1028 12 0 3 6 0 
96873 576 460 130 4 476 138 3 253 1069 5 5 1 7 0 
96931 574 448 125 0 472 122 3 243 1068 6 0 3 5 0 
96905 556 484 135 1 477 122 3 269 1027 8 2 4 7 0 
96855 626 469 112 5 456 144 3 219 1093 3 3 4 8 0 
96770 611 494 137 6 484 127 2 262 1090 6 0 5 6 0 
96877 581 433 129 3 499 124 4 253 1077 5 4 9 2 0 
96907 588 469 133 6 461 120 0 246 1053 6 3 6 2 0 
96925 589 436 134 3 460 116 4 275 1037 12 4 4 1 0 
96787 577 498 128 7 519 141 3 259 1064 6 2 4 5 0 
96845 582 484 145 5 481 139 3 226 1071 8 2 5 4 0 
96890 565 488 131 0 428 105 3 248 1124 5 3 6 4 0 
96895 586 493 126 3 426 152 3 264 1033 7 1 7 3 1 
96864 599 479 134 2 473 115 2 247 1066 4 5 5 5 0 
96924 552 458 116 7 491 126 5 234 1072 7 0 5 3 0 
96901 564 469 126 2 494 120 4 239 1065 5 3 4 4 0 
96884 546 483 139 1 508 127 2 241 1049 11 3 3 3 0 
96993 590 442 111 3 463 147 1 250 985 2 2 4 6 1 
96867 567 493 132 2 489 115 3 257 1058 8 0 7 2 0 
96786 564 501 130 0 512 119 3 257 1105 5 7 3 8 0 
97005 545 436 141 0 471 126 3 238 1014 5 4 6 6 0 
96865 578 451 145 4 468 139 4 264 1062 5 3 6 6 0 
96927 612 466 112 4 446 124 3 242 1047 7 5 3 2 0 
96806 604 458 132 2 473 121 2 239 1137 9 7 5 5 0 
96876 573 411 136 1 441 125 4 269 1150 7 1 3 3 0 
96856 614 464 145 4 466 145 3 259 1028 3 2 9 2 0 
96898 571 440 131 2 448 135 1 247 1108 3 2 9 5 0 
96859 600 512 114 4 485 111 0 255 1042 4 3 9 2 0 
96858 593 496 109 2 496 126 2 243 1056 6 3 6 4 0 
96910 548 449 125 4 484 138 5 238 1070 13 5 5 6 0 
96858 630 492 126 5 455 114 2 228 1075 3 4 4 4 0 
96959 570 408 142 4 462 136 2 267 1027 7 6 4 6 0 
96892 573 469 138 4 462 112 4 257 1070 9 3 1 6 0 
96863 600 472 128 3 480 118 4 249 1059 11 5 5 3 0 
96895 552 468 143 4 487 142 5 253 1029 9 3 5 5 0 
96852 609 443 125 2 469 131 3 282 1063 5 5 6 4 1 
96909 614 451 137 3 445 142 3 250 1028 12 2 1 3 0 
96776 620 513 132 2 458 141 0 280 1060 7 3 5 3 0 
96880 581 483 117 2 484 136 0 255 1039 8 4 4 7 0 
96909 578 494 116 2 484 132 2 249 1008 11 3 4 8 0 
96898 550 472 139 2 508 112 6 243 1043 11 3 7 6 0 
96859 601 435 119 3 476 134 3 265 1088 6 3 2 6 0 
96850 602 473 134 0 468 117 4 247 1090 7 1 3 4 0 
96940 579 438 127 1 470 135 3 257 1033 7 1 4 5 0 
96847 576 496 145 1 454 130 2 252 1074 13 2 2 6 0 
96832 596 479 128 4 455 135 3 236 1116 5 4 2 5 0 
96913 565 451 143 2 446 108 4 268 1078 6 3 6 7 0 
96900 575 428 133 1 497 137 4 239 1069 8 0 5 4 0 
96720 584 528 138 3 496 141 3 232 1138 6 3 6 2 0 
96790 612 503 129 2 491 132 6 274 1043 5 5 4 4 0 
96935 574 488 123 4 461 138 1 238 1022 2 2 6 6 0 
96878 588 473 134 1 512 126 0 217 1045 8 3 6 9 0 
96912 597 500 127 2 454 115 0 242 1031 9 4 3 4 0 
96909 569 487 114 5 455 132 2 254 1051 12 3 5 2 0 
96838 595 463 142 1 455 137 4 266 1078 5 4 7 5 0 
96962 573 429 121 1 498 118 4 242 1029 9 4 4 6 0 
96924 544 464 131 5 451 135 1 255 1063 13 1 8 5 0 
96854 587 474 132 0 469 109 4 239 1113 7 3 5 4 0 
96893 630 480 114 2 450 134 3 227 1049 9 1 4 4 0 
96900 558 472 127 4 448 109 3 262 1101 9 3 1 3 0 
96903 598 460 133 3 451 128 7 229 1070 7 3 6 2 0 
96879 542 517 139 1 476 142 0 247 1046 4 1 2 4 0 
96816 548 492 149 3 462 134 4 258 1116 7 2 7 2 0 
96775 582 462 146 3 505 132 2 253 1128 7 0 2 3 0 
96927 578 464 128 3 469 138 0 224 1047 9 3 2 8 0 
96921 576 464 115 4 457 120 1 251 1073 4 5 2 7 0 
96847 603 464 130 1 486 136 4 270 1043 8 0 4 4 0 
96878 625 461 109 1 487 136 3 246 1034 6 5 2 7 0 
96792 592 493 147 2 440 120 3 262 1129 8 0 10 1 1 
96946 573 470 114 1 466 137 1 252 1024 6 2 3 5 0 
96963 587 439 113 3 473 127 2 254 1018 4 4 6 7 0 
96861 599 490 134 5 461 118 1 252 1065 9 1 1 3 0 
96839 543 483 131 2 486 138 2 263 1097 9 2 2 3 0 
96802 592 486 157 3 461 116 2 251 1106 9 4 6 5 0 
96840 573 469 131 4 478 134 5 280 1071 4 4 5 2 0 
96863 575 502 126 3 490 127 3 264 1033 2 3 5 4 0 
96822 604 508 138 0 456 132 1 240 1079 8 1 5 6 0 
96853 603 461 126 3 465 148 2 230 1090 7 2 3 7 0 
96789 606 473 147 5 526 127 2 238 1066 5 3 5 8 0 
96844 563 469 138 4 488 152 3 266 1053 8 2 4 6 0 
96847 577 490 123 1 470 122 3 266 1084 6 2 4 5 0 
96918 554 475 136 1 482 118 3 232 1060 4 5 7 5 0 
96878 539 489 132 4 515 128 4 228 1067 6 3 7 0 0 
96889 565 465 119 3 444 147 3 280 1061 8 3 8 5 0 
96870 603 454 125 2 522 141 3 246 1017 5 2 7 3 0 
96898 581 468 140 5 475 143 4 233 1038 6 0 7 2 0 
96761 634 501 129 4 470 133 3 275 1070 6 3 6 5 0 
96820 603 486 133 2 476 137 4 257 1059 6 6 5 6 0 
96918 571 455 141 2 485 118 2 236 1056 6 4 1 5 0 
96954 626 478 113 2 452 135 3 251 972 6 3 3 2 0 
96861 606 474 131 0 464 134 0 242 1071 8 1 4 4 0 
96921 562 466 153 2 463 122 2 249 1042 8 3 2 5 0 
96893 556 478 136 4 478 131 6 251 1043 5 3 6 10 0 
96957 589 452 123 5 473 122 2 245 1009 5 4 8 6 0 
97067 527 453 120 2 469 127 1 217 1005 5 1 2 4 0 
96834 558 495 133 5 525 138 3 242 1048 5 2 8 4 0 
96847 598 472 145 3 491 145 5 261 1015 5 1 6 6 0 
96848 565 503 144 2 481 114 2 254 1067 8 2 5 5 0 
96906 600 489 111 5 475 123 2 224 1050 6 5 2 2 0 
96928 603 435 117 3 492 142 4 244 1006 7 6 8 5 0 
96911 585 480 138 1 456 118 3 267 1025 6 3 4 3 0 
96861 565 491 115 4 483 127 4 241 1094 8 2 2 3 0 
96883 576 466 127 2 502 137 2 240 1051 3 2 3 6 0 
96871 608 490 117 3 469 128 1 246 1048 8 2 7 2 0 
96946 606 470 114 1 480 117 3 234 1012 6 3 2 6 0 
96905 604 448 127 2 466 120 2 251 1056 5 1 9 4 0 
96810 601 447 148 1 488 134 3 270 1075 12 3 6 2 0 
96873 568 473 126 2 493 117 1 270 1059 6 1 5 6 0 
96924 586 481 145 2 469 125 1 216 1030 8 2 5 6 0 
96783 629 492 132 2 462 120 0 260 1107 5 1 7 0 0 
96917 542 489 139 0 425 151 0 251 1064 6 2 6 8 0 
96898 610 465 131 3 434 147 4 223 1062 9 1 6 7 0 
96800 607 478 120 4 484 144 4 233 1104 5 4 7 6 0 
96907 573 476 136 1 463 124 0 268 1029 12 2 5 4 0 
96795 607 500 133 6 476 155 0 235 1072 10 4 2 5 0 
96827 643 477 131 2 447 131 1 262 1059 6 5 6 3 0 
96821 588 479 115 2 522 129 5 252 1065 8 4 6 4 0 
96749 625 465 127 4 480 124 4 270 1126 9 1 8 8 0 
96797 624 465 130 2 482 119 2 261 1102 8 2 2 4 0 
96926 595 466 115 3 481 124 4 273 995 6 3 4 5 0 
96907 550 439 122 4 471 136 0 243 1105 7 4 7 5 0 
96814 570 502 128 3 476 131 4 263 1086 9 5 5 4 0 
96774 636 458 144 1 494 126 2 267 1071 14 2 5 6 0 
96886 578 468 139 1 470 126 3 256 1051 6 4 7 5 0 
96915 582 471 124 2 463 130 3 224 1064 7 2 9 4 0 
96841 597 509 135 3 478 147 3 233 1030 5 1 11 7 0 
96880 589 495 129 4 452 120 2 264 1046 4 3 5 7 0 
96852 580 463 122 3 457 128 4 251 1116 14 1 2 7 0 
96915 591 440 114 0 502 134 2 225 1062 5 1 4 5 0 
96857 597 512 128 5 492 138 5 243 1010 5 2 3 3 0 
96842 558 482 126 0 511 117 3 235 1112 7 0 2 5 0 
96855 565 449 117 1 503 123 3 245 1122 6 1 3 7 0 
96862 596 487 134 1 458 122 1 243 1071 11 1 6 7 0 
96933 584 454 127 2 450 134 4 210 1080 9 5 6 2 0 
96898 602 474 132 4 480 136 6 227 1014 10 5 5 6 1 
96824 575 465 141 0 490 133 2 251 1103 5 2 6 3 0 
96860 599 467 148 3 461 133 2 226 1080 9 2 7 3 0 
96825 583 497 110 0 493 132 7 262 1062 13 5 7 4 0 
96824 646 446 128 2 449 157 4 269 1066 5 1 1 2 0 
96793 620 491 120 1 467 136 2 242 1103 10 3 4 8 0 
96857 636 479 131 3 461 119 3 223 1065 7 4 5 7 0 
96881 574 500 111 2 452 123 2 265 1066 5 2 6 11 0 
96841 594 476 129 3 462 121 1 245 1106 6 3 8 5 0 
96894 624 459 135 1 467 127 2 257 1016 1 4 6 7 0 
96894 600 432 138 3 482 133 4 248 1048 8 3 3 4 0 
96944 558 497 115 1 483 127 3 239 1014 7 1 6 5 0 
96869 564 454 132 1 470 143 1 242 1099 10 3 5 7 0 
96846 595 460 150 1 498 129 4 236 1052 8 4 10 7 0 
96934 595 480 126 3 455 118 1 229 1043 9 3 4 0 0 
96852 618 459 116 3 495 109 3 265 1050 9 4 5 12 0 
96824 601 462 129 4 484 128 2 252 1093 11 1 7 2 0 
96861 604 461 133 4 510 135 3 241 1034 5 2 4 3 0 
96872 584 453 132 3 498 107 4 252 1067 11 3 6 8 0 
96877 548 492 129 1 449 145 2 269 1073 6 3 3 3 0 
96828 575 488 124 4 489 122 4 252 1088 7 1 10 8 0 
96968 564 478 145 2 450 114 3 219 1040 4 0 6 7 0 
96953 579 493 124 2 448 124 2 243 1013 5 3 6 5 0 
96866 553 499 141 4 468 131 1 245 1074 9 0 5 4 0 
96893 575 504 115 5 503 114 5 251 1010 11 7 6 1 0 
96889 613 454 134 0 415 132 4 235 1102 7 1 7 7 0 
96965 602 475 119 2 441 120 4 240 1021 3 2 4 2 0 
96921 585 462 148 4 450 119 1 255 1039 5 5 1 5 0 
96847 616 417 136 2 473 127 1 253 1108 7 2 5 6 0 
96901 604 434 115 5 501 121 4 251 1042 5 2 4 11 0 
96820 566 487 138 0 531 132 5 254 1039 8 7 6 7 0 
96836 564 482 122 3 528 110 4 281 1050 4 5 4 7 0 
96912 602 461 122 5 468 123 5 217 1064 7 7 1 6 0 
96921 556 496 137 4 428 140 5 268 1030 4 3 5 3 0 
96866 558 490 124 4 475 129 6 243 1086 7 3 5 4 0 
96783 603 497 122 2 498 117 4 248 1110 5 3 5 3 0 
96879 597 435 121 1 458 125 4 266 1093 10 1 3 7 0 
96799 601 537 144 4 465 136 0 243 1048 8 5 6 4 0 
96916 563 486 130 2 446 134 2 268 1039 6 1 6 1 0 
96919 520 464 126 1 490 140 2 247 1070 7 2 7 5 0 
96896 573 498 112 6 492 139 1 231 1033 5 1 6 7 0 
96803 605 476 141 6 455 124 1 256 1119 4 3 2 5 0 
96847 576 461 113 2 444 140 1 282 1113 9 4 3 5 0 
96943 600 451 140 6 438 140 2 244 1019 8 1 4 4 0 
96853 577 471 144 0 494 129 8 241 1064 10 2 4 3 0 
96925 589 438 144 3 428 148 1 235 1070 9 2 5 3 0 
96862 582 494 104 2 452 130 2 269 1092 4 1 4 2 0 
96877 583 531 116 1 428 125 3 269 1048 13 0 3 3 0 
96895 618 477 122 4 467 139 2 242 1012 7 3 6 6 0 
96888 593 484 151 1 499 140 7 252 954 13 2 5 11 0 
96894 618 438 130 3 472 139 2 247 1035 6 5 4 7 0 
96862 569 471 137 1 464 132 1 247 1097 6 0 7 6 0 
96959 572 473 140 0 456 114 3 232 1030 4 9 5 3 0 
96884 582 474 134 2 497 123 0 240 1048 6 1 4 5 0 
97029 560 463 125 3 424 123 1 255 997 11 2 2 5 0 
96875 571 473 121 1 491 105 2 247 1094 4 4 5 7 0 
96856 612 442 137 0 510 131 1 254 1039 7 2 5 4 0 
96874 597 426 128 2 497 128 3 236 1086 6 8 5 4 0 
96802 623 478 137 2 463 125 1 255 1094 5 6 6 3 0 
96871 559 454 124 0 485 118 1 286 1084 4 2 6 6 0 
96868 565 484 138 1 503 115 4 245 1069 2 3 1 2 0 
96873 571 480 122 2 453 113 1 222 1136 10 5 6 6 0 
96880 584 491 131 1 471 128 4 244 1047 7 2 6 4 0 
96836 603 451 142 4 452 128 2 278 1079 8 7 7 3 0 
96862 628 487 118 0 467 163 3 202 1054 8 2 2 4 0 
96839 582 464 150 2 444 130 4 278 1096 5 1 4 1 0 
96875 616 462 147 2 482 127 1 233 1038 7 6 3 1 0 
96917 579 453 124 4 441 142 5 246 1072 12 1 1 3 0 
96814 626 479 129 1 478 134 2 238 1083 4 2 8 2 0 
96918 597 474 96 1 447 140 1 255 1058 5 3 2 3 0 
96846 582 486 143 4 494 120 1 261 1041 8 5 5 4 0 
96835 617 475 124 6 489 123 1 262 1052 6 4 4 2 0 
