96919 553 440 189 2 481 122 0 199 1074 7 2 7 5 0 
96822 522 500 186 5 549 109 0 221 1069 7 3 5 2 0 
96909 540 440 175 4 501 131 3 185 1077 12 5 8 10 0 
96967 512 439 190 5 522 131 3 180 1029 6 5 7 4 0 
96795 537 503 177 1 504 128 0 179 1156 10 1 4 5 0 
96826 517 484 204 4 536 132 4 206 1066 8 2 4 7 0 
96999 512 426 197 1 530 93 3 174 1045 5 5 2 8 0 
96784 552 462 193 3 530 127 1 204 1127 5 3 3 6 0 
96913 564 418 168 2 542 123 2 177 1069 5 6 5 6 0 
96871 509 482 191 3 523 137 3 188 1067 9 0 10 7 0 
96834 585 413 168 3 540 139 1 204 1089 3 4 11 6 0 
96776 539 468 212 2 538 115 6 195 1135 3 0 3 8 0 
96851 533 463 202 4 553 127 4 193 1050 6 4 6 4 0 
96851 554 470 200 1 516 127 0 196 1072 4 2 5 2 0 
96826 558 447 194 4 518 149 2 200 1090 1 1 2 8 0 
96811 520 460 213 7 523 132 3 214 1092 9 2 9 5 0 
96971 497 424 188 3 531 134 1 155 1084 2 0 6 4 0 
96908 503 491 182 3 549 135 2 195 1008 8 2 9 5 0 
96877 545 472 199 2 555 105 5 178 1040 4 2 8 8 0 
96840 563 502 201 2 535 126 1 163 1050 3 3 7 4 0 
96850 556 450 190 1 510 125 4 198 1093 11 2 3 7 0 
96883 511 485 192 1 541 131 4 193 1044 3 5 3 4 0 
96942 550 436 159 1 495 140 1 196 1054 10 4 9 3 0 
96910 522 489 193 2 533 118 0 190 1020 8 4 4 7 0 
96847 581 473 181 2 497 119 2 179 1097 5 4 3 10 0 
96756 522 491 191 2 582 148 2 182 1102 5 2 8 7 0 
96888 540 464 173 0 512 145 1 175 1091 6 0 2 3 0 
96983 527 460 161 1 536 117 2 178 1020 2 2 6 5 0 
96949 475 478 197 2 505 118 6 176 1076 7 3 5 3 0 
96937 535 483 185 1 506 136 6 174 1021 6 1 4 5 0 
96803 511 481 201 2 544 145 1 209 1082 7 0 5 9 0 
96963 501 498 183 2 521 116 0 206 994 4 4 4 4 0 
96908 543 467 197 1 515 109 1 180 1064 7 1 5 2 0 
96799 515 497 206 2 524 128 0 175 1141 7 0 1 5 0 
96829 514 491 191 2 535 128 1 209 1082 3 1 6 8 0 
96823 576 466 194 0 555 114 1 210 1042 7 3 2 7 0 
96905 547 435 176 0 541 123 2 188 1067 6 3 5 2 0 
96898 538 486 184 2 526 133 0 190 1025 5 3 4 6 0 
96932 490 480 190 0 530 124 5 180 1047 9 2 7 4 0 
96833 487 495 213 3 548 134 4 201 1068 7 3 2 2 0 
96911 518 468 181 2 522 136 1 195 1049 5 1 5 6 0 
96829 538 515 173 5 543 130 2 189 1058 3 5 9 1 0 
96837 546 478 176 0 541 130 4 197 1077 5 1 5 3 0 
96761 563 474 175 3 548 127 1 208 1118 4 4 4 10 0 
96874 541 445 188 1 520 135 2 178 1094 6 2 6 8 0 
96875 502 489 217 1 501 112 2 169 1110 4 3 6 9 0 
96883 513 469 184 2 547 121 1 186 1074 3 3 8 6 0 
96862 525 481 196 3 524 117 1 179 1085 5 4 12 5 1 
96852 540 453 166 0 528 131 1 196 1119 4 2 3 5 0 
96896 560 464 164 7 567 137 1 183 1008 5 0 4 4 0 
96828 563 455 176 2 590 140 3 169 1058 5 3 3 5 0 
96798 513 489 218 5 549 117 2 190 1102 4 5 4 4 0 
96972 460 423 203 4 557 116 1 202 1047 5 2 3 5 0 
96813 521 504 182 0 525 145 1 200 1089 7 4 3 6 0 
96894 512 480 173 1 545 143 3 192 1041 2 3 6 5 0 
96910 532 484 209 1 482 114 2 188 1065 4 4 4 1 0 
96885 557 463 193 0 545 132 0 204 1009 4 1 4 3 0 
96845 535 474 185 3 496 160 2 212 1066 6 4 7 5 0 
96869 516 497 204 1 516 129 4 190 1048 9 7 3 7 0 
96919 522 440 176 0 513 112 3 195 1101 3 3 6 7 0 
96860 529 483 188 0 529 149 1 169 1069 6 3 7 7 0 
96905 528 476 199 3 531 126 3 192 1020 6 2 3 6 0 
96950 526 480 180 2 504 148 2 177 1014 5 4 3 5 0 
96774 572 522 203 3 558 131 2 172 1045 2 4 9 3 0 
96758 528 500 196 3 566 126 3 188 1104 12 6 5 5 0 
96942 517 458 146 3 548 128 2 173 1067 6 1 6 3 0 
96794 511 488 204 5 522 136 1 172 1142 4 7 5 9 0 
96830 496 464 194 1 577 136 3 188 1094 6 3 2 6 0 
96811 524 484 196 9 559 140 1 204 1052 6 2 8 4 0 
96807 548 499 211 2 558 118 6 168 1064 9 0 4 6 0 
96862 542 466 193 1 507 118 2 174 1116 6 5 6 2 0 
96900 527 488 180 4 519 120 2 175 1065 5 4 3 8 0 
96785 538 481 203 3 528 144 2 213 1080 6 3 2 12 0 
96804 544 459 192 1 545 142 5 191 1107 3 0 4 3 0 
96825 544 515 174 3 491 128 2 194 1103 6 5 2 8 0 
96947 509 426 169 7 545 135 3 186 1051 11 1 5 5 0 
96937 502 469 192 1 535 114 4 166 1064 6 1 0 9 0 
96953 559 461 204 3 488 131 0 191 991 5 3 8 3 0 
96945 503 480 174 1 558 100 0 205 1006 10 8 7 3 0 
96934 533 486 175 1 500 134 3 177 1028 10 1 10 8 0 
96860 538 461 203 2 504 141 2 184 1085 6 4 2 8 0 
96967 493 457 162 1 558 125 3 188 1037 3 1 3 2 0 
96828 539 492 197 2 507 145 1 190 1078 2 5 6 8 0 
96880 503 450 192 3 512 133 4 193 1110 11 1 3 5 0 
96888 528 474 207 3 537 113 4 192 1039 1 4 5 5 0 
96800 514 487 206 2 561 143 4 196 1076 5 2 0 4 0 
96932 514 465 195 1 495 135 2 189 1044 16 3 6 3 0 
96802 508 473 174 2 604 151 1 182 1085 8 3 1 6 0 
96904 526 471 199 4 537 137 4 194 1008 6 3 3 4 0 
96776 545 498 186 5 553 119 2 187 1114 3 4 2 6 0 
96772 537 508 193 1 526 121 4 203 1110 7 2 8 8 0 
96851 540 452 205 3 540 141 1 194 1045 4 3 10 11 0 
96837 551 461 185 4 552 146 1 202 1039 7 1 7 7 0 
96745 545 526 201 2 565 138 11 188 1063 3 3 7 3 0 
96804 543 465 184 5 558 130 2 222 1073 4 4 2 4 0 
96842 558 471 169 3 531 143 4 187 1074 8 1 7 2 0 
96910 526 480 213 0 515 115 3 186 1033 4 4 4 7 0 
96971 502 434 196 5 527 115 5 207 1016 3 3 6 10 0 
96912 518 452 173 1 540 119 2 175 1088 2 2 11 4 1 
96951 497 457 193 0 551 133 4 190 1011 5 2 2 4 0 
96842 552 481 204 3 549 105 5 178 1067 4 3 4 3 0 
96909 515 462 185 4 515 128 3 192 1065 6 6 3 7 0 
96861 526 479 192 3 539 108 0 188 1083 4 3 6 8 0 
96814 533 472 196 3 562 127 3 187 1085 5 3 6 4 0 
96826 543 469 195 1 540 138 3 190 1084 2 2 1 6 0 
96900 561 424 174 2 516 149 6 194 1051 11 2 3 7 0 
96937 512 489 187 5 533 126 3 200 989 4 3 6 6 0 
96900 518 481 184 2 556 115 2 193 1023 10 1 9 6 0 
96906 495 471 166 4 538 122 2 197 1076 8 4 5 6 0 
96908 520 459 190 1 547 129 0 194 1039 4 3 3 3 0 
96909 512 464 178 3 530 132 2 200 1049 6 4 5 6 0 
96913 527 449 184 4 545 113 2 208 1049 3 1 0 2 0 
96850 546 462 184 2 559 121 2 211 1040 7 3 5 8 0 
96850 521 470 174 0 520 134 1 199 1104 12 6 5 4 0 
96900 517 507 175 2 505 126 2 213 1036 6 0 2 9 0 
97055 523 460 168 1 514 112 2 175 975 4 1 5 5 0 
96886 533 444 212 3 515 140 3 183 1066 2 2 6 5 0 
96861 499 476 194 2 552 112 4 185 1088 5 6 7 9 0 
96844 543 474 162 2 552 130 5 193 1077 5 3 3 7 0 
96823 518 517 231 4 531 110 5 197 1044 5 2 5 8 0 
96836 543 463 192 3 541 134 3 171 1098 5 5 2 4 0 
96926 502 473 179 3 539 147 2 162 1047 3 6 6 5 0 
96872 558 452 211 3 511 135 0 172 1070 4 3 3 5 1 
96847 481 482 193 3 563 132 6 178 1090 4 0 12 9 0 
96807 551 500 203 0 546 128 2 199 1046 6 2 4 6 0 
96866 500 482 198 2 532 140 5 184 1078 5 2 6 0 0 
96928 502 465 200 4 516 122 4 198 1034 6 7 7 7 0 
96912 541 457 192 3 518 102 1 203 1053 5 3 3 7 0 
96866 511 506 191 3 533 137 6 172 1055 1 2 10 7 0 
96856 518 463 178 3 559 123 3 203 1070 6 4 10 4 0 
96965 518 459 188 3 493 113 2 177 1063 6 4 4 5 0 
96905 521 489 198 5 503 119 0 201 1031 3 5 10 10 0 
96873 541 478 187 3 491 129 4 209 1070 3 3 5 4 0 
96953 508 461 219 2 494 121 1 191 1031 6 0 6 7 0 
96829 544 478 217 3 533 126 2 176 1067 5 3 7 10 0 
96928 533 470 180 2 508 129 3 179 1050 6 2 4 6 0 
96905 545 441 186 1 527 137 1 179 1051 8 4 11 4 0 
96876 523 458 181 3 527 155 2 175 1075 10 3 4 8 0 
96796 519 477 200 1 516 147 3 201 1116 5 3 9 6 1 
96903 554 452 183 4 517 115 2 184 1066 6 3 4 7 0 
96828 543 454 198 1 527 125 3 185 1123 6 3 2 2 0 
96896 547 499 172 6 514 126 3 203 1020 5 4 2 3 0 
96857 540 473 187 2 532 153 3 183 1049 5 1 2 13 0 
96899 527 461 167 8 551 113 2 173 1088 3 1 1 6 0 
96867 532 490 165 7 515 129 2 194 1079 6 4 5 5 0 
97027 497 405 192 3 531 130 3 179 1016 5 1 4 7 0 
96824 560 464 195 3 541 151 1 178 1063 9 3 3 5 0 
96831 536 467 191 4 546 113 4 206 1078 5 4 9 6 0 
96892 543 489 190 1 523 114 2 190 1033 11 2 4 6 0 
96875 521 470 191 2 557 123 3 190 1035 9 8 5 11 0 
96891 483 498 192 3 509 123 5 185 1085 6 3 5 12 0 
96839 539 453 213 5 532 130 8 212 1048 8 6 6 1 0 
96856 508 487 182 2 579 130 5 196 1040 3 1 6 4 1 
96888 533 467 184 3 538 115 2 181 1064 9 2 3 11 0 
96813 543 477 178 3 542 137 2 189 1088 8 2 9 9 0 
96879 540 506 187 4 475 131 2 180 1089 5 1 1 0 0 
96864 507 449 187 5 561 112 1 173 1129 4 2 2 4 0 
96877 529 444 199 2 528 129 3 194 1081 5 2 2 5 0 
96856 548 441 183 1 545 132 1 194 1077 7 3 7 5 0 
96888 515 451 196 1 515 122 4 172 1119 7 3 5 2 0 
96916 549 444 171 1 544 125 1 183 1050 4 2 5 5 0 
96831 532 475 182 1 540 142 3 204 1070 8 2 3 7 0 
96857 510 501 190 3 533 125 2 187 1070 8 3 5 6 0 
96864 522 499 182 7 514 126 1 180 1086 5 3 3 8 0 
96855 535 484 192 5 503 121 0 182 1103 5 2 4 9 0 
96855 532 483 192 3 525 133 5 154 1106 5 1 3 3 0 
96968 505 457 172 3 504 126 1 192 1056 6 4 2 4 0 
96931 519 449 189 3 520 127 1 176 1058 13 3 5 6 0 
96961 501 452 194 3 529 110 1 175 1060 1 4 5 4 0 
96861 529 467 177 1 559 135 3 175 1069 9 2 5 8 0 
96917 572 429 185 3 482 119 1 173 1094 8 3 6 8 0 
96857 556 486 173 1 498 139 3 186 1077 10 2 8 4 0 
96893 539 493 171 5 522 135 1 194 1030 2 2 5 8 0 
96911 516 472 193 5 491 127 6 202 1060 5 2 5 5 0 
96818 500 453 197 2 578 127 2 196 1103 9 2 6 7 0 
96909 503 481 193 4 536 132 1 187 1027 5 3 6 13 0 
96909 515 447 186 1 524 139 4 196 1061 5 3 6 4 0 
96801 541 471 187 1 544 120 4 206 1105 4 3 8 5 0 
96825 524 472 189 3 522 126 4 207 1097 14 3 4 10 0 
96899 517 466 182 1 533 135 1 179 1066 8 3 4 6 0 
96902 512 477 212 3 530 129 3 181 1033 3 1 6 8 0 
96769 558 494 187 7 541 144 3 206 1070 3 3 11 4 0 
96805 564 476 206 3 537 141 2 194 1058 3 4 5 2 0 
96955 527 467 194 1 496 97 4 185 1054 5 2 8 5 0 
96843 514 472 194 2 563 116 2 199 1078 5 4 4 4 0 
96881 546 483 166 2 547 127 2 190 1037 4 2 7 6 0 
96865 510 485 197 3 510 138 2 194 1078 5 1 4 8 0 
96867 482 467 199 4 543 132 5 210 1070 13 1 4 1 2 
96813 552 486 188 1 555 131 4 172 1084 3 0 7 4 0 
96835 509 494 165 5 579 124 2 193 1073 11 2 1 7 0 
96799 549 473 208 2 517 139 2 186 1115 3 3 1 3 0 
96776 572 443 181 2 547 139 1 192 1119 7 4 8 8 1 
96853 524 483 166 0 521 149 9 183 1093 2 2 8 7 0 
96875 523 448 167 5 555 138 1 201 1070 6 4 3 4 0 
96898 547 468 199 1 498 134 2 189 1043 9 3 3 6 0 
96855 498 477 209 6 553 134 1 213 1042 5 0 2 5 0 
96820 544 481 199 2 522 137 3 173 1092 7 2 3 15 0 
96805 553 460 194 3 570 110 6 184 1095 6 6 2 6 0 
96833 527 481 192 4 525 123 0 195 1103 7 2 3 5 0 
96924 506 456 179 2 503 135 2 181 1095 4 3 4 6 0 
96844 553 461 186 3 557 108 1 198 1067 8 5 5 4 0 
96879 541 466 206 4 551 141 3 182 1009 7 1 5 5 0 
96911 508 464 155 3 529 153 5 195 1062 3 2 3 7 0 
96816 544 476 200 4 513 119 3 203 1102 5 4 5 6 0 
96832 551 474 181 2 529 138 3 188 1087 4 1 7 3 0 
96926 509 480 179 1 542 132 1 164 1046 4 6 5 5 0 
96897 528 435 179 3 545 135 1 190 1067 8 2 3 7 0 
96819 518 465 190 2 556 154 0 158 1124 4 3 5 2 0 
96873 509 476 209 2 518 109 5 204 1072 5 5 9 4 0 
96901 533 463 199 3 523 142 1 191 1012 8 9 10 5 0 
96809 539 479 188 2 555 137 4 183 1085 6 2 5 6 0 
96895 489 445 198 1 541 143 1 183 1086 6 1 6 5 0 
96946 540 476 183 2 499 119 2 173 1034 7 4 8 7 0 
96907 506 423 195 2 564 125 1 193 1060 10 3 7 4 0 
96900 518 447 183 4 525 121 2 209 1071 10 4 2 4 0 
96858 529 437 190 3 534 126 2 193 1107 7 4 4 6 0 
96908 498 484 169 6 542 125 6 196 1041 7 3 7 8 0 
96907 515 442 195 1 523 135 2 209 1057 4 3 2 5 0 
96878 507 503 194 2 514 123 0 196 1062 8 1 3 9 0 
96944 532 459 193 2 490 134 5 193 1028 9 2 4 5 0 
96794 520 477 182 3 522 132 0 210 1136 9 3 5 7 0 
96918 507 477 198 4 533 118 4 185 1035 12 2 3 4 0 
96916 481 491 197 4 524 123 2 193 1047 7 2 3 10 0 
96798 540 466 184 1 578 147 4 177 1088 6 2 3 6 0 
96846 520 482 190 2 549 137 2 190 1070 4 4 1 3 0 
96754 546 492 200 2 543 141 0 203 1105 2 1 3 8 0 
96892 559 481 169 1 551 147 2 179 1008 3 0 4 4 0 
96826 531 484 194 4 550 118 5 191 1079 1 2 6 9 0 
96945 493 464 201 5 510 120 2 187 1055 8 1 3 6 0 
96774 586 500 194 2 513 132 5 168 1110 1 1 8 6 0 
96970 511 454 166 1 545 136 1 152 1040 7 2 9 6 0 
96793 538 461 190 3 543 137 1 209 1109 4 4 6 2 0 
96903 523 449 203 3 563 136 1 166 1033 7 2 8 3 0 
96769 550 507 194 5 521 129 5 196 1101 5 2 5 11 0 
96928 494 451 164 2 531 109 3 196 1108 7 1 4 2 0 
96855 543 467 196 4 536 152 4 163 1068 5 1 4 2 0 
96836 549 450 206 1 528 123 3 202 1075 8 3 8 8 0 
96885 504 477 194 2 523 118 1 197 1076 9 1 7 6 0 
96853 521 474 194 3 518 135 5 187 1084 8 4 8 6 0 
96923 530 477 183 3 475 126 5 189 1067 5 5 4 8 0 
96832 507 512 170 5 560 120 2 178 1093 11 2 4 4 0 
96878 514 480 187 3 557 133 2 168 1056 3 5 8 6 0 
96924 506 508 192 1 492 134 3 193 1028 5 3 5 6 0 
96841 537 453 182 1 562 137 6 176 1091 2 5 2 5 0 
96829 535 463 187 0 542 133 5 181 1098 10 2 7 8 0 
96821 569 477 205 3 554 101 3 181 1058 9 4 9 6 0 
96928 558 458 185 3 501 134 3 178 1035 6 0 7 4 0 
96829 546 486 185 2 531 139 1 200 1059 7 3 5 7 0 
96940 515 475 176 2 490 140 3 172 1063 9 4 4 7 0 
96837 529 438 198 2 565 138 3 187 1077 6 1 10 9 0 
96872 537 496 178 1 523 110 2 215 1043 8 1 8 6 0 
96925 500 483 199 4 515 116 4 164 1065 8 4 5 8 0 
96815 557 446 200 3 502 150 3 215 1100 2 2 1 4 0 
96911 540 501 199 3 498 131 3 182 1013 5 3 5 6 0 
96897 535 453 191 1 565 133 7 166 1029 6 3 6 8 0 
96908 515 451 172 2 510 131 2 196 1101 3 2 5 2 0 
96854 525 471 162 3 563 137 2 193 1064 4 7 6 9 0 
96923 539 457 201 0 486 121 2 211 1043 4 0 8 5 0 
96883 529 431 194 3 527 147 1 177 1083 6 8 5 6 0 
96842 524 471 221 2 532 140 1 197 1060 1 1 5 3 0 
96786 534 503 183 5 546 134 3 214 1070 9 0 3 10 0 
96815 535 488 215 1 513 136 1 201 1069 11 2 5 8 0 
96899 483 451 190 1 545 139 3 195 1075 8 2 4 5 0 
96909 505 495 182 1 530 135 1 195 1022 5 4 8 8 0 
96964 513 430 185 5 534 141 4 190 1016 4 4 3 7 0 
96942 522 478 170 4 527 128 4 194 1015 4 4 4 4 0 
96875 530 510 200 2 518 131 1 177 1036 9 1 4 6 0 
96967 513 438 219 2 497 114 2 190 1045 2 1 5 5 0 
96907 536 451 178 3 503 113 6 210 1074 6 2 4 7 0 
96799 537 502 163 2 534 124 1 187 1128 6 4 4 9 0 
96877 525 488 189 1 538 128 1 154 1079 7 0 5 8 0 
96705 575 480 232 4 572 130 2 198 1083 7 1 5 6 0 
96781 568 493 202 1 522 141 7 211 1053 5 4 7 5 0 
96828 520 453 210 2 581 137 4 165 1079 7 1 6 7 0 
96874 500 500 161 1 495 130 1 218 1096 6 3 6 9 0 
96833 534 470 195 2 562 120 5 176 1080 12 1 6 4 0 
96881 513 486 217 2 538 119 0 176 1049 5 2 4 8 0 
96953 544 397 177 3 508 125 2 205 1060 6 6 4 10 0 
96925 505 459 202 2 522 109 1 169 1088 7 1 7 3 0 
96882 556 459 204 4 470 134 3 215 1051 4 1 8 9 0 
96786 534 485 185 2 563 134 4 191 1094 7 0 7 8 0 
96790 572 495 191 3 532 134 2 172 1087 5 3 3 10 1 
96806 567 487 184 1 550 139 2 161 1079 10 4 6 4 0 
96937 503 478 172 2 543 134 2 186 1025 5 2 6 5 0 
96950 528 417 169 4 554 106 4 189 1063 3 2 6 5 0 
96859 552 471 189 3 531 127 3 179 1066 2 0 9 9 0 
96891 567 463 158 2 502 139 3 200 1056 2 3 5 9 0 
96782 542 459 186 2 534 137 4 211 1122 5 3 4 9 0 
96896 470 443 199 1 558 152 5 179 1079 6 2 4 6 0 
96855 534 498 186 2 521 140 5 189 1053 8 2 1 6 0 
96881 497 431 216 4 545 145 3 196 1065 4 3 6 4 0 
97024 490 491 187 3 498 100 2 173 1006 9 2 8 7 0 
96911 493 485 169 4 547 119 5 204 1049 6 1 3 4 0 
96844 534 480 192 2 497 111 0 209 1105 7 3 7 9 0 
96821 551 472 169 4 570 140 0 182 1072 4 7 4 4 0 
96874 558 462 182 3 522 132 2 199 1048 2 6 8 2 0 
96926 509 454 209 3 521 136 2 172 1049 4 4 7 4 0 
96938 491 465 213 5 495 116 0 184 1077 5 3 2 6 0 
96764 578 481 201 1 526 134 1 184 1118 6 1 4 1 0 
96871 493 510 179 1 533 119 3 197 1075 5 3 7 4 0 
96773 529 466 177 1 549 138 2 185 1164 6 1 5 4 0 
96884 520 487 193 2 555 125 1 175 1041 9 1 4 3 0 
96919 523 461 217 0 520 145 5 188 1002 8 3 4 5 0 
96917 482 456 177 1 562 131 1 196 1058 4 3 7 5 0 
96843 545 452 188 2 534 148 4 170 1099 3 3 6 3 0 
96834 533 491 192 3 556 122 4 169 1075 3 7 7 4 0 
96831 517 487 186 0 551 108 2 197 1102 8 3 3 5 0 
96886 529 475 180 4 520 144 3 174 1063 6 3 8 5 0 
96955 484 476 185 3 518 143 3 170 1054 2 2 1 4 0 
96844 495 485 211 2 538 114 2 207 1081 2 5 3 11 0 
96996 501 449 184 3 494 117 1 183 1054 2 6 5 5 0 
96925 498 476 192 3 516 127 0 191 1050 5 6 6 5 0 
96847 508 496 188 3 555 138 2 176 1061 12 2 10 2 0 
96868 556 479 202 1 487 137 0 199 1042 9 5 9 6 0 
96921 508 478 178 2 475 137 4 193 1086 5 3 5 5 0 
96847 561 477 175 0 521 118 5 210 1070 6 3 3 4 0 
96916 523 488 183 3 535 132 3 190 1009 3 1 5 9 0 
96864 554 488 183 0 511 126 1 204 1047 7 2 9 4 0 
96764 571 500 190 4 531 139 2 168 1110 5 3 6 7 0 
96917 514 479 159 6 506 122 2 189 1080 7 6 5 8 0 
96798 552 501 179 3 557 134 4 200 1049 10 2 7 4 0 
96806 530 476 186 1 531 145 6 197 1111 3 3 3 2 0 
96927 505 490 166 3 520 110 3 179 1079 4 5 1 8 0 
96896 509 479 176 1 529 129 5 165 1090 5 2 8 6 0 
96863 525 461 189 5 486 133 4 207 1101 9 3 9 5 0 
96934 541 493 175 1 476 134 3 178 1041 10 3 5 6 0 
96799 610 499 183 6 554 135 2 183 1010 4 5 4 6 0 
96922 551 441 179 2 501 137 3 201 1042 2 4 8 7 0 
96910 523 484 189 3 510 126 6 219 1015 3 2 3 7 0 
96851 525 471 184 4 511 131 3 170 1120 12 6 10 2 0 
96846 527 474 183 2 547 123 2 197 1089 2 2 1 5 0 
96947 526 434 209 5 527 126 4 179 1027 8 3 2 3 0 
96771 557 488 208 4 577 131 1 201 1041 8 4 6 3 0 
96912 505 491 182 2 562 109 1 207 1008 7 1 5 8 0 
96931 517 485 189 0 518 131 3 193 1016 7 3 3 4 0 
96865 519 469 156 6 567 133 1 169 1094 6 3 9 3 0 
96889 541 446 214 2 528 121 3 174 1064 5 4 3 6 0 
96839 534 467 189 6 514 130 1 205 1101 5 1 2 6 0 
96827 547 462 203 2 517 141 2 183 1102 4 2 3 5 0 
96944 535 470 209 3 485 130 5 178 1022 6 2 6 5 0 
96890 539 479 199 2 524 113 3 171 1060 9 2 6 3 0 
96859 577 497 187 1 529 128 3 178 1031 1 2 1 6 0 
96845 522 472 186 5 516 136 1 161 1132 7 3 4 10 0 
96940 514 423 174 2 534 130 0 199 1065 6 5 5 3 0 
96948 486 472 168 2 540 141 2 209 1008 4 6 8 6 0 
96858 552 491 176 4 532 115 4 187 1061 9 1 6 4 0 
96925 539 467 177 2 539 113 2 190 1018 6 4 9 9 0 
96904 501 477 189 3 560 116 3 168 1058 7 1 1 12 0 
96822 556 464 201 2 504 131 3 194 1108 3 1 5 6 0 
96832 514 480 197 3 510 135 1 171 1140 7 2 3 5 0 
96834 527 462 190 3 586 121 5 236 1014 5 6 8 3 0 
96902 547 442 204 2 535 122 3 196 1026 7 2 7 4 1 
96891 520 490 197 3 482 132 6 188 1077 4 4 2 4 0 
96947 545 435 177 2 511 124 1 190 1051 4 4 2 7 0 
96855 561 489 186 1 530 128 2 182 1055 2 1 3 5 0 
96857 518 501 203 0 568 125 4 180 1023 2 5 11 3 0 
96837 538 467 173 4 531 130 3 219 1081 2 6 2 7 0 
96878 556 443 152 4 521 132 4 192 1102 5 2 6 3 0 
96907 553 460 207 5 511 125 2 164 1047 9 3 2 5 0 
96933 527 444 195 3 513 119 1 162 1092 7 1 1 2 0 
96874 511 461 190 2 542 139 1 202 1054 7 4 1 12 0 
96949 491 472 183 1 520 133 6 200 1026 4 5 5 5 0 
96903 508 487 172 1 535 134 3 180 1059 5 2 3 8 0 
96889 523 449 188 1 529 128 0 187 1085 6 2 7 6 0 
96916 541 446 191 2 516 156 2 188 1027 4 2 1 8 0 
96783 543 493 209 3 540 126 2 202 1085 2 5 4 3 0 
96932 487 464 186 5 529 128 5 210 1033 9 2 2 8 0 
96879 534 471 154 2 584 127 1 175 1058 2 0 5 8 0 
96944 529 437 190 4 516 112 8 188 1052 8 2 5 5 0 
96940 506 453 161 2 544 128 3 215 1037 2 1 3 5 0 
96825 550 465 192 2 553 112 5 185 1087 11 3 1 9 0 
96819 552 467 198 4 541 127 4 177 1092 6 1 6 6 0 
96963 512 443 184 3 502 139 0 164 1075 6 3 3 3 0 
96846 516 496 180 2 503 140 3 200 1093 5 4 5 7 0 
96904 496 463 195 3 506 140 3 193 1074 4 6 8 5 0 
96808 555 462 196 3 563 126 7 209 1061 3 0 3 4 0 
96928 515 470 205 4 501 122 4 214 1020 5 2 6 4 0 
96881 520 478 219 1 557 132 2 190 1004 6 1 6 3 0 
96840 532 442 208 4 527 126 2 192 1115 4 2 2 4 0 
96882 554 466 191 1 528 137 2 189 1036 3 2 7 2 0 
96817 523 511 172 4 574 114 5 183 1082 4 3 2 6 0 
96918 516 481 207 5 482 127 3 194 1058 5 0 0 4 0 
96866 528 518 201 2 497 141 3 192 1036 6 3 5 2 0 
96960 513 472 169 3 507 128 4 203 1026 5 4 2 4 0 
96850 568 488 194 1 520 112 2 179 1066 6 6 4 4 0 
96920 547 491 173 2 474 127 6 189 1051 2 2 8 8 0 
96801 504 534 192 2 512 135 4 196 1106 6 2 3 3 0 
96858 521 498 185 4 531 122 1 189 1065 14 2 5 5 0 
96903 495 444 187 2 535 105 3 183 1125 6 4 2 6 0 
96888 528 470 187 3 512 132 2 176 1083 5 4 6 4 0 
96978 529 438 196 2 499 121 2 186 1031 5 0 4 9 0 
96959 536 451 183 2 485 124 2 184 1054 7 4 4 5 0 
96946 582 455 178 2 544 111 2 178 988 2 2 3 7 0 
96809 523 523 197 6 515 122 2 192 1094 3 1 6 7 0 
96915 508 464 173 3 556 115 2 177 1064 8 4 6 5 0 
96891 525 454 221 2 514 140 3 171 1061 6 3 5 4 0 
96917 553 486 202 1 511 122 2 188 1001 7 0 6 4 0 
96967 509 467 179 3 509 142 4 177 1019 7 4 6 7 0 
96849 528 447 201 2 528 143 1 201 1075 6 4 9 6 0 
96972 494 456 189 4 528 104 7 177 1048 5 2 6 8 0 
96857 535 478 195 1 533 123 3 194 1060 11 2 7 1 0 
96783 577 494 211 2 510 141 3 206 1046 8 4 7 8 0 
96965 555 429 165 3 518 127 0 186 1030 8 2 8 4 0 
96859 548 491 181 1 561 131 2 161 1048 6 2 4 5 0 
96808 554 514 219 3 496 123 1 182 1085 6 2 3 4 0 
96845 536 474 163 3 524 128 2 207 1100 5 6 1 6 0 
96937 509 455 208 4 501 114 5 175 1069 9 3 3 8 0 
96913 495 455 180 3 547 112 5 178 1098 6 1 4 3 0 
96886 506 474 205 2 510 152 2 184 1063 1 4 6 5 0 
96936 524 458 168 3 539 119 1 184 1052 4 2 3 7 0 
96882 521 455 208 3 519 132 2 208 1047 8 2 8 5 0 
96868 521 461 188 3 529 125 3 196 1086 7 1 6 5 1 
96940 510 468 165 1 525 136 4 177 1050 4 5 7 8 0 
96861 532 494 183 2 520 126 0 162 1098 8 1 6 7 0 
96910 516 444 208 1 540 122 3 185 1054 7 2 2 6 0 
96795 545 493 173 2 541 145 2 202 1086 8 4 0 4 0 
96879 552 475 204 4 486 148 4 203 1024 9 1 5 6 0 
96844 502 507 192 1 536 140 2 183 1075 6 0 6 6 0 
96840 559 501 176 0 517 123 2 190 1066 9 4 5 7 1 
96823 549 483 168 3 506 123 4 181 1144 7 0 7 2 0 
96841 543 478 187 3 535 141 3 174 1079 6 2 2 6 0 
96811 535 494 182 2 532 129 4 191 1097 8 4 8 3 0 
96915 541 419 216 3 561 113 3 182 1034 4 2 5 2 0 
96913 568 436 201 5 507 118 3 204 1027 4 1 2 11 0 
96862 507 460 179 3 564 155 2 212 1036 8 2 4 6 0 
96936 513 449 195 4 506 116 4 195 1058 5 3 10 6 0 
96856 537 472 173 3 541 111 1 204 1081 6 5 9 1 0 
96928 516 475 181 1 523 123 3 191 1040 7 3 3 6 0 
96933 518 454 181 2 534 130 3 190 1039 0 3 7 6 0 
96860 526 437 192 5 547 121 0 208 1084 4 8 2 6 0 
96981 529 445 195 1 532 116 2 180 1001 2 2 5 9 0 
96777 555 502 199 2 552 135 2 170 1092 5 2 2 5 0 
96887 498 476 163 2 513 119 2 178 1144 2 3 4 9 0 
96790 513 466 163 2 547 132 1 207 1155 8 3 7 6 0 
96860 549 496 193 2 510 130 1 156 1080 7 0 6 10 0 
96754 547 480 193 6 541 120 3 207 1123 6 2 4 14 0 
96850 546 457 178 4 489 135 2 204 1114 5 1 7 8 0 
96821 520 503 192 4 529 120 3 187 1101 5 4 6 5 0 
96830 518 472 176 2 539 133 1 195 1104 8 4 7 11 0 
96846 539 499 188 2 520 124 3 193 1072 2 3 4 5 0 
96969 538 463 190 2 535 110 2 189 981 4 2 7 8 0 
96877 540 467 181 0 523 133 4 196 1050 8 4 5 12 0 
96878 533 477 193 1 524 134 5 183 1055 4 5 3 5 0 
96836 526 474 192 3 560 146 1 175 1064 6 5 8 4 0 
96908 537 472 186 5 535 139 2 186 1012 4 3 6 5 0 
96938 559 441 183 1 498 137 5 189 1031 7 3 2 6 0 
96909 533 486 188 4 496 121 3 174 1065 9 3 3 6 0 
96871 547 499 174 5 528 127 3 186 1048 2 1 2 7 0 
96879 518 475 190 3 520 134 2 194 1068 6 3 6 2 0 
96819 547 491 178 3 553 131 1 170 1090 8 4 1 4 0 
96876 530 490 208 3 535 105 2 212 1019 5 2 4 9 0 
96851 524 480 206 6 524 130 3 197 1062 5 4 4 4 0 
96890 520 459 201 6 535 143 3 180 1047 5 3 7 1 0 
96924 518 472 178 5 530 127 4 211 1007 12 2 4 6 0 
96825 535 448 199 6 523 132 5 213 1099 5 5 1 4 0 
96877 536 473 198 3 543 118 1 168 1064 7 2 6 4 0 
96914 540 463 179 3 549 146 3 174 1017 3 2 3 4 0 
96835 550 484 198 3 521 127 1 187 1075 2 1 7 9 0 
96796 529 469 206 1 553 148 2 205 1071 8 3 6 3 0 
96916 533 449 188 2 506 127 1 184 1074 5 1 7 7 0 
96908 518 471 177 9 510 148 5 193 1046 4 1 6 4 0 
96880 543 462 180 4 548 136 2 178 1043 9 2 4 9 0 
96925 514 423 188 2 581 122 6 210 1010 5 4 5 5 0 
96980 520 457 210 4 492 147 1 186 980 8 1 6 8 0 
96923 524 487 160 3 529 131 3 181 1040 5 1 7 6 0 
96881 502 466 197 1 566 120 2 205 1039 8 0 6 7 0 
96898 523 490 172 1 524 149 4 181 1041 7 4 2 4 0 
96820 546 420 198 0 530 133 3 175 1158 6 2 7 2 0 
96826 455 493 205 5 587 149 4 205 1049 8 4 3 7 0 
96778 558 511 175 4 539 122 3 202 1082 8 3 9 6 0 
96753 572 454 207 2 534 148 1 198 1113 6 5 3 4 0 
96815 546 447 198 1 560 127 1 201 1086 10 2 5 1 0 
96827 540 454 204 2 565 145 2 177 1068 6 0 6 4 0 
96933 488 436 197 3 543 136 4 210 1034 6 1 4 5 0 
96879 527 461 197 4 524 152 2 182 1058 6 0 2 5 1 
96872 521 484 201 1 543 144 4 198 1008 7 3 6 8 0 
96910 525 478 186 2 480 131 2 186 1082 2 6 5 5 0 
96832 567 505 175 4 531 125 6 173 1064 5 2 4 7 0 
96910 495 488 202 4 521 131 3 196 1034 5 4 3 4 0 
96951 527 439 184 4 510 131 2 179 1047 14 2 4 6 0 
96885 535 445 187 1 498 138 4 216 1067 5 4 9 6 0 
96879 531 487 167 4 536 125 4 194 1058 5 2 5 3 0 
96862 538 468 193 0 534 133 3 168 1076 8 4 7 6 0 
96934 475 454 162 5 537 134 3 180 1094 4 1 9 8 0 
96792 567 484 213 1 515 135 5 172 1102 6 1 2 5 0 
96877 535 474 207 2 555 115 1 170 1046 9 2 0 7 0 
96855 514 489 185 4 510 152 4 190 1074 7 3 6 7 0 
96859 483 513 175 5 544 136 1 177 1086 8 2 7 4 0 
96824 525 493 211 5 527 121 9 186 1084 4 0 7 4 0 
96934 557 476 192 2 511 110 3 151 1035 11 2 7 9 0 
96976 524 470 199 4 504 127 5 193 981 3 3 7 4 0 
96845 549 472 186 3 511 138 0 185 1087 5 4 8 7 0 
96903 521 468 186 4 546 130 2 204 1014 10 3 7 2 0 
96962 502 493 157 3 509 114 1 191 1047 6 1 6 8 0 
96905 541 437 170 3 500 153 3 173 1092 6 4 4 9 0 
96918 485 506 168 3 535 141 4 174 1049 4 1 3 9 0 
96805 570 493 192 3 495 147 5 179 1093 7 0 9 2 0 
96858 477 496 222 1 531 115 3 217 1056 10 4 4 6 0 
96947 510 443 184 1 528 102 4 220 1050 4 1 3 3 0 
96823 521 476 198 3 551 123 5 168 1105 10 1 4 12 0 
