96910 558 449 160 4 452 124 4 217 1104 2 1 10 5 0 
96807 547 430 176 1 527 154 2 255 1075 14 3 3 6 0 
96817 575 480 165 4 490 150 2 228 1067 9 1 6 6 0 
96865 572 489 154 2 511 135 4 227 1016 11 6 1 7 0 
96879 586 458 150 1 522 144 4 197 1042 3 6 5 3 0 
96954 524 458 159 4 496 128 3 212 1038 9 5 2 8 0 
96853 590 487 169 4 466 129 3 223 1060 5 2 5 4 0 
96850 577 462 166 4 463 116 3 226 1117 6 2 6 2 0 
96870 577 477 165 1 509 125 4 210 1043 4 5 8 2 0 
96849 540 480 160 4 509 128 3 219 1085 5 5 6 7 0 
96827 622 448 156 1 506 121 3 217 1083 3 5 4 4 0 
96829 565 508 158 5 474 138 3 227 1077 8 1 1 6 0 
96759 590 498 159 2 522 122 4 225 1095 6 5 3 10 0 
96896 563 505 150 1 469 114 3 227 1053 5 4 6 4 0 
96922 566 448 169 3 479 140 4 225 1027 10 1 1 5 0 
96927 521 466 168 1 463 126 4 235 1073 9 2 2 3 0 
96828 534 453 156 0 542 142 1 240 1089 6 1 3 5 0 
96934 518 473 151 1 490 126 4 220 1069 3 3 4 4 0 
96851 614 445 144 2 497 142 3 225 1060 6 1 4 6 0 
96831 550 475 156 1 499 134 1 253 1079 8 1 6 6 0 
96897 568 460 145 4 499 110 4 228 1065 7 2 5 6 0 
96948 559 459 143 3 486 132 2 224 1030 0 3 6 5 0 
96910 595 478 156 0 499 120 2 224 998 5 4 4 5 0 
96793 601 486 130 2 480 129 4 232 1123 6 0 7 7 0 
96932 575 465 147 1 479 139 4 227 1012 6 2 7 4 0 
96931 546 467 139 9 524 132 1 216 1019 4 1 6 5 0 
96918 539 454 149 2 504 132 2 246 1042 5 3 2 2 0 
96931 593 450 154 6 475 127 1 215 1028 8 3 5 4 0 
96885 565 441 159 2 507 116 3 245 1056 7 2 7 5 0 
96848 586 489 147 3 464 112 5 215 1111 10 2 2 6 0 
96875 552 465 142 1 452 130 3 232 1129 8 3 2 6 0 
96912 495 457 176 2 522 139 2 212 1060 11 0 4 8 0 
96770 557 475 158 5 543 128 4 250 1084 11 5 5 5 0 
96799 559 479 141 2 520 134 2 251 1092 10 4 5 2 0 
96805 533 495 176 4 525 138 2 236 1066 7 4 2 7 0 
96914 557 462 162 1 490 138 2 237 1021 7 3 3 3 0 
96788 564 474 157 4 540 127 2 238 1082 11 4 6 3 0 
96875 544 443 156 1 542 129 2 210 1074 5 4 11 4 0 
96926 528 483 160 3 493 112 2 232 1032 10 3 9 7 0 
96857 540 499 169 2 547 110 2 225 1030 6 0 4 9 0 
96902 560 449 165 5 483 107 4 227 1086 7 0 2 3 0 
96833 549 522 141 3 496 118 2 241 1086 2 1 3 3 0 
96988 556 452 135 4 455 127 1 205 1059 6 4 5 3 0 
96910 526 483 138 3 499 124 2 220 1077 5 2 2 9 0 
96879 559 472 153 3 474 130 1 233 1079 7 1 5 4 0 
96924 549 464 168 5 454 117 7 216 1083 3 1 6 3 0 
96957 538 483 135 2 525 130 3 222 987 6 3 6 3 0 
96963 554 457 156 0 465 119 1 228 1040 5 2 5 5 0 
96786 591 477 172 2 529 124 3 180 1112 12 3 4 5 0 
96847 583 475 159 3 512 143 2 222 1034 7 5 7 1 0 
96839 559 454 151 3 536 119 1 246 1073 6 2 7 4 0 
96904 566 461 147 1 515 120 4 208 1056 5 2 3 8 0 
96815 607 470 149 1 510 145 3 204 1084 6 3 1 2 0 
96879 552 487 144 3 469 128 3 229 1084 5 5 5 7 0 
96957 565 504 148 3 465 125 1 206 1005 6 5 4 6 0 
96823 565 473 131 4 518 133 0 242 1092 4 3 3 9 0 
96878 568 508 160 4 511 121 0 203 1030 4 3 6 4 0 
96889 584 459 155 6 475 125 4 225 1062 5 5 2 4 0 
96835 619 431 144 3 482 135 4 248 1080 11 4 0 4 0 
96900 570 454 142 2 504 124 4 214 1065 7 3 4 7 0 
96907 547 464 133 1 480 128 4 217 1098 5 3 7 6 0 
96942 568 448 139 2 455 128 2 214 1086 4 4 5 3 0 
96835 580 440 155 4 500 138 2 231 1092 9 5 2 7 0 
96901 523 469 160 2 474 127 2 247 1071 11 5 5 3 0 
96880 552 504 164 3 485 118 4 224 1052 8 2 2 2 0 
96941 526 463 139 0 468 137 5 232 1066 10 3 6 4 0 
96889 568 445 163 1 548 127 1 207 1031 7 2 7 4 0 
96867 549 491 161 2 487 134 2 236 1046 10 4 2 9 0 
96950 574 446 152 4 504 120 2 205 1030 5 1 1 6 0 
96837 587 453 148 1 518 115 4 242 1078 4 2 4 7 0 
96766 555 483 157 1 505 118 3 261 1133 5 2 7 4 0 
96823 572 483 157 4 511 133 2 229 1069 7 2 3 5 0 
96852 578 489 139 3 512 128 2 231 1055 3 1 3 4 0 
96857 580 484 140 3 468 132 4 226 1083 4 2 9 8 0 
96847 599 477 151 3 469 117 2 244 1073 9 2 4 3 0 
96937 565 442 150 3 493 115 2 219 1061 4 2 5 2 0 
96925 550 504 139 0 535 111 2 194 1027 7 1 0 5 0 
96937 565 489 135 1 490 119 7 217 1019 4 6 5 6 0 
96917 580 465 153 2 438 137 2 234 1061 5 3 1 2 0 
96851 607 497 150 3 489 134 2 211 1030 13 1 2 10 0 
96895 545 441 166 2 508 119 0 254 1055 5 0 2 7 1 
96825 547 472 177 3 511 133 4 217 1094 4 5 4 4 0 
96919 571 497 139 4 483 145 1 238 984 5 4 4 6 0 
96912 533 455 144 1 531 122 1 252 1030 7 2 6 4 0 
96845 562 482 140 5 508 141 5 221 1076 3 1 6 5 0 
96873 568 441 155 1 508 136 2 236 1059 8 3 3 7 0 
96887 592 461 158 2 488 120 4 222 1046 3 4 5 8 0 
96849 570 475 150 5 473 133 5 217 1111 4 4 0 4 0 
96883 554 495 168 3 464 131 5 213 1067 6 2 5 4 0 
96906 573 448 155 1 513 125 1 212 1047 5 1 9 4 0 
96813 552 481 170 5 518 113 5 219 1104 7 6 5 2 0 
96814 572 459 151 2 512 129 1 193 1148 7 3 2 7 0 
96870 542 465 137 4 524 134 1 227 1071 9 4 6 6 0 
96835 569 526 158 1 472 127 1 237 1060 3 5 3 3 0 
96888 580 450 145 2 480 145 2 222 1064 9 2 8 3 0 
96975 537 464 153 0 464 109 1 222 1061 6 2 2 4 0 
96860 612 444 143 1 510 122 2 246 1041 5 3 7 4 0 
96901 558 457 160 4 466 148 4 221 1057 7 4 1 12 0 
96960 558 474 147 3 473 110 0 223 1035 4 4 5 4 0 
96883 598 497 145 2 472 136 4 223 1016 10 5 2 7 0 
96902 581 475 159 0 487 120 2 217 1036 5 7 3 6 0 
96769 642 482 173 1 491 137 1 202 1090 4 4 2 2 0 
96998 551 444 140 0 488 109 2 204 1048 3 3 4 6 0 
96824 579 528 141 1 471 140 3 217 1081 5 2 4 4 0 
96940 553 440 160 1 516 114 3 212 1047 4 3 4 3 0 
96913 575 457 160 0 512 131 2 223 1021 1 0 0 5 0 
96872 592 490 159 3 446 140 3 236 1045 4 0 1 9 0 
96856 581 463 136 1 482 106 1 233 1119 4 6 8 4 0 
96813 548 483 135 2 546 140 5 223 1081 7 3 7 7 0 
96879 584 432 157 1 513 124 1 214 1070 9 3 6 7 0 
96896 585 448 147 4 501 118 6 225 1051 4 0 6 9 0 
96849 557 492 128 1 492 135 2 218 1099 6 3 9 9 0 
96842 574 456 179 3 506 137 4 204 1076 14 2 0 3 0 
96890 553 480 149 0 510 131 1 217 1044 10 3 5 7 0 
96850 564 497 137 3 493 129 4 226 1078 9 1 5 4 0 
96954 521 505 161 2 464 133 0 211 1020 12 3 6 8 0 
96900 580 438 160 2 519 131 1 202 1046 5 1 5 10 0 
96823 559 460 141 0 526 124 4 234 1108 5 5 5 6 0 
96907 527 466 135 5 479 125 4 245 1081 10 2 7 7 0 
96804 558 513 184 2 482 101 1 224 1110 10 1 8 2 0 
96932 560 452 140 4 440 143 1 224 1080 12 3 4 5 0 
96876 616 482 140 1 492 101 2 224 1044 6 7 6 3 0 
96931 536 451 165 2 495 125 2 242 1032 7 4 5 3 0 
96906 557 460 129 2 518 125 0 224 1060 8 1 7 3 0 
96909 544 466 158 0 473 138 5 242 1038 10 2 2 13 0 
96881 571 478 169 1 519 133 2 203 1026 5 1 5 6 0 
96875 553 486 143 4 504 114 3 212 1085 9 4 3 5 0 
96877 546 488 126 2 509 134 4 207 1083 10 2 5 7 0 
96782 561 507 138 4 507 134 4 282 1066 2 2 7 4 0 
96947 539 426 136 2 510 129 1 241 1049 6 1 6 7 0 
96991 533 439 145 1 453 122 1 242 1052 7 4 5 5 0 
96900 563 467 138 1 452 135 4 221 1101 10 2 3 3 0 
96940 542 483 150 0 485 144 7 222 1013 4 5 3 2 0 
96814 577 505 166 3 472 141 1 237 1060 7 2 3 12 0 
96959 515 487 134 5 501 104 4 234 1039 3 3 5 7 0 
96818 583 505 156 5 522 125 4 234 1032 5 3 4 4 0 
96821 583 470 149 2 522 129 1 212 1090 7 3 4 7 0 
96838 596 503 131 0 497 137 3 239 1037 4 1 8 6 0 
96888 547 491 162 6 448 134 3 238 1067 7 2 5 2 0 
96853 536 493 185 0 494 123 0 245 1050 4 3 5 9 0 
96931 525 515 145 3 527 134 5 200 998 6 5 1 5 0 
96855 551 456 163 3 486 130 4 215 1119 5 3 6 4 0 
96897 558 473 155 2 468 135 4 200 1085 4 8 6 5 0 
96841 600 458 156 4 508 122 4 216 1071 8 1 6 5 0 
96920 557 469 138 3 508 131 1 229 1025 7 4 2 6 0 
96881 532 460 133 5 521 132 4 246 1063 8 3 5 7 0 
96835 591 474 168 4 532 138 0 226 1016 5 2 6 3 0 
96840 591 478 167 3 515 131 4 231 1022 8 3 3 4 0 
96878 555 484 158 6 527 134 3 224 1014 7 2 6 2 0 
96961 520 471 115 3 506 138 0 212 1054 5 2 5 8 0 
96824 560 486 171 4 494 121 4 220 1091 11 3 6 5 0 
96905 572 434 134 1 526 133 6 222 1046 12 2 3 4 0 
96889 579 476 181 0 505 127 3 217 999 7 2 8 7 0 
96891 545 461 167 2 521 110 1 220 1067 9 0 2 4 0 
96900 571 427 136 0 493 118 5 221 1113 5 2 3 6 0 
96869 561 487 131 3 486 155 3 206 1079 8 1 7 4 0 
96900 590 449 146 3 495 132 2 253 1007 5 5 6 7 0 
96882 590 477 155 5 471 128 3 206 1062 6 1 9 5 0 
96814 597 491 135 3 528 132 1 228 1052 6 2 8 3 0 
96826 569 481 163 4 497 126 1 234 1078 6 1 7 7 0 
96962 570 461 136 1 464 137 2 232 1016 6 1 7 5 0 
96858 547 477 148 5 496 133 3 226 1088 7 2 6 4 0 
96847 552 475 153 5 507 127 1 223 1093 7 2 4 3 1 
96802 566 491 148 1 499 136 1 247 1093 7 1 4 4 0 
96929 539 460 161 3 488 122 2 218 1063 4 2 3 6 0 
96843 557 500 151 2 495 135 4 231 1063 2 6 8 3 0 
96978 509 461 158 3 484 119 4 223 1039 6 2 6 8 0 
96921 572 476 159 5 482 116 3 192 1052 6 1 6 9 0 
96878 599 485 155 1 501 109 0 184 1071 6 3 3 5 0 
96906 557 449 180 7 440 134 5 216 1092 5 4 4 1 0 
96815 561 475 145 5 514 124 2 240 1102 8 2 4 3 0 
96930 566 463 128 2 477 110 0 231 1078 8 1 2 4 0 
96925 543 463 142 1 468 133 2 220 1088 7 2 3 3 0 
96914 591 439 139 1 466 151 3 225 1055 5 3 4 4 0 
96953 560 448 165 1 458 125 2 241 1030 7 2 4 4 0 
96877 559 448 150 7 493 123 1 246 1074 9 2 8 3 0 
96873 561 472 155 2 436 122 3 227 1136 2 2 4 5 0 
96833 580 455 153 2 511 110 5 249 1081 12 2 2 5 0 
96883 563 474 149 1 482 137 2 235 1057 5 1 6 5 0 
96828 550 478 160 3 495 142 3 222 1101 3 7 3 5 0 
96835 559 485 183 2 527 130 1 206 1060 3 1 4 4 0 
96975 590 441 141 1 451 124 3 205 1053 5 3 4 4 0 
96938 603 477 146 1 464 126 1 209 1025 3 0 2 5 0 
96805 568 490 144 4 488 122 5 221 1135 4 4 3 7 0 
96887 571 450 145 2 494 121 1 240 1066 8 4 4 7 0 
96874 551 467 154 2 531 130 2 216 1057 5 3 4 4 0 
96880 543 450 160 4 464 125 2 237 1110 10 7 5 3 0 
96801 567 560 157 0 499 127 6 196 1072 6 0 6 3 0 
96805 541 469 163 5 523 148 5 234 1087 8 2 2 8 0 
96869 560 461 167 1 518 128 3 223 1052 5 4 3 6 0 
96890 534 448 172 2 504 142 0 217 1070 5 4 6 6 0 
96838 549 508 143 3 494 122 0 226 1102 6 2 5 2 0 
96824 570 472 153 3 495 131 3 246 1085 7 2 5 4 0 
96912 575 452 132 2 481 139 2 229 1059 7 1 5 4 0 
96865 587 478 150 4 467 147 2 232 1052 6 2 4 4 0 
96891 545 433 158 2 541 118 1 210 1087 2 1 6 5 0 
96790 555 458 153 1 490 138 1 244 1143 5 5 7 9 1 
96895 561 512 148 1 470 121 3 229 1042 4 2 4 8 0 
96911 535 478 136 2 524 134 1 226 1031 5 4 5 8 0 
96927 545 473 157 2 473 124 6 192 1087 6 3 2 3 0 
96868 583 434 165 1 505 119 3 224 1080 3 2 8 5 0 
96840 560 514 157 5 463 150 1 239 1050 4 6 6 5 0 
96942 577 432 159 1 480 124 2 211 1046 8 7 6 5 0 
96907 550 477 144 2 488 123 3 215 1070 6 5 6 4 0 
96994 566 461 142 2 507 130 2 225 953 8 1 6 3 0 
96912 567 474 148 3 492 116 2 207 1063 5 1 8 2 0 
96784 558 530 139 2 521 130 3 222 1092 10 2 4 3 0 
96903 556 436 167 1 515 132 2 226 1044 7 3 3 5 0 
96868 590 466 143 6 499 124 1 219 1069 8 1 2 4 0 
96955 555 482 151 2 446 115 3 232 1041 5 3 3 7 0 
96871 520 509 183 2 499 135 3 219 1035 5 4 4 11 0 
96883 543 465 128 4 519 125 2 215 1102 6 1 3 4 0 
96850 581 512 147 2 518 121 3 214 1031 5 2 5 9 0 
96835 594 453 153 0 529 141 2 220 1058 1 5 6 3 0 
96934 569 423 150 5 490 125 5 222 1061 6 4 1 5 0 
96896 560 469 150 1 500 143 3 231 1028 4 4 6 5 0 
96831 533 457 176 2 511 128 5 208 1139 5 2 1 2 0 
96853 547 492 162 3 484 137 3 227 1076 7 1 5 3 0 
96912 566 479 143 1 496 99 3 218 1056 12 6 5 4 0 
96942 530 448 165 7 503 127 1 215 1044 8 4 4 2 0 
96878 576 471 160 5 470 131 2 231 1055 7 1 5 8 0 
97038 511 450 149 0 471 119 3 190 1055 6 2 4 2 0 
96833 562 495 152 8 504 123 5 224 1074 6 2 3 9 0 
96959 528 487 162 3 490 132 1 193 1028 6 2 4 5 0 
96954 529 465 139 1 455 137 2 225 1074 8 4 2 5 0 
96853 575 463 133 2 520 138 5 220 1072 5 4 6 4 0 
96885 555 460 166 6 470 145 1 235 1055 8 4 6 4 0 
96940 544 460 154 4 462 109 3 239 1069 7 2 4 3 0 
96937 569 466 144 4 480 127 1 208 1049 5 3 5 2 0 
96822 541 474 164 2 485 149 4 225 1113 5 3 8 5 0 
96882 572 427 145 4 518 133 5 218 1065 10 4 9 8 0 
96884 579 454 135 1 498 119 6 223 1078 10 3 6 4 0 
96884 560 488 157 2 498 121 1 207 1064 6 3 5 4 0 
96928 529 470 139 2 501 125 1 234 1059 3 3 3 3 0 
96827 571 459 127 4 537 125 0 208 1124 5 3 5 5 0 
96878 551 463 135 2 485 129 5 243 1090 7 3 3 6 0 
96908 549 435 140 1 497 107 5 202 1146 4 2 2 2 0 
96990 532 502 151 3 458 134 2 207 1000 9 2 3 7 0 
96847 564 487 147 2 504 118 3 211 1099 3 2 5 7 1 
96781 570 511 152 1 492 126 2 257 1088 11 4 4 1 0 
97048 526 461 120 3 479 100 2 211 1028 8 4 6 4 0 
96855 573 484 135 2 497 137 3 233 1060 3 5 8 5 0 
96882 560 461 159 0 506 119 4 245 1045 4 4 6 5 0 
96852 519 550 144 2 488 127 2 252 1043 6 1 6 8 0 
96833 570 466 157 5 499 145 4 223 1081 9 2 0 6 0 
96807 582 486 153 2 475 118 4 245 1113 8 1 4 2 0 
96917 568 452 139 0 502 125 5 221 1048 4 4 6 9 0 
96806 549 517 137 2 490 127 2 239 1124 4 0 2 1 0 
96841 587 464 141 2 492 125 2 243 1089 8 0 2 4 0 
96911 572 460 157 1 481 137 3 201 1062 7 1 4 3 0 
96859 528 521 151 5 514 135 2 225 1046 4 4 3 3 0 
96925 579 460 156 1 497 132 2 221 1013 9 1 3 1 0 
96831 581 439 145 4 519 138 4 215 1111 4 1 3 5 0 
96833 560 445 174 1 501 147 4 235 1079 7 2 5 7 0 
96788 586 461 151 3 507 133 4 243 1112 3 3 1 5 0 
96761 586 468 157 1 524 133 3 231 1113 7 2 6 8 0 
96859 563 456 157 2 480 145 1 229 1083 6 7 5 7 0 
96787 591 482 155 5 545 121 2 216 1078 8 0 6 4 0 
96817 587 465 157 0 494 152 1 228 1078 10 3 1 7 0 
96859 565 521 166 3 470 136 2 219 1045 4 1 4 5 0 
96964 558 450 164 4 470 114 3 211 1053 4 0 3 2 0 
96961 574 443 131 4 480 129 6 207 1040 7 3 5 10 0 
96939 550 480 141 2 467 125 1 226 1054 5 5 2 3 0 
96854 585 425 151 2 510 115 2 246 1091 9 3 4 2 1 
96879 540 449 171 1 471 112 1 235 1120 9 1 7 4 0 
96880 548 473 160 1 488 142 3 218 1064 5 1 7 10 0 
96815 530 523 156 4 489 141 0 231 1090 11 4 3 3 0 
96865 560 464 184 2 504 125 2 204 1066 10 3 3 8 0 
96905 560 443 159 4 520 122 4 214 1047 6 1 7 8 0 
96861 583 499 150 4 458 118 3 242 1063 7 6 1 5 0 
96909 577 460 131 2 493 118 4 233 1058 5 3 3 4 0 
96882 566 464 149 1 459 108 4 245 1099 8 4 5 6 0 
96790 531 516 157 5 533 129 2 209 1109 3 5 9 2 0 
96946 546 476 132 1 441 127 1 228 1075 7 2 9 9 0 
96905 580 480 151 1 487 120 4 235 1021 4 2 1 9 0 
96814 545 515 172 3 489 142 3 247 1051 4 8 3 4 0 
96909 578 456 163 2 482 125 4 206 1060 3 2 8 2 0 
96930 565 460 151 2 494 139 3 213 1021 6 3 7 6 0 
96973 552 462 148 2 497 122 2 212 1014 6 3 3 4 0 
97014 554 448 128 5 469 115 6 227 1017 5 2 7 3 0 
96833 553 502 185 4 501 126 2 221 1057 5 2 3 6 0 
96884 573 493 150 4 477 118 5 201 1075 7 3 4 6 0 
96910 537 459 136 1 487 142 4 226 1081 4 2 7 4 0 
96944 533 480 144 4 469 146 4 238 1024 6 2 4 2 0 
96886 570 474 139 1 495 127 5 248 1029 9 1 5 11 0 
96892 562 455 151 8 470 133 1 228 1074 10 3 9 4 0 
96849 600 458 148 3 484 133 0 218 1090 9 1 2 5 0 
96880 545 472 134 2 502 150 4 223 1071 5 5 6 1 0 
96997 540 445 157 1 453 118 1 210 1063 6 2 5 2 0 
96832 592 483 154 2 497 142 2 234 1045 7 4 5 1 0 
96857 556 471 157 2 530 112 5 231 1060 7 3 2 7 0 
96922 563 431 165 6 485 135 2 207 1065 4 2 6 7 0 
96889 523 487 136 2 462 158 1 234 1087 7 8 3 3 0 
96797 627 491 162 3 484 115 1 221 1075 13 3 4 4 0 
96932 556 445 139 1 513 135 3 206 1053 7 4 2 4 0 
97042 549 399 158 4 473 118 1 228 1011 9 4 1 3 0 
96761 565 505 171 3 509 127 0 234 1102 10 1 6 6 0 
96880 546 463 129 5 534 126 2 243 1049 8 5 5 5 0 
96879 553 466 172 1 496 111 1 243 1065 6 3 1 3 0 
96848 600 443 165 4 488 148 1 256 1030 8 2 2 5 0 
96844 563 512 147 1 490 134 1 215 1068 6 5 8 6 0 
96842 578 488 146 6 507 145 2 203 1068 4 1 6 4 0 
96910 552 453 141 1 490 115 0 229 1091 7 3 3 5 0 
96853 554 521 153 4 501 136 2 235 1027 8 1 1 4 0 
96822 579 492 126 3 488 134 5 221 1105 10 5 7 3 0 
96878 593 455 148 3 481 130 2 225 1056 11 1 5 12 0 
96933 526 461 145 4 461 137 3 235 1074 9 3 4 5 0 
96882 525 443 169 4 483 139 2 235 1099 8 4 6 1 0 
96783 585 496 164 3 505 145 4 220 1076 2 3 9 5 0 
96932 572 474 144 2 474 132 6 184 1054 13 1 9 3 0 
96879 549 494 153 2 501 119 5 221 1052 12 6 4 3 0 
96815 568 480 150 1 508 133 3 223 1094 8 4 4 9 0 
96783 588 508 150 3 490 118 1 241 1098 7 6 4 3 0 
96944 537 471 147 2 459 127 3 212 1078 6 2 4 8 0 
96892 552 465 142 4 478 139 4 224 1075 7 2 9 7 0 
96865 554 489 169 3 483 125 4 242 1043 6 5 3 9 0 
96943 562 452 139 3 490 117 3 260 1015 5 1 8 2 0 
96892 580 492 166 3 490 111 3 223 1021 5 3 7 4 0 
96763 577 450 167 4 497 123 0 245 1138 10 6 9 11 0 
96739 604 486 150 3 522 147 0 234 1094 8 0 6 6 1 
96885 570 473 143 1 476 123 2 227 1077 5 2 6 10 0 
96931 500 482 162 7 493 129 5 208 1063 9 3 2 6 0 
96849 570 518 162 6 485 126 3 240 1023 4 2 5 7 0 
96917 530 495 151 3 481 135 0 238 1036 4 5 0 5 0 
96909 549 477 149 4 469 124 3 223 1070 3 7 4 9 0 
96829 529 511 172 6 482 134 1 230 1091 3 4 3 5 0 
96889 587 497 163 2 513 114 4 222 986 8 1 7 7 0 
96861 552 494 155 0 512 137 2 244 1029 5 2 2 5 0 
96845 593 447 157 2 508 118 1 223 1087 7 3 6 3 0 
96903 549 461 143 1 500 112 2 224 1086 7 1 4 7 0 
96863 533 459 148 3 513 117 6 230 1107 8 3 3 7 0 
96852 576 451 164 4 484 133 6 232 1082 3 2 2 9 0 
96846 585 455 155 1 503 127 4 227 1083 6 1 2 5 0 
96923 578 464 150 4 468 145 1 222 1027 9 1 3 5 0 
96871 578 468 136 5 506 130 4 238 1044 5 4 3 8 0 
96921 536 448 164 4 501 119 1 208 1088 2 1 2 5 0 
96809 562 484 153 4 505 138 0 260 1066 4 3 8 4 0 
96944 564 471 160 6 470 134 0 237 996 7 4 1 6 0 
96916 563 460 144 0 477 122 0 236 1050 6 8 10 8 0 
96936 569 466 136 1 466 122 2 229 1049 8 4 7 5 0 
96870 608 467 163 4 514 115 2 205 1029 5 1 7 10 0 
96901 601 485 151 5 483 97 4 230 1019 10 1 4 9 0 
96873 554 490 146 1 484 132 3 214 1079 10 2 6 6 0 
96847 550 476 173 2 519 134 3 209 1073 5 0 5 4 0 
96817 568 466 170 3 519 136 2 245 1061 5 2 2 4 0 
96856 572 461 176 1 524 136 3 241 1023 2 0 2 3 0 
96863 587 499 140 2 504 124 3 226 1035 7 1 1 8 0 
96923 523 485 160 7 466 135 2 216 1066 5 4 4 4 0 
96895 541 473 149 6 511 125 5 204 1070 3 0 6 12 0 
96889 556 471 149 1 487 118 2 215 1090 5 5 4 8 0 
96847 553 490 157 3 522 115 11 220 1070 5 0 3 4 0 
96938 526 486 152 4 468 140 2 249 1015 8 3 5 4 0 
96853 533 483 137 0 517 135 5 217 1104 7 2 4 3 0 
96874 556 468 177 3 472 129 3 226 1077 6 2 3 4 0 
96822 564 461 165 2 524 147 3 226 1065 7 7 2 5 0 
96818 557 458 159 7 537 130 2 214 1092 8 4 3 11 0 
96900 612 462 147 1 463 134 5 228 1024 9 2 4 9 0 
96915 520 503 159 2 475 124 3 243 1033 6 2 6 9 0 
96967 548 453 160 3 480 125 3 206 1036 1 5 6 7 0 
96826 569 438 156 2 544 120 4 224 1087 13 4 7 6 0 
96930 555 486 141 1 458 121 6 216 1064 9 4 5 4 0 
96950 579 464 137 2 476 134 6 228 1005 5 5 4 5 0 
96839 557 476 151 3 509 119 1 218 1111 2 4 4 6 0 
96894 597 447 136 1 481 112 2 233 1071 10 3 6 7 0 
96733 575 475 184 2 510 139 3 221 1142 3 2 5 6 0 
96805 557 494 152 3 488 113 2 244 1120 5 5 4 8 0 
96998 545 451 133 1 465 113 1 242 1024 6 6 6 9 0 
96852 535 506 157 2 518 117 1 229 1073 4 0 3 3 0 
96906 532 428 176 0 522 139 0 224 1061 7 1 2 2 0 
96947 523 465 128 1 511 147 3 226 1022 12 2 7 6 0 
96898 553 464 140 6 472 141 3 222 1082 6 4 5 4 0 
96904 575 474 143 1 515 132 4 211 1023 5 6 2 5 0 
96850 546 471 153 0 509 135 3 245 1070 5 4 5 4 0 
96842 589 472 162 2 474 128 3 227 1077 8 3 5 8 0 
96894 562 476 157 2 499 118 2 215 1052 5 5 8 5 0 
96820 529 493 156 2 508 131 3 242 1095 7 4 7 3 0 
96814 535 469 159 4 517 149 2 220 1117 4 1 6 3 0 
96828 574 489 170 2 481 137 3 214 1075 11 2 5 9 0 
96864 579 437 142 4 484 135 4 237 1096 7 2 5 4 0 
97020 572 437 150 5 472 125 4 204 998 2 1 5 5 0 
96846 549 469 148 1 506 130 1 242 1087 6 1 7 7 0 
96804 601 488 167 0 523 132 2 219 1047 5 2 6 4 0 
96852 565 460 190 2 508 121 3 240 1039 10 2 2 6 0 
96976 540 422 138 2 453 127 5 243 1085 1 4 1 3 0 
96869 603 457 185 2 491 122 1 230 1031 1 2 3 3 0 
96829 546 496 145 5 497 134 0 204 1124 12 1 4 3 0 
96833 608 474 153 1 485 125 1 243 1056 9 0 6 6 0 
96896 566 447 155 3 504 130 1 214 1071 7 1 2 3 0 
96858 553 495 162 1 484 123 4 233 1077 1 2 4 3 0 
96786 608 491 161 4 494 138 5 218 1074 6 2 5 8 0 
96906 561 476 157 4 493 117 3 226 1033 9 4 5 5 1 
96810 616 464 154 2 496 117 3 244 1071 6 4 2 11 0 
96801 572 498 159 0 489 131 2 201 1131 4 3 3 6 0 
96817 552 475 168 4 532 114 3 234 1075 10 3 7 5 1 
96904 551 472 146 1 515 134 3 218 1034 6 1 12 3 0 
96985 567 470 115 3 496 126 5 207 1005 5 6 6 4 0 
96911 579 475 137 5 496 131 1 220 1029 4 3 5 4 0 
96866 581 434 142 5 494 138 3 204 1109 8 4 6 6 0 
96833 579 495 180 5 483 134 1 235 1037 9 3 2 3 1 
96873 595 480 153 2 479 106 3 227 1067 6 2 3 4 0 
96895 590 439 178 4 452 139 2 211 1070 6 4 6 4 0 
96918 584 478 138 3 492 149 4 220 994 7 1 6 6 0 
96862 600 480 160 3 507 131 0 210 1030 7 2 2 6 0 
96742 569 484 164 2 525 136 3 227 1127 9 2 2 8 0 
96895 570 449 149 0 510 143 2 214 1046 5 2 7 8 0 
96865 514 478 159 2 520 131 1 196 1114 8 1 5 6 0 
96850 564 433 172 6 501 130 2 216 1099 8 3 6 10 0 
96859 522 490 160 4 495 138 6 231 1074 9 3 5 4 0 
96960 553 464 148 2 512 115 1 236 995 4 1 3 6 0 
96823 564 472 145 3 508 127 3 237 1094 6 7 3 8 0 
96908 534 446 153 3 486 114 2 249 1084 8 5 0 8 0 
96859 553 473 162 3 480 126 3 239 1087 6 1 3 5 0 
96854 563 517 154 0 503 134 3 206 1043 8 4 4 7 0 
96782 594 471 163 3 523 130 3 234 1072 8 6 4 7 0 
96933 513 475 173 3 479 128 3 206 1068 7 2 6 4 0 
96822 577 482 147 1 501 116 1 236 1100 5 2 7 3 0 
96820 563 443 170 1 507 141 2 206 1127 4 3 5 8 0 
96949 540 490 150 4 465 132 2 201 1052 5 2 4 4 0 
96713 601 489 163 1 507 149 3 230 1126 4 5 6 3 0 
96874 568 478 132 4 515 142 2 218 1045 6 3 6 7 0 
96922 580 426 159 4 514 136 1 221 1016 6 2 8 5 0 
96852 561 455 151 2 495 148 5 224 1086 3 4 7 7 0 
96910 516 438 171 2 504 117 3 209 1115 1 1 4 9 0 
96763 571 494 157 3 487 136 3 231 1136 6 1 6 6 0 
96802 526 499 163 1 489 153 4 238 1103 11 1 4 6 0 
96936 548 466 160 2 482 135 0 214 1037 6 2 8 4 0 
96812 596 493 164 5 532 122 5 214 1043 2 2 6 4 0 
96886 581 447 152 2 506 140 5 225 1034 7 2 8 5 0 
96808 589 484 152 1 484 136 0 229 1096 6 7 6 2 0 
96871 520 479 152 7 484 140 2 210 1113 7 2 7 6 0 
96851 547 448 163 3 511 129 1 229 1099 6 2 5 6 0 
96825 569 502 130 0 542 136 2 220 1053 10 4 2 5 0 
96868 500 521 145 1 529 123 3 240 1045 5 3 10 7 0 
96856 536 506 153 3 498 112 2 226 1090 9 3 5 1 0 
96919 550 485 148 2 489 119 2 216 1044 10 2 7 7 0 
96835 580 473 173 2 490 115 2 243 1072 5 0 3 7 0 
96819 576 489 153 1 510 107 2 238 1085 6 2 4 8 0 
96883 608 502 148 3 457 139 3 209 1030 11 1 2 4 0 
96853 588 499 134 7 491 114 3 208 1082 7 4 5 5 0 
96799 592 520 149 2 471 131 4 240 1070 8 1 5 8 0 
96831 575 457 149 2 511 125 5 228 1094 9 0 6 8 0 
96827 578 510 152 5 506 144 1 221 1034 6 4 6 5 1 
96819 579 489 154 2 544 125 0 218 1050 7 4 0 9 0 
96962 547 514 150 1 496 113 2 222 977 5 2 5 4 0 
96731 598 505 179 7 518 142 1 224 1076 5 4 5 5 0 
96871 557 481 155 2 470 141 1 248 1057 4 2 2 9 0 
96854 564 462 149 1 502 143 2 213 1092 7 1 3 7 0 
96805 534 510 153 2 508 127 3 215 1120 4 3 7 9 0 
96984 501 445 165 7 464 122 2 224 1072 3 3 4 4 0 
96934 571 438 149 3 498 155 5 202 1033 4 3 5 0 0 
96885 558 481 137 4 488 124 3 237 1064 4 4 3 8 0 
96901 547 467 147 4 498 141 3 217 1059 8 2 3 3 0 
96997 562 462 178 2 448 101 3 230 994 11 5 5 2 0 
96859 560 490 154 3 458 131 6 218 1107 4 1 4 5 0 
96954 553 503 129 4 474 106 1 222 1040 3 2 4 5 0 
96892 549 446 146 4 546 133 4 224 1035 9 2 6 3 1 
96833 603 489 143 2 472 150 5 241 1041 13 2 3 3 0 
96967 523 468 150 4 449 134 1 241 1037 12 4 7 3 0 
96918 538 463 124 1 485 129 1 235 1082 7 1 5 11 0 
96897 563 457 155 2 468 132 2 232 1075 6 3 4 4 0 
96897 559 469 145 2 526 148 5 215 1019 4 1 8 2 0 
96910 534 450 179 3 502 136 3 216 1057 4 2 2 2 0 
97003 580 462 152 2 437 137 2 203 1001 6 1 9 5 0 
96845 559 470 160 4 496 127 3 242 1074 4 2 7 7 0 
96995 549 442 140 1 508 123 1 212 1009 8 0 8 4 0 
96789 549 466 179 1 524 136 5 224 1107 6 3 5 6 0 
96902 565 448 157 4 500 158 3 220 1016 12 4 6 5 0 
96969 504 457 123 2 457 126 2 227 1116 6 3 3 5 0 
96868 545 474 134 6 504 127 3 226 1089 10 2 8 4 0 
96887 550 473 173 3 479 125 0 230 1061 3 3 7 6 0 
96890 553 460 162 1 508 106 0 233 1071 5 1 8 2 0 
96877 569 425 157 1 506 146 3 231 1065 7 1 5 7 0 
96844 558 447 149 2 506 122 2 227 1129 7 2 3 2 0 
96820 583 491 151 2 495 121 1 241 1077 4 5 1 8 0 
96953 542 479 167 1 478 103 2 226 1034 11 2 0 2 0 
96903 552 449 157 0 498 151 2 236 1026 5 6 8 7 0 
96840 555 466 139 3 486 144 1 245 1108 4 0 5 4 0 
96828 578 478 164 1 489 131 5 249 1058 7 2 5 5 0 
96879 592 454 140 1 479 129 1 244 1064 12 0 2 3 0 
96826 591 492 146 1 531 130 4 185 1075 5 6 3 5 0 
96844 566 483 151 0 494 139 2 212 1089 6 3 6 5 0 
96837 575 462 150 2 479 130 0 249 1100 8 0 1 7 0 
96918 581 435 152 1 480 124 3 206 1086 6 1 1 6 0 
96846 581 452 168 1 496 123 3 217 1084 12 1 8 8 0 
96904 582 434 164 6 495 130 5 204 1057 7 4 6 2 0 
96883 647 479 147 1 476 114 2 206 1028 6 3 4 4 0 
96956 536 485 156 2 476 144 2 222 1003 6 1 8 3 0 
96848 551 475 156 2 522 125 1 236 1054 8 1 11 10 0 
96959 516 504 152 4 474 129 2 239 1001 6 1 6 7 0 
96861 548 495 189 1 508 133 1 223 1020 7 4 4 6 0 
96984 525 454 162 5 469 127 0 212 1047 2 2 7 4 0 
96964 543 458 130 7 467 123 0 205 1086 4 2 6 4 1 
96795 568 494 144 5 500 140 4 228 1106 4 3 5 4 0 
96854 542 475 172 0 518 144 2 205 1070 8 1 6 3 0 
96942 516 477 165 2 480 121 3 221 1052 5 2 7 7 0 
96830 564 479 155 4 487 124 3 230 1098 15 3 5 3 0 
96822 553 448 159 5 507 138 3 249 1095 7 3 7 4 0 
96905 573 480 161 2 475 141 4 182 1053 7 5 4 7 1 
96936 565 447 137 4 496 124 4 210 1056 5 2 5 9 0 
96885 525 473 142 5 530 120 8 234 1053 6 3 9 7 0 
