47716 405 432 103 1 308 53 4 121 829 10 4 7 7 0 
47733 358 389 107 1 358 56 3 123 852 7 2 7 4 0 
47702 346 432 108 3 346 48 1 124 873 8 0 3 6 0 
47630 410 433 83 4 371 47 4 129 869 7 4 5 4 0 
47773 361 411 108 2 306 53 2 127 835 8 4 7 3 0 
47717 370 402 97 4 330 65 2 124 870 8 2 4 5 0 
47597 409 443 104 1 355 64 5 122 879 6 3 6 6 0 
47696 386 367 94 3 362 54 4 118 896 7 3 4 5 1 
47678 399 390 90 3 334 48 4 137 889 14 3 7 4 0 
47626 365 445 100 4 347 46 3 138 906 4 2 8 6 0 
47543 417 440 110 2 358 58 2 149 899 9 1 5 7 0 
47696 347 427 90 4 320 59 1 134 895 12 4 6 5 0 
47670 390 394 106 4 372 63 5 103 878 7 1 6 1 0 
47687 372 446 95 5 330 58 2 126 857 12 0 4 6 0 
47719 350 433 101 5 345 43 0 122 851 3 10 11 6 1 
47725 384 402 113 4 315 59 4 119 860 6 1 3 5 0 
47711 374 388 99 2 340 48 1 125 886 6 4 10 6 0 
47689 382 406 84 7 362 57 0 127 864 8 2 9 3 0 
47717 380 410 95 2 348 49 1 125 855 4 2 8 4 0 
47625 366 416 95 6 339 60 3 114 947 11 3 6 9 0 
47612 380 434 120 3 343 59 2 140 887 6 3 9 2 0 
47737 350 389 96 4 334 57 1 129 879 9 5 5 5 0 
47700 388 415 99 3 325 51 2 129 868 5 3 3 9 0 
47581 376 438 106 5 383 54 0 127 916 1 2 4 7 0 
47691 366 421 108 0 299 50 1 118 913 9 6 6 12 0 
47703 378 390 101 5 363 65 0 119 860 4 2 3 7 0 
47662 366 417 104 4 315 52 5 142 911 8 6 3 5 0 
47616 398 418 100 5 372 71 1 133 868 5 1 3 9 0 
47789 358 423 76 3 356 47 2 120 798 11 6 6 5 0 
47665 352 422 114 3 354 61 2 127 871 11 5 9 4 0 
47681 393 405 102 2 329 55 2 123 886 6 2 7 7 0 
47746 362 403 104 2 346 49 0 126 837 10 7 3 5 0 
47701 385 424 99 2 334 56 0 122 855 7 5 4 6 0 
47711 370 374 115 4 341 64 2 126 869 11 1 9 3 0 
47681 373 429 101 3 355 51 2 115 858 6 4 12 10 0 
47672 351 416 100 2 317 59 1 137 924 3 4 9 5 0 
47775 366 410 86 2 315 61 2 112 841 8 7 8 7 0 
47640 386 426 102 6 349 51 4 121 892 6 3 5 9 0 
47672 394 415 109 4 352 60 1 117 859 7 2 7 1 0 
47682 392 430 96 5 334 51 3 133 858 6 3 6 1 0 
47684 367 393 93 2 375 62 4 111 881 8 4 8 8 0 
47710 346 410 101 5 320 53 1 159 875 6 3 7 4 0 
47667 361 442 109 4 345 60 2 116 860 8 9 9 8 0 
47627 367 429 117 5 350 51 6 125 900 7 1 5 10 0 
47675 366 422 115 3 348 55 5 116 866 7 3 12 7 0 
47730 346 401 112 3 332 56 3 135 868 1 3 8 2 0 
47700 325 455 100 1 352 58 2 118 869 9 3 2 6 0 
47623 382 421 93 6 374 54 1 127 891 6 6 8 8 0 
47747 362 372 108 1 345 69 4 115 861 2 2 5 7 0 
47673 361 407 100 2 362 50 4 103 910 9 5 7 7 0 
47616 367 441 84 4 363 63 3 125 914 5 2 8 5 0 
47621 380 421 108 2 359 61 3 116 910 4 4 6 5 0 
47733 367 431 99 4 347 50 1 93 856 8 3 3 5 0 
47630 381 416 119 4 358 54 0 122 898 9 1 2 6 0 
47648 367 421 120 1 325 57 1 107 924 10 4 6 9 0 
47695 381 431 110 2 325 50 2 113 862 8 4 8 9 0 
47667 384 406 87 3 362 56 4 127 875 6 5 10 8 0 
47696 377 385 103 7 350 63 4 133 860 6 2 6 8 0 
47685 380 391 90 1 327 65 1 154 871 8 5 12 10 0 
47731 377 434 112 4 326 57 0 118 822 7 3 4 5 0 
47666 394 433 116 3 337 53 1 130 843 9 1 5 9 0 
47712 386 439 96 3 335 66 1 107 830 7 1 12 5 0 
47691 370 429 112 4 330 63 0 134 842 6 5 8 6 0 
47774 361 445 84 3 339 62 0 94 816 5 4 7 6 0 
47698 362 403 101 7 358 57 2 120 864 5 4 6 13 0 
47682 367 412 104 5 330 71 2 123 877 7 3 10 7 0 
47713 361 366 97 0 348 67 0 114 919 6 1 3 5 0 
47721 345 410 100 3 342 55 0 127 876 6 5 9 1 0 
47678 364 454 86 3 315 58 5 115 901 9 1 6 5 0 
47776 349 379 101 4 337 54 2 120 858 8 2 8 2 0 
47669 365 427 107 4 352 53 1 117 879 5 5 6 9 1 
47702 371 393 99 4 348 65 3 123 864 5 4 10 9 0 
47635 346 398 104 5 373 70 0 123 921 6 7 7 5 0 
47667 393 427 120 3 333 50 4 119 857 9 2 8 8 0 
47663 356 425 108 1 349 51 3 123 905 2 4 4 6 0 
47704 377 411 106 2 347 59 2 111 858 6 2 7 8 0 
47681 342 392 100 1 386 59 2 114 905 3 3 3 9 0 
47673 362 382 107 0 341 63 2 130 919 7 0 9 5 0 
47741 370 402 109 0 352 50 1 123 831 7 2 8 4 0 
47638 400 421 90 4 359 65 1 109 896 7 2 3 5 0 
47662 367 395 79 6 364 58 2 133 910 5 5 7 7 0 
47734 379 410 99 1 316 56 3 118 863 7 5 6 3 0 
47706 384 418 91 3 351 52 2 128 845 8 2 5 5 0 
47589 372 440 101 0 329 59 0 118 960 11 3 11 7 0 
47673 373 385 116 5 343 62 3 128 882 10 3 10 7 0 
47693 414 426 87 3 342 54 0 112 850 6 6 3 4 0 
47690 347 413 106 2 360 58 2 120 872 9 5 8 8 0 
47603 400 449 105 6 344 53 4 129 882 3 6 10 6 0 
47677 383 407 126 3 331 58 3 100 883 8 11 3 7 0 
47760 356 415 84 3 329 56 3 115 856 5 3 5 10 0 
47654 343 412 108 3 349 62 5 125 911 5 3 10 10 0 
47684 369 417 92 3 339 65 1 116 887 8 3 10 6 0 
47592 374 448 112 6 350 59 1 134 899 5 0 16 4 0 
47654 402 427 104 0 354 59 4 130 841 12 3 7 2 1 
47631 389 434 110 1 308 46 6 126 926 8 1 12 2 0 
47704 355 425 107 1 358 53 3 121 845 9 2 10 7 0 
47653 362 416 89 5 383 45 1 131 894 5 2 8 6 0 
47601 371 424 103 3 349 61 4 125 939 2 4 4 10 0 
47565 394 425 116 2 345 61 1 141 931 9 1 3 6 0 
47596 372 405 97 5 344 65 4 125 962 8 4 8 5 0 
47620 391 409 105 1 347 63 3 110 922 9 1 8 11 0 
47713 347 444 105 3 341 61 8 126 830 5 5 6 6 0 
47683 362 423 105 3 343 47 3 126 878 5 3 9 10 0 
47735 377 433 84 2 326 57 0 130 828 6 3 5 14 0 
47734 373 401 89 3 333 41 2 125 874 8 3 3 11 0 
47757 338 418 102 2 309 63 0 115 879 7 1 4 5 0 
47747 353 409 96 2 344 57 1 126 838 7 0 8 11 1 
47660 370 447 91 4 345 58 1 127 875 3 2 7 10 0 
47647 361 390 104 2 395 55 5 116 905 8 3 8 1 0 
47714 350 404 79 3 347 56 1 129 900 4 3 5 5 0 
47680 386 421 107 1 336 52 5 115 880 6 0 4 7 0 
47795 332 434 105 1 323 55 1 114 821 10 1 5 3 0 
47632 374 426 125 4 352 45 2 135 881 10 2 6 6 0 
47707 385 366 101 1 336 65 1 146 877 7 1 6 1 0 
47648 386 403 104 1 356 51 2 143 885 5 3 8 5 0 
47748 351 376 107 7 340 64 5 129 859 4 1 7 2 0 
47671 376 416 99 4 330 51 7 124 898 8 5 7 4 0 
47668 380 416 104 4 312 68 3 138 882 9 2 6 8 0 
47606 363 419 103 3 395 61 4 125 898 10 2 3 8 0 
47592 389 414 112 1 379 52 5 133 900 7 5 9 2 0 
47594 418 443 94 5 334 51 1 133 903 5 5 7 7 0 
47699 373 388 103 3 338 52 1 146 880 6 3 3 5 0 
47719 364 386 98 2 346 59 2 147 856 4 2 8 7 0 
47732 359 389 89 4 376 57 4 117 856 5 2 5 5 0 
47785 331 410 98 5 334 51 2 127 841 4 3 6 3 0 
47607 373 492 104 5 349 55 5 119 874 4 2 8 3 0 
47702 335 406 94 5 371 62 1 125 879 6 4 7 3 0 
47683 332 395 110 6 358 62 4 135 893 9 3 4 6 0 
47728 369 418 86 3 344 60 1 121 849 3 5 8 5 0 
47661 382 409 102 2 358 55 1 135 867 7 2 7 11 1 
47605 384 429 111 1 351 46 1 124 928 10 3 3 4 0 
47686 342 422 92 5 351 61 1 113 907 4 4 3 9 0 
47641 410 403 126 4 360 63 7 135 825 8 2 8 8 0 
47632 379 442 101 6 360 65 2 146 855 4 0 3 5 0 
47705 354 396 113 1 329 53 6 119 896 9 3 9 7 0 
47655 368 411 110 2 349 55 2 121 906 12 1 4 4 0 
47729 395 396 90 7 346 53 1 133 834 6 2 5 3 0 
47714 348 419 110 7 348 59 1 111 867 3 3 6 4 0 
47680 358 396 97 2 364 55 1 129 901 4 1 5 6 1 
47637 390 415 92 4 326 68 1 137 914 2 3 6 5 0 
47760 364 403 99 3 336 63 4 102 842 8 3 6 6 1 
47737 367 407 103 2 317 54 5 120 868 3 4 3 9 1 
47655 366 432 100 1 356 71 1 122 875 7 3 4 7 0 
47643 373 417 90 3 354 53 4 115 924 7 3 4 10 0 
47695 363 395 122 1 341 56 2 134 869 5 4 8 4 1 
47672 354 422 112 4 365 60 4 116 871 2 6 6 6 0 
47694 351 435 98 6 362 60 3 101 863 6 5 6 10 0 
47705 337 407 108 5 359 55 1 136 859 6 2 9 11 0 
47720 343 444 97 3 354 49 3 116 834 8 9 12 8 0 
47657 393 399 118 3 321 49 4 120 913 5 5 9 4 0 
47665 409 379 96 2 346 62 5 150 854 13 3 9 7 0 
47678 391 433 100 4 324 47 1 105 889 7 4 5 12 0 
47734 356 444 99 2 343 48 6 129 814 10 4 7 4 0 
47764 356 422 80 3 329 55 4 121 852 5 4 2 3 0 
47593 371 454 104 1 347 52 2 135 926 4 4 3 4 0 
47646 400 396 124 2 356 57 1 129 863 10 3 8 5 0 
47644 387 437 90 1 349 44 1 124 899 8 6 6 4 0 
47683 377 397 103 3 342 44 1 132 892 7 8 7 4 0 
47725 368 399 112 4 349 61 4 115 841 10 2 6 4 0 
47617 367 426 111 3 385 44 2 121 905 5 7 4 3 0 
47644 369 464 95 1 335 54 3 131 879 8 2 9 6 0 
47674 378 424 102 1 352 47 4 114 886 5 4 6 3 0 
47665 380 406 89 0 363 61 3 116 899 6 1 4 7 0 
47682 366 400 119 1 348 53 4 131 876 5 5 5 5 0 
47649 377 456 108 4 363 47 3 130 847 3 5 2 6 0 
47713 382 417 76 3 356 48 1 99 882 5 3 6 9 0 
47662 403 433 95 3 330 58 2 106 880 9 5 7 7 0 
47695 376 405 75 2 329 65 7 131 892 7 7 7 1 1 
47749 388 418 89 2 363 57 0 121 795 3 0 7 8 0 
47571 379 439 90 2 356 56 2 138 947 8 2 5 5 0 
47677 355 433 99 4 354 63 1 119 872 11 2 4 6 0 
47651 396 387 105 3 340 74 3 125 896 5 5 5 5 0 
47722 359 417 91 1 316 55 1 139 876 8 3 9 3 0 
47618 362 440 106 1 352 54 1 132 908 6 3 10 7 0 
47679 376 434 90 3 339 51 1 115 892 5 1 8 6 0 
47678 363 430 103 2 359 41 0 133 862 9 7 7 6 0 
47693 356 409 104 3 341 62 2 115 892 7 4 5 7 0 
47714 364 403 90 6 345 57 4 134 853 11 3 6 10 0 
47643 379 419 106 1 343 55 3 111 926 6 3 3 2 0 
47673 375 448 100 0 328 60 1 123 868 9 3 9 3 0 
47696 378 436 98 5 337 49 3 129 851 3 0 8 7 0 
47702 364 407 94 2 356 51 2 120 877 9 6 7 3 0 
47715 382 419 105 2 316 56 2 118 867 4 3 2 9 0 
47684 385 428 96 3 335 60 1 113 877 3 2 6 7 0 
47690 368 402 108 4 355 52 2 117 882 5 5 7 3 0 
47673 363 416 104 4 345 58 1 126 880 6 3 8 12 1 
47662 384 405 112 2 365 55 2 128 865 2 4 10 4 0 
47599 379 443 110 1 337 68 4 133 909 6 4 1 6 0 
47673 389 405 102 3 344 53 6 135 878 4 2 2 4 0 
47627 390 395 105 4 385 54 2 127 889 5 5 9 3 0 
47596 374 422 111 4 372 58 0 122 926 1 3 7 4 0 
47661 365 410 119 4 361 63 0 104 875 14 4 10 10 0 
47755 344 366 99 6 332 68 4 135 858 14 5 7 7 0 
47680 381 435 103 2 347 61 3 120 842 9 5 5 7 0 
47763 377 397 97 1 332 46 4 122 846 5 1 5 4 0 
47662 368 400 112 2 373 49 4 129 878 7 4 7 5 0 
47665 352 388 105 2 346 57 5 130 929 7 4 6 4 0 
47642 402 408 108 6 380 56 0 113 869 7 2 4 3 0 
47590 430 419 105 4 355 55 2 120 896 10 2 2 10 0 
47694 368 412 94 3 366 63 3 124 858 5 2 4 4 0 
47668 385 438 99 0 328 57 1 121 875 5 6 10 7 0 
47747 368 383 117 4 322 65 1 118 845 10 2 9 9 0 
47652 340 427 122 3 337 55 3 133 902 9 4 7 6 0 
47592 389 456 109 3 348 66 0 113 902 4 3 6 9 0 
47704 371 389 102 5 329 53 0 124 904 5 4 8 2 0 
47694 354 435 92 5 338 55 3 119 881 10 1 10 3 0 
47672 390 376 116 5 374 50 2 109 888 2 4 6 6 0 
47680 360 410 109 6 380 50 3 140 848 6 2 3 3 0 
47612 371 440 115 3 369 70 3 117 878 5 3 4 10 0 
47674 357 399 104 2 334 46 4 131 919 5 4 11 10 0 
47615 373 436 104 5 361 59 5 131 891 6 2 6 6 0 
47684 367 409 89 4 334 48 1 138 899 5 6 8 7 1 
47707 387 365 104 6 378 45 3 123 864 6 6 3 3 0 
47761 355 376 84 1 368 53 2 104 872 6 4 6 8 0 
47608 381 468 102 1 357 63 2 131 849 11 3 14 10 0 
47744 388 392 96 6 321 55 1 118 846 11 2 10 9 1 
47736 396 363 95 3 363 55 0 116 847 11 5 7 3 0 
47711 340 418 99 2 347 47 2 124 896 6 4 1 3 0 
47592 423 428 101 5 373 67 0 133 857 7 5 2 7 0 
47636 379 450 89 3 379 62 4 113 868 7 4 4 2 0 
47608 383 450 107 1 329 56 3 138 906 4 2 4 9 0 
47637 355 434 103 4 364 50 5 125 894 11 6 8 4 0 
47617 383 418 111 6 349 52 3 132 907 10 1 7 4 0 
47731 349 404 107 0 354 52 3 111 876 4 3 4 2 0 
47665 376 420 106 2 348 73 2 114 871 8 1 4 10 0 
47644 364 422 104 7 354 48 1 132 892 9 6 11 6 0 
47722 374 413 112 4 344 60 1 111 848 5 3 2 1 0 
47707 374 417 89 2 345 62 2 140 845 6 3 5 3 0 
47716 348 365 104 0 354 80 3 117 893 8 2 4 6 0 
47657 407 402 103 2 343 61 4 110 890 7 4 6 4 0 
47702 388 404 96 2 333 66 1 124 864 6 2 5 7 0 
47696 391 452 102 9 336 65 3 120 811 5 5 3 2 0 
47688 365 368 121 5 340 53 2 130 895 11 8 9 5 0 
47715 360 423 119 4 290 46 0 129 878 15 5 6 10 0 
47666 400 401 96 2 362 42 3 137 870 5 4 8 4 0 
47675 376 385 105 2 373 64 1 128 869 7 2 5 8 0 
47704 361 422 102 6 309 58 2 118 897 7 2 4 8 0 
47625 417 430 100 5 333 62 2 133 872 5 5 4 7 0 
47701 373 432 98 5 312 65 5 132 855 5 5 9 3 0 
47617 398 395 97 2 379 58 2 138 893 5 4 5 6 1 
47611 397 462 104 4 356 43 3 103 895 5 3 8 6 0 
47663 391 402 84 2 350 53 0 126 906 7 3 7 6 0 
47670 379 411 102 2 335 75 1 133 874 5 5 6 2 0 
47721 375 395 91 4 311 40 2 133 909 9 1 4 5 0 
47601 382 449 113 3 367 50 2 136 874 9 1 6 7 0 
47664 353 434 113 1 332 55 2 131 893 8 5 3 6 0 
47698 350 441 117 5 329 68 0 126 846 8 4 3 5 0 
47700 366 401 120 0 330 46 4 125 886 8 7 3 4 0 
47722 351 423 111 2 316 58 0 125 874 6 2 6 4 0 
47681 358 405 107 5 341 48 1 116 914 6 6 6 6 0 
47648 369 416 102 3 332 70 5 120 909 10 3 7 6 0 
47666 405 430 101 2 346 65 1 121 847 3 3 6 4 0 
47657 359 398 92 6 383 63 1 135 876 8 9 7 6 0 
47707 363 425 93 3 368 55 1 119 840 10 4 6 6 0 
47751 375 395 103 4 336 60 0 123 830 8 2 6 7 0 
47668 344 427 114 2 350 54 4 114 901 8 1 6 7 0 
47762 360 382 101 1 346 63 3 133 831 3 5 3 7 0 
47785 362 394 93 7 347 49 1 116 830 1 3 9 3 0 
47607 372 429 95 3 382 43 1 130 917 7 4 6 3 1 
47667 330 455 93 1 359 55 1 124 896 4 4 3 8 0 
47703 361 405 92 6 370 59 1 132 852 5 2 5 6 1 
47581 378 452 111 1 385 47 2 138 877 10 2 9 7 0 
47687 378 405 104 1 362 53 1 124 859 3 6 10 7 0 
47690 388 392 86 2 341 66 2 133 883 5 5 2 5 0 
47660 400 394 108 2 364 64 2 114 873 3 2 7 7 0 
47724 357 420 86 3 356 64 2 113 854 7 4 8 2 0 
47726 354 415 86 7 356 56 1 136 835 9 6 8 5 0 
47767 353 405 98 4 331 68 0 126 820 11 4 12 1 0 
47744 367 390 122 2 359 56 2 124 814 7 7 3 3 0 
47721 372 395 110 4 360 49 2 130 828 11 2 10 6 0 
47689 369 404 109 7 344 52 0 130 865 3 4 12 12 0 
47706 345 399 110 4 339 55 3 117 905 4 0 6 7 0 
47739 400 424 107 2 318 45 3 135 802 14 1 5 5 0 
47726 378 403 93 5 356 57 0 132 819 7 4 10 10 0 
47586 392 405 118 1 352 71 3 152 900 5 7 7 1 0 
47629 355 431 120 5 381 50 1 151 861 3 2 7 4 0 
47648 356 424 104 2 372 59 3 138 874 8 2 4 6 0 
47640 350 424 110 3 352 59 4 133 901 8 3 7 6 0 
47638 365 424 111 4 321 64 2 112 935 7 3 8 6 0 
47681 399 401 93 2 366 59 2 106 862 8 4 9 8 0 
47642 361 395 114 2 361 67 7 141 883 8 6 5 8 0 
47668 394 398 113 6 367 51 2 121 864 5 0 2 9 0 
47691 356 438 107 1 345 60 3 129 847 7 3 4 9 0 
47671 330 451 101 5 353 67 5 119 882 6 2 4 4 0 
47671 382 417 115 6 358 48 3 118 857 6 4 9 6 0 
47630 373 395 119 0 350 50 2 124 938 7 3 7 2 0 
47698 381 418 97 6 351 45 2 141 841 6 4 5 5 0 
47622 404 433 85 1 343 57 4 132 893 8 7 3 8 0 
47636 376 395 98 4 373 53 3 119 919 10 3 6 5 0 
47677 377 425 105 5 359 54 1 110 866 5 2 6 8 0 
47651 349 417 109 6 395 61 3 119 871 5 2 6 6 0 
47737 382 388 94 3 332 52 1 111 879 5 6 4 6 0 
47702 370 375 110 3 324 65 2 135 879 15 3 9 8 0 
47663 370 431 111 3 348 67 3 114 868 6 5 5 6 0 
47685 357 417 96 2 344 55 1 117 904 10 5 2 5 0 
47597 400 447 100 1 347 51 3 143 900 2 3 3 3 0 
47739 351 374 91 6 319 69 2 130 902 2 3 7 5 0 
47629 430 418 83 5 374 51 0 116 868 6 7 7 6 0 
47646 383 416 110 2 345 70 0 111 895 6 2 8 6 0 
47620 378 450 118 3 328 58 3 109 904 9 4 5 11 0 
47695 370 403 111 0 334 45 2 110 908 10 2 7 3 0 
47717 381 399 105 0 339 61 1 121 857 9 4 5 1 0 
47779 342 391 97 5 330 60 1 134 840 5 4 5 7 0 
47694 403 403 92 3 342 47 0 126 869 4 2 8 7 0 
47660 382 420 104 2 339 55 3 125 890 8 2 5 5 0 
47623 377 413 98 4 347 61 2 132 922 10 3 6 2 0 
47597 361 424 98 4 383 59 1 157 885 8 4 9 10 0 
47663 375 421 100 3 336 49 2 125 907 4 2 7 6 0 
47703 357 411 85 1 330 72 3 130 875 10 7 8 8 0 
47646 383 433 106 1 352 43 2 143 877 6 2 4 2 0 
47719 364 400 106 2 329 42 0 126 892 5 5 4 6 0 
47627 369 401 98 3 389 49 2 91 953 6 3 3 6 0 
47631 401 414 99 2 334 45 2 136 917 6 5 4 4 0 
47656 373 386 105 3 348 51 2 139 916 5 3 8 5 0 
47643 364 436 87 4 360 56 0 125 912 2 2 5 4 0 
47745 334 415 95 4 328 54 1 117 884 4 5 5 9 0 
47717 352 416 102 5 313 66 3 125 877 9 2 6 7 0 
47721 348 423 111 3 336 58 1 116 862 7 3 4 6 1 
47712 346 426 109 3 356 46 1 128 853 8 0 7 5 0 
47575 374 400 131 2 381 68 4 140 900 7 1 9 8 0 
47593 413 451 94 1 350 53 6 129 889 2 5 5 9 0 
47714 354 409 90 5 395 42 4 124 845 1 5 6 6 0 
47679 373 388 106 3 341 47 0 141 894 9 1 9 9 0 
47682 370 408 95 1 321 51 0 121 925 6 3 5 12 0 
47670 371 429 107 2 367 52 1 116 857 7 5 9 6 1 
47648 386 420 109 4 365 46 5 122 866 8 6 6 9 0 
47666 346 405 96 3 348 63 3 136 916 3 3 5 7 0 
47689 374 416 123 8 326 49 1 130 867 4 1 5 7 0 
47758 361 373 83 5 358 60 4 118 852 7 3 13 5 0 
47680 390 412 92 6 351 65 2 122 859 5 3 5 8 0 
47745 335 413 105 3 323 56 2 138 854 6 5 8 7 0 
47691 356 391 111 1 371 58 1 122 863 15 3 9 8 0 
47693 371 390 93 5 369 58 2 140 864 5 2 4 4 0 
47615 376 390 107 6 366 63 3 139 912 8 5 4 6 0 
47694 380 426 105 2 331 68 4 134 842 7 1 1 5 0 
47702 381 392 81 5 343 55 1 117 903 6 1 6 7 0 
47700 393 401 106 6 343 53 3 111 869 6 2 4 3 0 
47702 364 416 93 7 321 69 2 115 886 6 7 6 6 0 
47625 363 424 105 5 371 56 1 123 899 10 5 8 5 0 
47674 333 440 117 1 325 57 1 108 916 5 12 8 3 0 
47598 371 393 101 4 391 64 3 138 908 14 6 5 4 0 
47675 392 390 102 6 328 57 4 122 903 8 1 8 4 0 
47714 344 428 87 4 346 66 1 127 859 11 1 7 5 0 
47693 377 444 105 4 344 43 3 130 843 3 2 3 6 0 
47688 360 383 94 4 353 50 2 138 902 11 3 5 7 0 
47692 373 396 94 5 348 57 1 119 891 12 4 3 5 0 
47608 399 402 94 1 384 60 3 132 892 4 7 5 9 0 
47694 352 400 103 4 354 49 8 122 890 8 5 7 4 0 
47752 352 420 103 3 326 51 1 103 866 10 4 6 3 0 
47764 338 395 96 2 326 56 1 130 870 6 1 10 5 0 
47704 361 399 109 5 329 75 0 118 882 3 2 8 5 0 
47812 349 373 101 2 352 51 3 111 823 6 4 7 6 0 
47627 393 413 87 3 358 58 4 150 880 7 1 9 9 1 
47709 340 444 115 3 332 53 3 108 869 6 2 8 8 0 
47740 360 387 106 1 331 63 1 132 862 6 6 5 0 0 
47672 370 405 101 5 327 67 1 132 899 4 4 9 4 0 
47750 370 383 96 5 326 70 2 151 822 9 2 9 5 0 
47741 336 393 97 6 356 58 1 116 870 5 4 8 9 0 
47626 380 410 109 0 356 45 2 118 932 6 6 6 4 0 
47751 379 388 92 3 328 55 1 126 856 5 6 7 3 0 
47659 379 420 82 2 353 69 2 127 883 12 4 3 5 0 
47671 360 426 107 0 373 53 0 121 865 10 3 6 5 0 
47618 376 393 100 4 354 69 4 139 915 11 1 10 6 0 
47710 348 424 93 4 350 44 4 146 850 9 4 8 6 0 
47638 385 404 114 4 346 42 3 135 901 9 4 8 7 0 
47659 358 428 113 3 364 60 3 133 851 7 4 6 11 0 
47762 341 419 97 0 321 48 1 123 865 10 2 8 3 0 
47606 369 410 94 5 369 41 2 132 943 13 2 8 6 0 
47591 409 416 95 5 368 55 2 116 918 3 3 9 10 0 
47759 370 417 100 2 323 56 5 119 826 7 3 4 9 0 
47655 376 427 115 2 336 72 5 135 856 8 2 3 8 0 
47620 402 420 117 3 354 50 2 123 881 9 3 10 6 0 
47715 357 418 100 5 349 48 2 106 881 8 2 7 2 0 
47650 374 441 121 5 345 53 3 126 854 14 2 6 6 0 
47749 370 375 105 1 338 56 5 109 864 7 7 3 11 0 
47679 358 410 103 6 328 65 2 151 874 7 3 2 12 0 
47658 321 442 103 3 376 53 0 144 883 4 2 8 3 0 
47726 370 411 102 3 348 56 2 102 862 8 1 4 5 0 
47685 361 412 108 1 341 70 3 128 863 11 3 6 8 0 
47706 357 380 102 4 363 58 3 133 869 9 1 7 8 0 
47693 345 428 137 3 369 51 1 124 828 8 3 6 4 0 
47649 360 450 92 2 360 65 2 123 880 4 1 3 9 0 
47724 377 400 104 4 339 58 2 109 865 5 3 7 3 0 
47574 354 451 110 2 372 48 2 132 932 5 4 5 9 0 
47702 344 425 114 5 328 51 2 131 878 3 4 6 7 0 
47699 371 444 87 5 338 50 2 120 864 4 2 8 6 0 
47738 391 381 98 2 335 56 1 110 857 12 4 7 8 0 
47652 362 443 100 2 359 73 2 144 832 11 3 7 10 0 
47621 384 416 120 3 329 56 1 143 910 6 2 3 6 0 
47659 363 410 106 7 369 53 0 112 893 7 5 6 10 0 
47756 385 385 92 1 370 47 2 122 822 6 4 1 7 0 
47654 379 430 100 2 345 43 4 123 895 14 1 7 3 0 
47757 371 392 74 1 347 66 3 125 847 6 0 8 2 1 
47699 378 403 116 3 338 63 3 133 842 6 1 9 6 0 
47670 393 408 108 5 357 64 2 124 855 5 1 4 4 0 
47672 362 378 107 4 354 67 2 129 892 10 4 12 7 0 
47721 399 400 81 2 325 55 2 126 872 6 1 4 6 0 
47693 380 407 105 5 344 40 4 114 869 13 5 9 12 0 
47650 399 408 107 3 370 59 3 132 849 8 3 3 6 0 
47677 404 438 96 3 336 44 5 119 864 3 1 5 5 0 
47669 378 416 93 3 347 60 2 109 896 4 4 5 14 0 
47703 367 431 97 4 329 62 3 123 856 7 2 7 9 0 
47614 380 432 113 1 341 70 0 133 889 7 5 5 9 1 
47724 379 407 89 4 308 47 1 124 891 8 3 7 8 0 
47587 413 468 122 1 343 53 0 120 868 5 4 8 8 0 
47593 393 446 94 8 362 53 1 149 880 7 5 5 4 0 
47688 365 420 100 1 328 73 0 116 894 2 2 4 7 0 
47680 388 374 117 3 356 55 4 135 871 5 4 3 5 0 
47660 369 441 93 3 336 67 1 113 893 8 2 9 5 0 
47674 394 420 121 5 337 70 1 118 848 4 2 5 1 0 
47629 383 421 118 2 328 59 1 129 907 6 4 11 2 0 
47699 360 431 100 0 337 51 7 115 877 7 4 5 7 0 
47676 353 408 98 2 342 50 2 126 918 6 2 11 6 0 
47644 381 400 110 3 341 53 3 126 920 7 2 5 5 0 
47666 389 411 98 3 347 45 3 119 900 5 2 4 8 0 
47623 370 454 107 3 351 63 2 128 873 5 6 10 4 1 
47575 394 459 107 2 359 61 1 130 892 3 2 9 6 0 
47721 351 432 102 3 307 53 2 120 888 4 7 6 4 0 
47684 363 409 92 6 312 57 3 143 908 6 1 9 7 0 
47708 383 421 89 5 318 53 1 128 879 5 3 3 3 1 
47714 370 396 103 2 332 63 3 140 856 9 3 7 2 0 
47706 378 410 87 4 361 60 2 119 858 7 2 2 4 0 
47644 411 385 109 5 382 54 6 98 877 11 5 7 6 0 
47746 347 395 111 2 326 68 6 110 860 7 4 8 10 0 
47644 392 450 113 3 341 64 0 119 852 5 4 6 7 0 
47781 343 376 92 2 322 64 3 119 880 5 1 8 4 0 
47726 359 411 91 4 322 47 1 112 904 5 3 6 9 0 
47597 391 433 92 6 342 56 3 122 929 15 3 7 4 0 
47591 375 417 108 4 362 64 0 152 907 6 3 2 9 0 
47660 383 389 109 2 361 65 0 133 879 7 4 3 5 0 
47749 354 409 110 3 339 44 1 112 849 11 3 9 7 0 
47648 347 426 107 0 357 58 1 100 933 6 2 8 7 0 
47692 369 428 94 4 328 56 2 111 892 4 5 4 11 0 
47692 350 380 89 2 349 63 3 131 925 4 3 3 6 0 
47666 388 396 110 0 326 53 1 134 903 6 1 10 6 0 
47723 360 412 82 4 330 62 2 134 876 6 3 4 2 0 
47666 348 445 107 0 336 65 1 119 890 7 1 9 6 0 
47632 415 412 114 2 362 54 2 121 862 7 6 3 8 0 
47657 371 426 97 2 355 65 8 123 873 6 5 4 8 0 
47660 353 461 102 3 362 59 3 118 855 3 4 13 4 0 
47599 398 437 94 3 370 56 3 131 882 9 8 4 6 0 
47680 400 413 117 3 356 53 3 120 835 8 2 7 3 0 
47698 366 389 80 2 361 51 3 123 911 4 1 9 2 0 
47643 374 413 103 2 353 65 3 120 901 7 5 4 7 0 
47682 376 387 97 1 384 44 4 120 887 5 2 6 5 0 
47699 352 408 90 3 366 42 2 117 899 5 2 8 7 0 
47688 344 443 116 2 338 81 3 104 862 3 1 7 8 0 
47699 370 394 111 6 336 60 4 106 892 11 3 4 4 0 
47699 364 419 93 5 303 64 5 103 919 6 1 13 6 0 
47624 387 463 108 3 369 45 2 125 851 6 2 8 7 0 
47833 368 378 90 2 358 51 3 131 759 12 5 6 4 0 
47602 385 427 114 1 352 64 0 124 912 11 1 3 4 0 
47732 331 419 107 1 343 55 3 121 873 4 3 4 4 0 
47719 358 412 88 6 365 52 3 118 858 8 3 4 6 0 
47691 367 421 93 4 344 63 1 143 855 5 1 5 6 1 
47679 355 443 112 3 315 55 1 127 884 9 3 9 5 0 
47622 356 448 115 4 357 45 0 141 888 8 4 8 4 0 
47759 380 413 90 1 301 57 0 99 885 7 2 3 3 0 
47637 398 437 95 1 331 63 2 128 882 7 3 10 6 0 
47582 394 447 114 5 364 58 1 123 887 7 3 8 7 0 
47771 328 388 118 5 340 60 2 115 851 7 8 4 3 0 
47707 357 413 100 6 361 57 4 127 846 6 5 7 4 0 
47683 354 416 116 3 358 40 0 129 883 4 5 3 6 0 
47732 393 370 93 2 332 58 0 144 853 9 4 4 6 0 
47648 403 430 107 2 336 59 3 105 885 8 4 4 6 0 
47682 408 418 97 5 336 48 2 118 858 1 4 14 9 0 
47667 365 400 100 5 360 57 0 129 903 2 1 6 5 0 
47675 371 451 113 4 304 54 3 117 883 7 3 8 7 0 
47757 339 386 87 2 350 67 1 127 863 7 2 8 4 0 
47635 371 429 98 2 380 62 4 113 881 7 4 7 7 0 
47654 374 436 109 0 362 62 3 113 868 10 1 4 4 0 
47644 406 413 112 0 360 54 3 113 867 9 4 7 8 0 
47628 362 425 98 3 336 45 2 129 948 3 4 9 8 0 
47724 352 422 95 3 332 57 2 141 847 6 3 7 9 0 
47628 368 401 122 1 360 63 1 126 904 5 1 13 7 0 
47677 366 403 89 2 333 61 1 128 911 9 3 10 7 0 
47673 357 407 96 1 366 54 2 132 885 11 2 9 5 0 
47743 337 411 92 1 352 36 3 132 874 4 5 6 4 0 
47775 375 404 82 3 338 55 4 103 840 3 4 8 6 0 
47716 399 449 98 3 348 51 6 111 789 11 6 8 5 0 
47606 390 455 99 1 349 57 1 127 893 4 3 11 4 0 
47651 357 420 96 1 369 48 4 108 924 4 0 10 7 1 
47763 371 387 97 0 321 44 5 127 861 7 3 6 8 0 
47675 383 444 96 0 323 54 1 123 878 8 2 5 8 0 
47751 371 400 95 2 319 49 0 125 861 5 3 14 5 0 
47657 389 392 121 6 357 59 3 100 894 6 3 6 7 0 
47625 369 421 97 3 361 61 3 126 907 3 5 12 7 0 
47640 367 412 99 4 352 54 3 123 919 8 1 13 5 0 
47644 390 413 100 2 360 56 3 128 886 0 3 7 8 0 
47651 370 448 99 5 375 49 1 117 867 6 2 4 6 0 
47680 394 389 103 5 334 63 3 129 876 9 3 5 7 0 
47615 383 433 104 2 356 52 8 120 906 4 3 5 9 0 
47666 380 430 106 1 356 46 1 122 877 3 2 2 8 0 
47686 385 396 96 3 362 60 4 124 868 2 1 7 6 0 
47674 342 418 118 2 367 56 7 115 880 5 5 6 5 0 
47691 408 441 117 0 315 39 9 126 834 6 3 8 3 0 
47717 392 384 91 3 347 56 4 120 853 12 5 10 6 0 
47673 368 425 90 3 368 56 2 123 874 7 1 4 6 0 
47700 370 405 115 3 345 62 1 126 848 6 4 6 9 0 
47600 361 437 103 3 358 61 2 108 944 11 4 6 2 0 
