47642 397 430 81 3 349 56 1 127 886 11 5 10 2 0 
47702 375 399 89 0 352 65 1 133 870 4 2 5 3 0 
47687 358 384 92 2 361 43 1 149 903 6 1 9 4 0 
47702 355 418 87 3 336 46 1 151 875 10 6 5 5 0 
47688 388 411 87 3 337 56 2 132 873 7 5 5 6 0 
47686 403 399 92 4 338 60 2 116 878 8 5 6 3 0 
47640 406 451 86 3 320 61 2 136 869 6 4 10 6 0 
47765 362 403 105 3 304 52 3 125 856 7 1 11 3 0 
47610 409 419 113 3 353 49 5 142 870 9 4 10 4 0 
47745 377 396 73 0 307 65 3 139 866 7 3 14 5 0 
47680 366 407 76 2 322 59 3 142 912 7 8 8 8 0 
47691 403 418 89 3 327 41 4 115 884 8 6 7 4 0 
47708 356 408 104 4 354 64 1 146 821 11 2 10 11 0 
47684 380 389 97 1 334 52 4 134 905 7 2 7 4 0 
47671 351 437 96 8 324 60 5 144 875 9 6 9 5 0 
47712 340 383 83 1 365 62 2 131 900 10 2 3 6 0 
47703 363 427 80 3 333 47 1 130 900 5 0 5 3 0 
47676 352 435 101 1 343 57 4 132 880 3 1 7 8 0 
47670 374 427 100 1 298 53 2 143 914 10 0 3 5 0 
47640 373 423 102 2 329 50 2 128 928 8 1 9 5 0 
47620 413 447 77 4 307 59 2 148 898 9 1 4 10 1 
47699 368 413 110 1 322 46 5 137 870 3 6 11 9 0 
47668 392 435 88 1 344 52 4 142 859 4 4 5 2 0 
47691 398 380 85 2 366 58 1 132 864 8 5 8 2 0 
47633 354 455 103 4 323 66 1 146 893 10 4 3 5 0 
47660 385 414 84 4 316 53 2 139 914 11 1 7 10 0 
47743 407 376 84 1 309 50 0 143 869 6 3 4 5 0 
47674 388 451 114 3 321 49 5 123 850 2 4 7 9 0 
47809 334 417 82 1 311 48 2 132 840 8 5 7 4 0 
47752 403 406 87 4 312 46 4 122 840 11 4 4 5 0 
47728 352 392 86 2 320 58 5 126 908 3 3 9 8 0 
47694 370 417 100 3 342 57 2 145 858 4 2 3 3 0 
47685 369 474 90 0 302 46 2 146 873 6 2 2 3 0 
47704 414 384 80 1 328 61 4 126 874 4 1 12 7 0 
47615 393 430 89 5 346 65 4 137 896 4 3 7 6 0 
47687 403 412 111 1 361 50 5 135 815 6 3 4 7 0 
47682 364 392 104 2 335 59 2 152 887 7 3 7 4 0 
47748 381 407 93 1 303 44 5 130 865 9 3 8 3 0 
47755 365 400 90 2 346 54 4 107 861 3 1 8 4 0 
47652 390 417 96 3 334 56 0 147 885 9 2 3 6 0 
47745 384 388 106 1 314 48 2 126 865 5 3 7 6 0 
47604 396 446 83 3 371 51 2 131 888 7 4 7 7 0 
47744 386 389 87 2 354 55 2 128 836 7 3 2 5 0 
47676 386 413 98 6 312 48 3 154 877 5 7 9 6 0 
47663 385 430 86 3 339 60 1 150 853 10 9 4 7 0 
47627 432 406 102 1 316 56 1 139 903 4 4 1 8 0 
47641 364 445 99 4 357 63 1 128 872 4 5 11 6 0 
47706 393 400 99 3 321 61 0 136 863 1 2 6 9 0 
47731 404 415 103 3 306 56 2 130 824 5 3 11 7 0 
47630 393 419 87 4 341 58 1 138 901 9 2 11 6 0 
47653 396 386 90 5 344 54 2 150 898 6 4 6 6 0 
47686 359 423 76 0 351 54 3 160 861 11 3 9 4 0 
47601 380 436 82 6 349 55 4 130 935 11 1 5 5 0 
47734 392 395 108 2 307 58 3 142 841 9 0 2 7 0 
47603 377 444 89 1 362 72 1 131 899 7 4 8 2 0 
47671 372 410 103 0 351 60 6 137 866 6 6 9 3 0 
47669 385 412 86 3 368 45 2 146 868 8 0 5 3 0 
47688 376 443 95 4 328 48 2 129 864 8 2 4 9 0 
47650 406 399 93 5 341 69 3 134 878 5 5 10 2 0 
47735 339 415 75 2 325 44 4 137 909 6 1 2 6 0 
47671 350 412 95 4 327 57 0 137 925 4 0 9 9 0 
47723 354 419 88 2 321 47 4 151 867 12 1 5 6 0 
47704 381 390 80 4 361 55 0 135 873 8 1 5 3 0 
47658 387 400 94 2 345 52 2 145 895 6 1 10 3 0 
47616 402 422 83 4 317 54 1 149 938 9 1 4 0 0 
47689 382 433 88 4 332 44 3 134 873 7 3 5 3 0 
47636 370 410 113 4 341 35 1 160 908 9 3 6 4 0 
47610 405 399 96 4 346 56 1 162 903 2 4 4 8 0 
47688 372 411 93 5 338 63 3 152 859 8 2 4 2 0 
47620 392 445 83 6 343 56 2 153 880 4 2 5 9 0 
47633 420 451 92 3 353 57 2 111 851 10 1 10 6 0 
47667 376 430 96 3 341 54 2 131 877 4 5 8 6 0 
47731 375 416 85 3 372 54 0 129 816 6 0 6 7 0 
47724 370 400 91 0 313 56 2 133 885 7 7 6 6 0 
47720 344 434 99 0 330 52 6 115 875 5 2 12 6 0 
47665 369 407 106 1 338 53 1 138 891 10 4 7 10 0 
47726 327 408 87 5 348 53 2 135 887 7 1 6 7 1 
47659 397 429 98 3 323 57 2 134 872 4 2 15 5 0 
47657 425 419 99 7 331 46 3 133 861 7 3 3 6 0 
47653 392 436 85 2 347 58 2 134 871 7 3 2 8 0 
47728 377 431 94 4 328 50 3 130 838 7 3 4 3 0 
47596 386 436 68 4 361 65 2 150 907 10 6 5 4 0 
47671 381 454 97 3 308 49 1 125 882 9 5 9 6 0 
47664 388 399 84 6 354 63 4 156 862 3 5 7 5 0 
47660 366 403 91 7 326 60 1 148 911 6 5 8 8 0 
47759 364 400 90 2 364 53 2 127 820 9 6 1 3 0 
47665 386 405 84 3 346 60 2 121 901 13 3 6 5 0 
47727 398 420 96 0 320 53 3 119 840 9 3 6 6 0 
47674 358 397 95 3 363 55 3 128 902 9 3 3 7 0 
47657 369 389 98 4 364 61 5 139 885 10 8 6 5 0 
47651 376 406 88 5 324 79 1 132 922 7 1 6 2 0 
47676 369 425 80 2 325 63 2 151 887 6 6 6 2 0 
47665 390 424 94 2 347 42 0 123 891 4 2 8 8 0 
47826 362 370 88 1 325 62 1 123 831 5 0 4 2 0 
47671 383 432 85 1 331 57 0 139 882 8 2 2 7 0 
47733 375 399 79 3 329 63 3 130 863 8 4 3 8 0 
47672 410 394 86 5 354 50 4 161 840 5 2 8 9 0 
47622 369 440 93 5 347 70 0 152 877 7 2 11 5 0 
47748 365 400 84 3 338 43 2 126 872 6 3 4 6 0 
47697 388 407 92 2 342 48 4 141 854 6 5 9 5 0 
47621 397 420 83 5 353 64 4 141 893 7 2 5 5 0 
47668 387 409 84 3 352 56 1 140 879 6 3 7 5 0 
47660 383 439 94 6 336 42 1 126 894 4 4 4 7 0 
47590 358 420 111 1 375 67 3 139 907 9 5 3 12 0 
47655 394 403 99 5 333 61 3 123 897 7 2 8 10 0 
47684 377 425 96 5 321 61 2 148 856 7 5 6 7 0 
47671 409 383 99 3 340 57 7 147 869 4 4 4 3 0 
47648 386 425 100 3 309 55 1 148 903 10 2 6 4 0 
47690 342 392 88 4 348 50 2 139 921 7 4 6 7 0 
47694 374 418 87 0 332 51 3 136 881 6 5 8 5 0 
47747 381 409 85 4 306 57 5 126 853 2 6 10 9 0 
47742 388 413 83 5 337 58 3 112 835 10 1 4 9 0 
47622 370 419 106 4 340 58 1 138 917 8 4 5 8 0 
47699 386 440 97 2 353 60 0 125 814 9 2 8 5 0 
47589 393 438 106 2 334 71 1 135 912 8 1 6 4 0 
47659 374 409 80 3 338 57 2 143 910 9 2 5 9 0 
47622 371 422 87 7 334 64 2 137 923 9 5 8 9 0 
47723 358 417 87 4 318 51 3 126 880 9 3 12 9 0 
47690 379 413 103 3 362 48 3 141 840 4 2 7 5 0 
47665 378 421 99 2 338 52 0 144 882 7 1 3 8 0 
47662 404 443 93 9 356 52 2 123 837 5 2 7 5 0 
47655 389 416 87 5 349 57 5 150 861 9 2 4 11 0 
47710 365 421 82 5 334 53 4 138 862 5 5 6 10 0 
47718 381 405 98 1 325 58 2 131 859 5 5 9 2 1 
47702 375 416 86 3 329 58 3 139 874 4 3 3 5 0 
47727 334 433 97 4 321 58 3 151 844 6 8 8 6 0 
47748 360 411 86 7 343 67 2 112 830 12 3 8 11 0 
47663 385 433 85 4 346 51 2 142 872 6 3 3 5 0 
47715 369 393 94 4 331 51 0 125 892 6 5 8 6 1 
47656 355 448 85 4 320 55 0 156 904 2 5 6 4 0 
47697 377 401 86 4 361 66 5 116 858 10 1 10 8 0 
47666 385 420 87 3 333 44 2 137 906 5 4 6 2 0 
47596 373 470 99 3 336 76 3 148 876 7 2 8 3 0 
47692 412 398 118 3 315 53 2 130 855 8 3 5 6 0 
47696 391 409 82 3 328 58 1 127 885 6 2 8 4 0 
47682 360 395 89 2 356 46 4 162 887 4 2 6 5 0 
47654 370 442 81 6 332 60 2 141 886 12 1 6 7 0 
47710 396 412 90 2 311 69 0 132 858 7 3 6 4 0 
47696 376 401 75 0 332 53 2 154 892 9 2 4 4 0 
47700 380 376 98 1 328 59 6 140 895 4 3 5 5 0 
47681 412 415 84 2 329 65 2 149 839 11 3 4 4 0 
47632 391 383 94 3 342 61 2 165 905 8 0 7 7 0 
47692 365 437 73 1 339 42 4 168 860 4 3 2 10 0 
47739 369 390 96 0 309 54 3 144 876 4 2 6 8 0 
47682 375 434 93 4 326 55 4 126 874 7 3 11 6 0 
47676 383 401 79 4 350 49 3 139 896 5 2 6 7 0 
47657 381 425 93 1 323 51 3 124 914 10 7 4 7 0 
47682 361 418 97 4 334 56 4 133 891 6 6 5 3 0 
47631 357 425 88 5 327 61 3 135 942 11 4 6 5 0 
47655 384 411 81 3 364 60 6 138 875 9 3 6 5 0 
47638 401 403 77 3 343 57 0 133 932 5 2 2 4 0 
47666 379 386 94 2 352 73 1 130 884 11 9 6 6 1 
47689 365 427 99 5 310 53 0 132 896 9 4 6 5 0 
47739 366 419 72 3 326 60 2 112 884 5 6 2 4 0 
47661 407 410 78 5 345 52 0 144 871 9 8 6 4 0 
47697 390 400 93 4 358 52 2 134 851 10 1 5 3 0 
47756 365 414 85 1 292 64 1 132 867 5 3 6 9 0 
47696 416 406 92 3 340 65 1 124 837 5 2 8 5 0 
47581 397 432 89 4 350 68 7 134 921 5 2 5 5 0 
47647 367 437 90 2 325 60 5 141 895 10 3 9 9 0 
47759 403 386 94 4 337 60 3 105 826 6 6 9 2 0 
47658 423 421 86 3 335 62 2 118 873 4 3 6 5 1 
47734 365 414 91 5 314 50 2 139 870 4 5 4 3 0 
47753 380 435 92 3 318 52 1 137 804 6 2 6 11 0 
47704 371 364 84 2 354 65 0 147 886 9 1 7 6 0 
47681 378 378 101 2 346 56 1 149 887 7 3 6 5 0 
47669 377 425 100 6 335 58 2 136 871 3 4 9 5 0 
47715 392 390 86 3 315 51 4 132 891 6 4 5 6 0 
47642 425 348 86 3 329 66 0 142 940 10 5 3 1 0 
47557 374 462 99 2 334 64 3 137 936 8 9 7 7 1 
47652 391 430 95 2 352 57 3 127 871 7 3 4 6 0 
47662 371 387 115 4 372 58 2 128 880 4 4 6 7 0 
47686 387 397 93 1 332 56 4 131 893 5 4 8 3 0 
47748 391 419 90 2 316 62 1 139 810 9 0 4 9 0 
47692 361 428 102 1 345 57 3 119 861 8 3 12 8 0 
47648 374 408 99 3 327 69 2 142 916 6 3 2 1 0 
47689 385 418 89 0 326 57 6 148 860 7 7 6 1 1 
47680 363 423 98 4 358 60 4 111 868 12 4 8 7 0 
47670 392 438 79 4 333 68 4 113 874 2 6 9 8 0 
47757 381 423 122 2 327 49 1 132 785 2 3 7 9 0 
47625 390 429 100 1 341 48 2 148 891 6 1 6 12 0 
47645 399 425 77 7 341 54 3 143 886 8 4 6 2 0 
47719 342 399 91 2 338 53 3 110 921 9 4 5 4 0 
47608 391 410 98 3 332 63 2 146 924 8 3 6 6 0 
47577 409 433 87 0 345 63 2 134 930 7 2 7 4 0 
47715 370 453 85 3 311 47 0 131 858 12 4 5 6 0 
47655 400 423 100 2 308 54 2 129 907 9 0 7 4 0 
47717 402 395 92 3 337 44 1 155 839 5 3 6 1 0 
47722 355 400 90 4 336 52 5 133 883 4 2 8 6 0 
47713 380 408 78 2 346 53 1 139 859 12 1 5 3 0 
47694 362 409 91 1 324 61 2 121 905 10 2 12 6 0 
47595 400 438 97 9 364 61 2 123 888 8 4 5 6 0 
47689 384 437 88 4 335 47 1 148 849 3 1 8 6 0 
47652 387 400 97 2 334 52 1 165 883 7 5 8 7 0 
47629 366 422 93 5 329 49 3 179 892 8 5 8 12 0 
47667 378 443 96 4 316 60 2 127 893 4 0 4 6 0 
47675 364 433 100 6 352 55 1 145 842 7 4 10 6 0 
47638 406 395 97 2 309 64 1 140 929 7 5 2 5 0 
47646 370 436 86 4 341 64 4 137 886 10 2 4 10 0 
47695 389 391 90 0 309 58 5 149 890 10 4 2 7 1 
47727 384 374 92 1 320 50 2 151 884 4 1 4 6 0 
47644 405 431 97 2 327 44 2 140 883 9 6 5 5 0 
47712 389 405 92 4 327 46 0 141 861 5 2 8 8 0 
47663 390 430 107 4 324 75 4 143 840 2 7 6 5 0 
47789 410 389 74 2 334 40 2 124 810 9 5 8 4 0 
47664 388 460 90 4 326 52 2 149 842 6 2 9 6 0 
47679 381 408 84 1 322 73 3 156 871 6 2 5 9 0 
47697 377 436 78 1 356 60 1 133 845 7 2 2 5 0 
47624 401 436 85 2 350 73 0 122 881 7 5 7 7 0 
47766 354 397 99 0 315 57 2 123 865 12 3 3 4 0 
47703 376 416 87 2 316 52 3 145 879 6 6 6 3 0 
47727 356 408 98 5 347 51 3 150 831 11 2 8 3 0 
47727 367 432 97 2 323 41 2 135 856 3 2 7 6 0 
47680 416 400 84 2 342 55 1 127 871 10 3 5 4 0 
47769 352 401 75 4 305 59 0 128 885 4 10 3 5 0 
47749 354 379 87 0 357 60 4 126 861 10 5 2 5 1 
47653 404 402 86 3 310 45 3 154 918 6 5 6 5 0 
47684 364 409 92 1 357 51 4 148 870 9 3 2 6 0 
47695 366 424 88 1 361 49 1 142 850 5 7 6 5 0 
47729 389 400 95 4 310 59 2 129 864 3 2 6 8 0 
47634 398 393 93 3 350 64 0 141 904 8 4 5 3 0 
47678 380 407 88 6 330 46 0 162 884 7 1 5 6 0 
47679 380 400 92 4 331 54 1 172 868 7 3 5 4 0 
47607 383 454 90 5 366 59 1 143 863 7 2 8 12 0 
47683 358 387 82 1 354 63 3 154 894 9 3 2 7 0 
47636 379 450 98 5 348 49 1 135 873 12 2 7 5 0 
47700 379 393 92 4 334 61 2 146 866 2 4 10 7 0 
47626 386 427 82 5 364 53 0 151 885 5 3 7 6 0 
47712 359 431 99 3 349 57 0 121 849 7 4 6 3 0 
47663 377 442 82 7 340 53 2 147 871 4 1 7 4 0 
47684 359 432 82 5 335 51 2 128 902 8 3 4 5 0 
47676 390 429 78 4 331 52 2 156 866 6 2 6 2 0 
47806 370 383 75 1 320 55 1 137 831 4 3 9 5 0 
47674 371 409 105 2 341 40 0 133 902 2 5 9 6 1 
47660 399 392 96 5 346 52 1 136 891 8 3 7 4 0 
47694 390 393 79 4 373 64 1 138 846 6 4 3 5 0 
47751 422 401 80 3 318 55 0 122 824 6 3 10 5 0 
47727 372 391 95 3 340 55 2 129 856 9 4 6 11 0 
47707 333 426 101 4 322 70 4 153 853 15 2 4 6 0 
47666 367 439 101 2 303 52 1 147 899 8 3 7 5 0 
47665 409 396 91 2 314 54 3 149 900 2 5 5 5 0 
47614 379 434 83 6 388 50 1 127 899 7 1 6 5 0 
47731 350 426 82 4 339 58 0 133 862 3 4 5 3 0 
47650 417 383 83 4 357 60 1 137 885 3 4 9 7 0 
47636 405 433 87 3 318 66 3 150 879 5 5 5 5 0 
47743 385 420 82 4 337 52 2 131 825 9 2 6 2 0 
47706 384 415 84 4 350 55 2 158 822 10 5 2 3 0 
47635 388 451 100 2 359 46 1 123 874 9 2 4 6 0 
47689 374 408 127 3 308 58 0 141 869 9 4 5 5 0 
47667 384 424 82 2 363 47 5 123 881 9 1 8 4 0 
47629 392 402 102 8 373 70 1 130 866 8 3 11 4 1 
47744 361 412 93 0 345 57 0 128 836 11 6 6 1 0 
47599 385 424 81 1 356 56 2 132 941 7 3 8 5 0 
47597 401 464 101 2 352 68 1 143 850 9 4 6 2 0 
47712 382 391 101 2 315 52 2 134 891 4 4 8 2 0 
47651 373 412 87 7 332 56 4 137 918 6 5 6 6 0 
47587 414 415 99 2 363 59 2 115 927 3 2 3 9 0 
47682 386 418 89 2 348 64 0 127 859 5 6 7 7 0 
47653 392 412 84 3 341 59 1 121 912 10 2 7 3 0 
47674 358 409 110 2 342 58 4 155 872 3 5 5 3 0 
47691 370 410 95 2 345 60 2 142 856 11 3 5 8 0 
47641 394 411 80 3 365 53 2 144 884 3 7 6 7 0 
47617 380 429 86 0 340 59 2 146 915 8 1 11 6 0 
47596 425 419 101 2 354 62 5 120 898 5 2 6 5 0 
47727 363 437 85 0 312 62 1 134 848 14 4 8 4 1 
47662 400 424 97 7 332 52 3 139 861 8 4 7 4 0 
47723 365 389 89 4 345 55 4 142 857 4 5 7 11 0 
47736 345 404 102 3 297 56 3 127 912 7 0 2 6 0 
47707 370 452 93 6 342 67 0 140 799 8 4 6 6 0 
47627 364 441 92 5 336 50 1 140 923 11 2 5 3 0 
47632 399 385 92 0 389 68 2 141 865 8 5 6 8 0 
47633 393 419 88 0 329 71 3 132 910 8 2 4 8 0 
47677 383 413 85 3 355 54 2 156 855 6 4 4 3 0 
47685 397 429 87 4 320 66 2 126 860 9 1 4 10 0 
47733 374 437 73 1 334 62 1 123 838 11 2 5 6 0 
47734 361 426 95 5 308 61 1 140 846 5 4 8 6 0 
47668 400 399 90 2 348 51 5 130 886 6 4 7 4 0 
47712 375 416 107 1 299 68 1 120 877 7 7 4 6 0 
47618 389 404 96 0 351 60 1 145 912 8 3 8 5 0 
47668 401 436 89 3 331 47 3 139 861 10 1 5 6 0 
47729 386 383 93 3 346 50 1 127 861 7 2 3 9 0 
47714 374 418 86 5 335 66 6 131 842 7 4 5 7 0 
47764 346 426 88 5 322 60 2 133 840 4 2 5 3 0 
47739 358 441 96 2 333 56 4 131 821 6 4 5 4 0 
47671 348 421 90 3 362 63 2 139 867 9 5 14 6 0 
47707 385 442 85 3 334 50 5 125 849 4 4 4 3 0 
47702 393 378 78 1 370 65 3 130 858 12 1 3 6 0 
47674 339 468 96 2 301 53 3 145 905 6 1 1 5 1 
47753 377 369 88 4 326 51 1 140 870 8 1 6 6 0 
47713 370 404 75 2 336 50 0 125 896 11 5 8 5 0 
47666 368 411 76 3 349 50 1 143 916 7 4 3 3 0 
47671 375 455 90 0 319 59 2 134 868 6 5 7 9 0 
47667 365 398 74 3 337 54 2 134 944 10 3 5 4 0 
47639 389 422 107 4 312 61 1 138 904 7 2 10 4 0 
47697 381 417 92 3 339 57 4 138 848 8 5 6 5 0 
47681 404 427 70 2 346 56 1 146 838 6 4 10 9 0 
47574 393 427 89 5 335 68 2 139 939 8 9 7 5 0 
47730 393 375 104 7 329 57 2 122 849 14 5 6 7 0 
47632 391 448 108 2 348 73 2 111 860 5 1 7 12 0 
47648 350 429 108 6 356 47 2 130 898 11 3 7 5 0 
47679 359 419 93 4 329 50 1 130 915 8 3 7 3 0 
47678 396 402 80 3 341 53 1 137 884 8 3 4 10 0 
47773 379 382 75 4 355 59 2 132 825 3 1 3 7 0 
47663 395 399 95 1 337 51 3 111 928 8 1 3 5 0 
47746 353 414 80 5 325 74 1 126 858 6 3 5 4 0 
47717 350 444 76 1 320 54 1 137 876 8 7 4 5 0 
47695 381 380 98 0 326 60 0 137 911 4 4 2 2 0 
47719 374 403 81 4 325 47 5 130 884 7 3 12 6 0 
47694 369 414 102 1 326 48 2 143 883 6 3 4 5 0 
47727 410 447 85 3 303 45 0 116 851 6 1 4 2 0 
47685 368 400 101 3 339 60 4 142 875 10 0 6 7 0 
47702 364 422 98 1 331 46 3 136 872 12 5 5 3 0 
47680 385 420 102 7 339 52 4 118 871 4 1 10 7 0 
47612 416 424 92 2 337 49 2 154 896 10 1 2 3 0 
47704 372 420 92 4 352 53 2 118 862 5 2 5 9 0 
47655 419 419 83 3 347 53 1 137 861 2 3 9 8 0 
47676 378 442 111 3 344 56 2 145 823 6 4 6 4 0 
47691 380 426 106 3 336 56 2 134 852 5 6 0 3 0 
47677 411 403 85 5 339 56 0 136 872 10 2 2 2 0 
47626 429 438 84 1 347 54 5 135 856 7 4 7 7 0 
47763 358 401 84 4 320 63 4 131 849 6 4 6 7 0 
47659 389 380 72 1 355 46 2 141 920 7 6 17 5 0 
47782 333 395 86 5 326 55 5 137 856 5 0 8 7 0 
47666 381 422 97 1 337 54 3 128 888 4 7 5 7 0 
47650 386 410 94 4 343 80 4 143 862 9 5 5 5 0 
47659 407 429 69 2 315 54 2 139 897 10 3 6 8 0 
47706 400 396 90 1 328 60 3 137 858 6 3 10 2 0 
47761 379 395 95 2 329 52 1 132 834 6 2 6 6 0 
47670 350 417 89 5 358 52 2 157 884 5 3 6 2 0 
47684 329 421 105 6 315 49 4 153 907 9 5 4 9 0 
47599 370 420 103 5 333 62 2 142 941 5 3 8 7 0 
47641 420 404 87 2 320 62 1 144 901 5 3 2 8 0 
47635 389 418 93 6 354 47 1 121 914 5 3 6 8 0 
47704 383 399 98 4 353 61 3 141 829 8 3 7 7 0 
47689 365 438 96 4 309 53 2 147 869 8 3 9 8 0 
47668 361 437 90 2 352 79 0 128 854 7 4 5 13 0 
47678 377 430 96 4 340 51 3 124 886 3 3 4 1 0 
47694 371 428 95 2 324 55 4 143 866 5 3 3 7 0 
47641 367 434 92 2 351 58 0 163 874 6 1 5 6 0 
47654 363 449 103 2 333 51 3 141 877 5 4 8 7 0 
47599 379 439 104 5 354 66 1 111 917 11 3 4 7 0 
47629 400 418 96 4 324 57 1 137 910 3 4 10 7 0 
47807 341 420 93 3 313 44 3 137 824 5 2 4 4 0 
47726 396 398 83 2 323 52 3 117 882 8 0 5 5 0 
47640 389 418 95 2 340 60 4 141 883 13 3 6 6 0 
47630 382 405 103 1 334 59 2 155 903 8 1 9 8 0 
47704 385 411 81 3 344 59 1 139 847 10 2 9 4 1 
47692 353 442 86 1 328 56 1 156 862 11 3 4 5 0 
47689 382 418 77 4 366 46 1 115 886 6 0 4 6 0 
47685 407 412 97 5 320 49 1 136 870 8 3 2 5 0 
47706 376 402 89 2 314 50 3 146 890 6 2 7 7 0 
47771 390 376 97 2 292 75 5 132 842 4 5 3 6 0 
47688 371 448 80 7 312 57 3 136 874 7 5 7 5 0 
47629 378 414 104 1 333 57 4 149 900 8 6 6 11 0 
47579 382 444 90 2 332 41 2 164 932 10 4 9 8 1 
47746 380 400 75 2 316 49 1 132 875 9 2 7 6 0 
47744 377 404 88 2 335 65 2 128 830 6 5 11 3 0 
47637 403 415 97 5 318 43 0 148 924 2 1 3 4 0 
47752 368 397 86 3 317 50 0 151 859 5 0 5 7 0 
47727 366 441 60 0 304 59 0 129 890 2 6 8 8 0 
47671 370 415 93 3 344 51 3 138 890 6 3 7 6 0 
47582 395 416 88 2 357 62 0 144 933 5 1 6 9 0 
47695 366 384 84 8 340 55 4 160 885 8 3 5 3 0 
47631 431 424 89 4 351 57 3 129 853 7 2 7 12 0 
47633 404 408 96 4 340 58 2 159 872 10 3 7 4 0 
47642 424 378 79 2 345 51 2 169 884 9 3 5 7 0 
47713 387 403 106 2 302 61 2 141 865 5 1 7 5 0 
47600 413 420 87 2 366 61 3 128 903 6 2 2 7 0 
47588 394 434 104 1 353 54 0 133 916 9 1 8 5 0 
47772 380 386 84 5 304 62 2 148 835 4 1 10 6 1 
47700 387 382 94 5 329 72 5 132 869 1 6 9 9 0 
47657 388 440 107 3 326 42 2 157 860 6 3 5 4 0 
47670 372 397 93 4 323 64 4 143 903 9 5 7 6 0 
47643 394 410 91 7 328 64 5 150 884 8 2 6 8 0 
47675 399 410 81 4 360 58 2 130 858 9 1 9 4 0 
47665 366 429 95 7 316 64 1 142 888 8 3 6 10 0 
47628 420 423 75 5 335 71 2 148 864 14 4 9 2 0 
47695 387 394 86 5 311 41 4 147 909 14 1 3 3 0 
47771 358 377 89 6 334 66 2 124 851 8 1 6 7 0 
47740 362 390 95 2 315 60 1 134 882 10 3 5 1 0 
47682 368 391 85 4 362 67 1 146 880 6 0 4 4 0 
47563 409 429 99 2 366 63 5 125 912 9 5 6 7 0 
47605 415 415 118 5 349 62 1 153 860 5 1 7 4 0 
47701 364 403 96 5 334 58 3 141 871 10 2 7 5 0 
47673 396 423 89 2 337 58 2 150 850 6 7 6 1 0 
47700 373 418 98 2 305 59 3 139 875 6 5 8 9 0 
47694 394 416 73 8 314 69 4 120 893 4 4 4 3 0 
47657 401 421 87 4 333 64 2 151 857 8 5 8 2 0 
47697 397 432 89 4 303 80 0 143 842 3 4 4 2 0 
47636 400 431 92 5 335 49 3 119 903 12 2 9 4 0 
47694 348 412 94 1 353 45 4 142 883 7 3 9 5 0 
47627 397 431 102 2 316 53 3 144 903 5 3 10 4 0 
47697 389 411 90 2 338 41 3 156 850 6 3 8 6 0 
47648 380 444 89 0 321 52 2 132 910 5 6 7 4 0 
47720 382 435 96 2 338 52 3 144 811 5 2 3 7 0 
47664 370 409 88 3 355 66 1 134 883 10 3 8 6 0 
47738 374 402 94 2 329 49 4 150 836 10 3 4 5 0 
47720 373 408 91 1 335 49 6 128 870 7 4 4 4 0 
47756 388 368 91 2 310 59 3 125 872 5 2 12 7 0 
47751 360 413 83 3 306 63 1 146 857 7 0 6 4 0 
47616 411 427 76 2 337 53 4 131 910 11 4 14 4 0 
47701 370 393 91 3 348 52 3 144 876 9 2 1 7 0 
47703 396 393 81 3 338 56 3 141 870 5 6 2 3 0 
47685 370 402 83 3 329 59 1 147 901 5 4 4 7 0 
47712 371 444 87 3 319 46 4 107 879 13 2 7 6 0 
47680 375 430 100 2 340 64 0 129 852 4 5 8 11 0 
47719 394 423 82 4 324 63 2 130 837 6 3 3 10 0 
47605 385 426 86 6 348 59 2 142 924 7 3 3 4 0 
47670 362 422 87 4 334 60 0 133 912 5 1 7 3 0 
47735 367 419 99 2 303 49 0 114 889 7 4 8 4 0 
47636 370 434 96 2 340 60 2 154 882 11 2 5 6 0 
47578 407 421 93 0 339 48 0 128 954 11 6 7 8 0 
47672 371 427 93 3 322 59 3 152 874 5 3 10 6 0 
47587 429 492 99 4 320 51 3 124 866 7 2 6 10 0 
47711 385 428 85 1 307 53 3 127 877 8 1 11 3 0 
47646 404 404 96 2 334 52 4 130 906 5 3 9 5 0 
47692 368 432 81 2 353 46 1 145 853 9 6 5 7 0 
47702 380 400 75 1 338 50 2 142 878 10 7 5 10 0 
47722 373 404 93 6 315 58 2 143 858 5 1 8 12 0 
47729 346 423 97 3 342 56 3 136 843 10 2 4 6 0 
47674 372 415 90 5 319 60 4 131 916 5 1 2 6 0 
47711 357 403 71 1 329 56 5 158 880 13 4 7 5 0 
47741 346 415 94 5 337 51 1 128 859 7 1 9 6 0 
47701 395 421 76 3 333 45 1 125 879 9 1 6 5 0 
47684 361 405 88 5 347 48 4 134 901 6 4 6 7 0 
47637 380 446 89 3 361 58 2 134 872 8 4 3 3 0 
47669 415 462 89 5 304 59 2 129 848 9 2 5 2 0 
47652 381 420 93 2 337 50 5 136 896 8 2 7 11 0 
47670 407 375 88 5 331 49 3 149 904 5 4 2 8 0 
47657 361 393 96 2 325 63 1 143 933 5 7 9 4 1 
47739 354 395 117 6 338 53 1 126 839 11 5 8 8 0 
47649 369 405 89 4 336 68 5 142 913 7 2 5 6 0 
47733 355 409 75 2 331 54 2 163 848 8 4 9 7 0 
47691 410 428 107 1 306 60 1 144 827 8 4 6 7 0 
47671 364 453 79 1 325 53 3 120 902 8 8 6 7 0 
47747 357 403 87 3 347 52 0 129 854 8 2 7 4 0 
47687 357 430 94 6 329 65 2 110 904 5 2 5 4 0 
47716 368 372 89 3 344 59 2 132 895 7 3 5 5 0 
47666 360 423 106 3 346 56 2 141 871 13 2 5 6 0 
47586 392 463 92 2 354 50 2 160 883 5 1 5 5 0 
47606 342 462 105 2 322 59 1 144 930 10 6 2 9 0 
47662 374 412 89 3 331 60 2 128 916 5 1 10 7 0 
47647 386 413 71 3 349 62 2 133 915 5 3 3 8 0 
47704 401 401 82 5 331 59 4 128 862 5 3 9 6 0 
47640 366 474 92 3 346 52 1 127 878 6 3 8 4 0 
47713 354 462 101 5 311 50 4 131 848 6 1 9 5 0 
47655 387 432 105 3 317 55 5 132 884 8 0 7 10 0 
47581 387 440 104 4 366 48 4 124 921 8 3 6 4 0 
47741 374 428 79 2 335 59 2 142 813 10 5 5 5 0 
47703 373 413 90 1 357 59 3 131 847 10 2 5 6 0 
47647 412 413 81 2 336 56 1 144 877 10 4 10 7 0 
47693 349 450 85 6 319 55 2 133 876 12 5 7 8 0 
47637 401 436 78 3 313 55 1 149 907 6 2 7 5 0 
47776 357 416 75 2 327 49 1 130 846 5 4 6 6 0 
47638 405 424 88 0 363 68 2 142 841 13 0 7 9 0 
47754 396 375 83 4 286 57 1 141 882 9 2 5 5 0 
47638 372 443 97 3 350 59 3 139 878 6 1 7 4 0 
47679 369 411 96 2 339 69 2 162 857 3 1 1 9 0 
47659 395 418 87 3 335 59 0 145 881 3 0 6 9 0 
47692 362 412 98 4 328 64 4 118 901 8 2 6 1 0 
47648 403 429 89 1 327 49 2 135 901 5 3 3 4 1 
47590 387 406 88 5 353 69 5 148 932 6 6 1 4 0 
47728 402 409 76 0 341 60 4 137 821 7 6 3 6 0 
47586 389 462 94 4 376 64 2 137 857 7 6 9 7 0 
47627 399 460 80 9 327 57 0 148 874 2 3 8 6 0 
47660 394 423 83 3 340 68 0 165 848 6 4 2 4 0 
47708 405 400 89 3 313 58 2 149 861 3 1 4 4 0 
47725 390 377 91 1 325 44 1 142 884 2 4 10 4 0 
47695 382 400 106 4 320 73 2 138 860 7 2 5 6 0 
47680 386 398 85 0 349 64 2 122 894 4 5 7 4 0 
47702 383 397 100 2 333 53 3 153 852 5 4 7 6 0 
47658 426 398 97 5 309 51 2 135 900 6 2 5 6 0 
47720 366 434 84 2 325 50 3 152 843 6 1 9 5 0 
47788 354 401 78 4 339 41 3 163 802 7 4 8 8 0 
47722 372 381 59 4 368 51 2 133 892 5 1 3 7 0 
47622 421 442 76 2 344 53 3 122 896 8 5 1 5 0 
47670 390 413 108 2 354 58 1 142 839 8 3 4 8 0 
47665 392 397 98 4 336 60 4 125 898 10 4 2 5 0 
47656 404 418 102 2 328 51 2 117 905 6 2 6 1 0 
47697 369 425 82 2 346 55 2 134 871 5 4 5 3 0 
47792 374 428 90 4 277 55 0 118 839 14 1 5 3 0 
47695 398 408 89 2 329 54 3 124 876 6 4 2 10 0 
47703 388 424 95 3 308 57 3 162 840 6 3 4 4 0 
47696 361 429 92 4 338 53 4 142 862 4 2 7 6 0 
47719 410 402 88 3 336 59 0 141 824 6 3 5 4 0 
47685 398 372 93 1 353 56 1 141 877 4 6 3 10 0 
47601 410 427 84 1 336 59 4 139 912 7 5 8 6 1 
47725 391 424 81 2 322 38 1 131 857 6 9 9 4 0 
47653 382 403 90 4 362 66 1 135 877 13 4 6 4 0 
47634 412 441 101 2 321 47 3 135 886 7 3 7 1 0 
47706 387 416 102 3 325 58 4 154 821 8 5 6 5 0 
47704 374 407 81 4 349 60 0 122 867 11 3 9 9 0 
47727 362 432 92 2 354 53 3 134 825 5 1 4 6 0 
47691 373 406 104 1 336 51 2 130 883 5 4 10 4 0 
47552 396 452 102 1 328 44 0 155 949 7 3 3 8 0 
47661 385 391 82 3 350 53 4 135 913 8 2 8 5 0 
47679 388 418 96 2 312 57 1 149 881 7 1 5 4 0 
47723 373 432 84 2 313 62 1 126 866 4 2 7 5 0 
47799 395 399 67 2 298 51 2 118 851 4 3 7 4 0 
47653 372 408 95 5 361 49 4 162 876 3 1 7 4 0 
