47674 391 424 65 6 328 63 3 165 857 7 3 8 6 0 
47752 414 394 54 4 324 58 1 161 817 7 4 6 4 0 
47643 410 445 67 6 311 50 1 166 871 13 2 6 9 0 
47625 413 407 68 5 322 60 2 185 883 8 5 10 7 0 
47606 406 424 71 5 309 69 2 171 908 11 2 8 8 0 
47720 425 426 90 0 316 44 1 135 820 8 3 5 7 0 
47687 416 400 74 1 323 55 3 168 845 12 3 6 7 0 
47704 378 402 53 1 320 61 0 164 892 8 4 9 4 0 
47766 377 393 68 5 285 60 2 176 840 11 4 6 7 0 
47730 407 390 71 3 287 54 4 137 899 5 4 5 4 0 
47713 385 420 78 5 309 52 5 181 831 8 5 5 3 0 
47680 373 427 66 1 311 61 1 145 911 7 1 11 5 0 
47727 405 394 68 4 316 55 4 165 834 8 3 9 8 0 
47628 402 405 81 2 310 54 2 165 931 12 3 5 0 0 
47611 399 426 63 2 345 60 2 182 889 10 2 5 4 0 
47603 394 461 64 2 307 63 1 178 906 9 3 2 7 0 
47617 408 431 71 6 313 62 1 167 902 5 3 9 5 0 
47654 409 443 62 4 332 54 0 166 848 11 5 6 6 0 
47708 399 414 67 3 287 54 5 158 882 7 4 5 7 0 
47649 393 427 69 5 325 55 1 133 918 8 5 6 6 0 
47635 448 415 69 2 312 71 2 160 860 5 5 7 9 0 
47677 395 458 65 4 306 57 2 175 844 6 3 6 2 0 
47683 399 438 74 3 272 62 2 175 871 6 6 6 3 0 
47630 411 439 79 5 299 62 2 136 911 8 4 6 8 0 
47760 412 401 58 1 295 54 3 152 847 8 4 4 1 0 
47596 458 423 64 5 319 55 5 166 882 12 5 7 3 0 
47598 400 430 72 3 327 60 1 188 896 7 7 8 3 0 
47687 384 414 75 3 337 62 3 166 851 5 2 6 5 0 
47636 433 413 72 4 306 52 4 184 869 13 2 7 5 0 
47694 400 396 70 3 298 61 0 156 896 11 4 5 6 0 
47595 428 421 72 4 339 61 2 156 904 7 2 4 5 0 
47676 395 386 76 6 313 71 2 172 883 4 5 5 6 0 
47666 434 411 78 0 312 51 1 160 862 10 4 7 4 0 
47720 388 408 62 7 317 44 2 170 861 7 2 9 3 0 
47647 417 416 73 3 337 55 4 161 870 8 3 5 1 0 
47728 377 403 71 8 303 62 2 169 850 9 4 5 9 0 
47760 367 418 70 2 296 55 3 150 855 9 4 5 6 0 
47735 426 387 63 5 296 57 0 155 852 9 4 6 4 1 
47777 381 372 70 1 323 41 2 168 842 8 3 5 7 0 
47622 423 426 82 4 324 65 2 182 849 7 4 6 4 0 
47694 408 407 75 3 296 57 3 176 865 4 4 4 4 0 
47709 370 434 75 7 290 66 4 175 853 3 6 3 5 0 
47671 437 418 78 2 301 43 2 160 869 6 4 6 3 0 
47636 399 408 74 5 309 62 0 181 906 6 4 3 7 0 
47636 398 434 69 3 316 51 0 146 923 6 2 12 4 0 
47666 414 390 57 2 334 46 3 154 909 10 2 8 5 0 
47653 396 427 74 5 319 48 3 177 879 7 3 6 3 0 
47728 336 411 73 7 310 52 4 148 912 3 5 7 4 0 
47743 402 438 48 2 303 54 2 150 829 5 4 9 11 0 
47617 463 463 68 1 291 55 2 155 861 5 7 7 5 0 
47662 446 431 71 1 293 55 2 159 861 6 4 6 3 0 
47695 429 394 79 3 292 58 4 156 875 3 4 2 6 0 
47672 441 406 63 2 308 51 4 140 889 8 6 7 3 0 
47656 428 419 73 1 323 62 0 140 871 13 1 9 4 0 
47643 434 410 76 3 307 54 0 158 889 10 3 8 5 0 
47666 389 450 65 4 309 56 1 154 887 3 1 9 6 0 
47604 407 428 87 5 339 60 0 160 890 6 6 5 3 0 
47705 395 413 59 1 296 62 2 141 908 6 5 6 1 0 
47657 403 437 69 5 297 62 3 167 874 8 5 5 7 1 
47687 367 425 86 4 313 53 5 165 880 7 1 6 1 0 
47660 364 399 83 2 321 47 2 129 966 11 4 6 6 0 
47616 401 421 67 4 336 58 4 169 900 7 3 9 5 0 
47726 417 377 79 3 298 56 3 145 874 9 4 6 3 0 
47710 412 404 43 2 309 48 2 149 900 3 5 7 6 0 
47732 360 423 56 0 327 52 4 162 854 14 5 4 7 0 
47645 427 409 63 2 314 50 2 144 923 8 2 4 7 0 
47659 403 420 67 6 292 62 1 176 889 11 4 5 5 0 
47680 401 402 65 3 308 61 2 143 908 9 5 3 10 0 
47690 384 440 57 3 299 57 2 170 872 9 2 9 6 0 
47657 413 412 91 1 315 55 6 164 861 8 3 10 4 0 
47728 427 390 60 2 329 50 1 165 831 7 3 3 4 0 
47654 428 423 55 2 330 54 1 155 872 10 3 9 4 0 
47679 405 423 64 2 316 56 2 150 872 8 5 10 8 0 
47627 423 429 73 1 278 59 2 173 918 4 5 4 4 0 
47616 414 419 66 2 322 68 1 168 894 11 4 7 8 0 
47753 426 394 58 3 318 53 2 130 841 5 2 10 4 1 
47618 414 421 81 6 335 55 2 142 906 5 2 6 7 0 
47627 415 421 76 3 315 59 1 172 886 7 2 7 9 0 
47706 395 412 84 4 294 62 3 149 873 8 2 5 3 0 
47693 419 425 68 2 290 50 1 158 873 6 2 10 3 0 
47562 453 435 70 5 338 55 3 172 875 14 2 7 8 1 
47684 428 393 54 1 314 46 1 166 905 2 0 5 1 0 
47700 379 459 65 6 295 52 1 157 860 9 4 7 5 1 
47584 433 456 83 4 320 55 1 166 873 7 3 5 10 0 
47768 385 401 62 3 295 61 1 155 844 7 4 8 6 0 
47665 393 438 70 5 316 59 0 158 861 14 7 6 8 0 
47712 413 428 68 5 310 51 4 168 821 6 2 8 4 0 
47777 379 406 70 3 310 56 4 148 824 7 4 7 5 0 
47693 416 406 82 4 311 47 2 150 865 7 3 4 10 0 
47661 382 401 77 1 320 54 2 150 933 9 2 2 6 0 
47631 438 404 92 6 326 50 2 139 891 7 1 6 7 0 
47775 341 437 58 2 289 59 2 156 854 13 4 7 3 0 
47627 413 435 58 3 316 75 1 161 892 5 3 5 6 0 
47724 382 389 59 5 354 60 4 144 857 8 3 6 5 0 
47689 409 408 59 2 342 59 2 170 842 7 3 5 3 0 
47675 412 420 68 3 362 62 2 150 827 5 4 6 4 0 
47701 419 391 65 5 315 57 4 184 832 7 5 8 7 0 
47762 366 424 60 2 308 57 4 157 838 9 1 6 6 0 
47716 418 382 70 3 312 51 2 149 875 7 5 6 4 0 
47636 415 426 59 3 306 47 4 196 883 9 4 8 4 0 
47747 424 396 48 5 285 54 3 138 879 7 4 4 6 0 
47781 388 373 58 4 294 68 2 143 861 7 3 11 7 0 
47706 369 408 74 5 309 49 4 170 882 5 4 9 6 0 
47670 407 409 65 2 338 44 7 173 858 14 1 5 7 0 
47668 412 411 61 3 331 55 1 163 880 8 0 1 6 0 
47653 420 408 57 1 305 40 7 158 923 10 2 8 8 0 
47708 386 416 66 5 323 54 2 143 876 8 5 4 4 0 
47646 409 432 64 0 317 60 1 160 878 17 5 7 4 0 
47728 378 424 65 3 323 46 1 178 840 2 1 7 4 0 
47679 400 412 71 2 314 51 2 171 879 10 2 3 4 0 
47701 386 412 62 3 339 54 0 156 870 8 2 3 4 0 
47630 433 411 74 2 315 68 1 168 877 8 2 8 3 0 
47635 411 419 83 5 314 66 2 163 885 7 5 2 3 0 
47606 430 463 66 4 331 66 0 151 865 4 4 6 4 0 
47630 434 434 64 5 318 61 4 185 839 8 2 8 8 0 
47671 449 433 71 3 305 55 0 154 832 8 2 11 6 0 
47716 379 422 71 4 323 59 3 167 839 4 5 3 5 0 
47683 435 411 67 2 317 56 0 165 841 3 7 6 7 0 
47700 435 409 60 5 298 59 1 149 860 6 4 8 6 0 
47570 393 488 68 4 324 57 8 153 914 8 3 5 5 0 
47668 406 374 63 3 322 66 3 153 912 14 2 8 6 0 
47680 400 430 63 5 305 58 1 167 869 8 2 4 8 0 
47774 390 419 74 2 278 60 1 152 825 8 1 6 9 1 
47748 415 378 58 4 291 52 5 161 870 12 2 0 4 0 
47648 415 437 71 3 320 52 1 143 887 8 4 8 3 0 
47721 415 393 74 1 286 71 2 157 860 6 2 5 7 0 
47629 420 419 74 6 317 55 2 140 915 9 1 8 5 0 
47661 381 424 79 6 307 58 2 169 893 7 1 7 5 0 
47629 410 410 59 3 329 63 2 173 896 11 4 4 7 0 
47651 428 415 58 7 300 60 2 152 898 10 2 10 7 0 
47718 421 387 69 3 322 50 0 162 847 9 3 6 3 0 
47665 454 393 61 2 321 47 1 159 871 8 6 7 5 0 
47703 368 412 69 1 325 58 2 145 887 9 7 5 9 0 
47694 434 403 68 2 311 51 4 162 850 7 3 3 8 0 
47652 393 414 73 1 310 70 0 166 901 6 2 9 3 0 
47667 413 429 70 2 314 49 1 133 905 8 3 3 3 0 
47613 455 385 67 2 327 50 0 140 941 8 3 3 6 0 
47631 428 414 71 3 314 53 1 154 897 11 5 10 8 0 
47716 389 392 74 2 325 67 2 153 856 9 4 7 4 0 
47671 393 402 80 1 339 52 1 162 874 8 7 6 4 0 
47787 407 436 52 1 303 68 4 141 780 4 5 5 7 0 
47719 392 394 71 0 293 57 0 157 894 10 2 5 6 0 
47639 422 440 53 1 322 51 4 156 879 11 6 7 9 0 
47568 424 438 67 2 322 54 3 169 924 12 5 12 0 0 
47730 391 412 77 3 329 43 4 167 831 3 0 5 5 0 
47705 382 425 59 6 325 53 6 160 854 6 4 6 9 0 
47699 396 419 48 4 305 52 3 142 905 14 2 5 6 0 
47673 418 384 90 1 303 55 3 169 884 10 4 2 4 0 
47755 398 399 68 7 303 59 2 146 844 6 4 5 4 0 
47662 414 427 56 4 319 51 1 158 882 8 4 9 5 0 
47636 421 430 79 2 301 57 3 168 883 10 1 5 4 0 
47752 409 421 58 4 267 54 2 180 836 3 3 6 5 0 
47660 390 401 69 3 301 49 1 159 938 9 4 8 8 0 
47622 412 422 82 2 334 60 2 154 893 2 4 7 4 0 
47678 375 430 75 7 272 57 1 193 891 8 3 5 5 0 
47669 389 443 68 2 322 53 4 148 877 8 2 9 6 0 
47684 427 421 51 2 315 53 6 141 880 11 2 5 2 0 
47709 408 415 63 2 295 39 4 166 877 6 1 7 8 0 
47689 408 431 77 3 300 56 4 156 848 11 4 8 5 0 
47674 388 416 57 4 317 57 2 154 907 8 4 2 10 0 
47696 413 435 63 1 313 43 5 153 849 10 5 7 7 0 
47637 423 416 64 1 335 56 3 166 879 7 4 2 7 0 
47595 414 436 71 2 326 57 2 159 909 3 4 14 8 0 
47705 381 402 78 5 328 66 2 146 863 8 2 10 4 0 
47704 393 417 76 4 307 61 0 166 849 10 5 3 5 0 
47695 413 416 68 6 299 53 6 143 882 11 2 3 3 0 
47715 413 402 67 6 321 59 3 163 829 7 4 5 6 0 
47638 414 446 75 3 303 56 3 137 901 7 5 7 5 0 
47662 385 388 63 4 321 55 1 154 953 1 2 2 9 0 
47790 409 374 70 5 258 57 5 180 826 12 4 6 4 0 
47618 406 446 63 1 315 66 4 165 902 7 3 3 1 0 
47648 397 446 61 2 345 43 3 172 864 4 6 7 2 0 
47646 412 423 90 2 307 51 3 156 881 8 4 10 7 0 
47641 399 424 74 4 320 56 7 171 876 10 5 8 5 0 
47672 420 432 70 5 292 62 0 162 869 4 2 6 4 0 
47680 398 399 70 7 330 51 2 180 861 11 3 6 2 0 
47807 400 384 49 4 301 48 2 172 809 8 5 8 3 0 
47784 385 393 64 2 330 60 2 156 801 5 6 8 4 0 
47635 423 424 81 5 308 51 3 137 907 5 2 10 9 0 
47643 422 432 55 4 326 66 0 171 864 5 1 3 8 0 
47693 388 431 62 3 288 54 3 155 908 6 0 8 1 0 
47649 412 414 68 3 305 56 2 166 897 13 5 7 3 0 
47676 455 437 53 1 303 43 5 139 865 12 1 3 7 0 
47659 430 455 71 3 295 67 2 150 853 6 1 6 2 0 
47683 399 425 64 3 289 70 3 158 879 11 1 12 3 0 
47738 386 409 64 2 316 58 3 137 867 5 5 6 4 0 
47701 394 385 76 2 309 55 2 159 893 8 4 6 6 0 
47736 401 403 55 3 281 57 2 150 886 11 3 10 2 0 
47716 387 413 68 0 293 62 2 150 879 8 2 14 6 0 
47613 391 418 67 3 328 59 3 191 901 11 1 5 9 0 
47748 394 412 75 4 290 38 2 141 874 7 7 3 5 0 
47615 419 394 68 4 313 59 4 157 938 11 5 6 7 0 
47660 416 401 84 1 303 56 0 151 903 7 2 8 8 0 
47615 386 454 59 3 317 66 2 157 918 12 3 4 4 0 
47744 375 405 71 4 304 61 2 149 865 10 4 3 3 0 
47670 413 443 65 5 322 64 1 151 842 5 4 6 9 0 
47651 418 437 64 6 319 40 7 160 873 9 6 4 6 0 
47621 412 411 69 3 325 47 3 172 912 8 4 3 10 0 
47691 415 430 58 3 287 55 4 147 887 7 4 5 7 0 
47675 414 427 69 2 317 56 2 139 873 10 4 4 8 0 
47557 421 440 73 3 312 68 1 153 958 3 1 6 4 0 
47617 386 390 70 4 338 54 2 162 950 8 2 10 7 0 
47692 403 407 63 5 315 73 0 139 878 15 3 3 4 0 
47741 381 391 67 3 318 56 5 140 871 13 2 5 7 0 
47642 451 411 60 2 290 59 1 189 871 11 5 5 3 0 
47641 432 417 62 0 338 57 2 167 865 8 5 4 2 0 
47606 432 438 94 5 284 46 4 162 905 8 4 6 6 0 
47746 411 379 66 1 316 61 4 153 846 2 4 7 4 0 
47694 426 432 85 3 311 48 1 170 810 4 3 6 7 0 
47646 441 392 78 5 319 54 2 170 875 7 1 6 4 0 
47728 430 402 55 2 281 49 0 164 867 6 6 7 3 0 
47761 400 391 70 2 313 52 0 150 845 5 5 2 4 0 
47637 402 415 69 2 338 66 2 164 886 9 2 3 5 0 
47680 414 412 64 3 323 52 1 135 896 9 4 5 2 0 
47710 403 406 65 2 306 55 3 180 850 5 2 8 5 0 
47728 417 403 59 2 309 55 2 164 842 5 1 7 6 0 
47759 371 412 65 4 312 46 2 157 848 6 8 6 4 0 
47769 400 403 67 4 270 57 3 151 847 10 5 11 3 0 
47677 374 446 50 3 339 56 2 167 866 7 3 3 7 0 
47646 433 406 68 5 311 57 3 157 889 7 6 9 3 0 
47664 408 388 69 5 304 49 0 184 898 7 6 12 6 0 
47624 437 406 66 1 330 45 0 160 906 8 4 8 5 0 
47649 374 441 61 2 330 62 2 173 886 11 3 0 6 0 
47692 413 441 53 3 298 44 1 147 893 4 0 6 5 0 
47641 402 425 65 2 329 59 3 158 892 9 5 5 5 0 
47661 416 429 66 1 330 59 4 164 847 7 4 9 3 0 
47665 429 433 62 3 332 57 1 149 847 7 4 6 5 0 
47691 395 414 61 2 279 56 3 189 884 7 6 11 2 0 
47768 400 396 64 1 296 55 1 155 842 11 3 1 7 0 
47692 419 392 70 1 301 43 2 171 888 9 3 5 4 0 
47686 389 395 73 6 316 73 2 175 863 8 4 7 3 0 
47749 416 370 70 3 312 46 3 170 837 9 4 6 5 0 
47705 378 380 58 1 282 67 2 172 932 10 1 6 6 0 
47656 413 442 69 5 299 57 0 159 877 5 5 7 6 0 
47725 397 413 73 3 300 66 3 163 838 3 2 8 6 0 
47646 440 436 71 8 314 53 0 159 851 7 5 7 3 0 
47649 414 424 84 3 279 59 1 165 898 10 2 8 4 0 
47674 362 443 66 2 306 54 3 161 906 11 5 1 6 0 
47638 423 417 65 3 307 70 1 154 893 12 4 8 5 0 
47646 383 428 61 5 320 64 3 159 909 6 3 6 7 0 
47643 422 438 68 3 290 54 4 176 883 4 2 6 7 0 
47697 417 413 65 0 314 61 5 168 842 4 3 4 7 0 
47733 403 428 72 3 258 79 0 155 852 9 1 1 5 1 
47760 370 395 70 2 325 49 4 158 849 5 2 7 4 0 
47685 396 397 69 3 349 59 0 164 851 6 5 6 10 0 
47741 396 392 56 4 338 64 3 158 819 11 1 9 8 0 
47694 382 464 64 1 328 51 3 167 823 8 3 6 5 1 
47677 403 405 67 3 302 59 1 192 864 7 5 11 4 0 
47688 412 435 81 1 287 49 4 160 847 11 8 12 5 0 
47661 409 420 65 2 334 66 4 147 866 12 2 7 5 0 
47747 378 385 62 4 319 50 3 153 874 13 1 8 3 0 
47699 378 431 72 2 297 61 2 161 876 9 4 6 2 0 
47681 401 410 69 1 309 50 0 161 897 6 4 7 4 0 
47658 431 413 83 2 346 50 2 140 855 8 4 4 4 0 
47635 408 414 74 5 315 60 2 158 908 7 4 6 4 0 
47632 409 450 63 3 320 66 0 146 886 9 5 6 5 0 
47727 411 432 65 6 306 56 3 145 825 7 4 7 6 0 
47738 390 418 57 1 311 65 3 145 850 8 6 6 2 0 
47704 397 378 75 1 361 51 3 143 871 6 2 3 5 0 
47732 408 403 68 2 296 47 0 159 866 5 2 6 6 0 
47640 412 449 55 1 338 61 3 151 869 7 2 6 6 0 
47659 389 421 68 5 317 64 2 183 872 5 3 6 6 0 
47691 395 414 73 3 325 56 1 136 884 7 5 5 5 0 
47657 422 445 53 4 321 55 1 143 882 2 3 9 3 0 
47723 385 419 65 4 298 51 1 155 874 7 4 7 7 0 
47661 417 414 68 0 330 58 3 152 878 6 1 5 6 1 
47646 407 412 56 2 358 54 2 156 885 11 0 8 3 0 
47606 434 411 63 5 326 63 1 179 884 11 3 7 7 0 
47630 440 430 82 2 295 57 5 171 864 9 4 7 3 1 
47569 423 427 75 2 322 68 0 172 913 12 4 9 4 0 
47622 385 453 61 2 315 62 2 190 889 7 2 4 6 0 
47658 380 419 79 4 330 57 3 172 873 6 3 9 7 0 
47691 414 401 64 8 310 53 3 152 875 9 5 11 4 0 
47696 414 391 86 4 297 45 3 161 874 6 6 11 6 0 
47734 395 370 83 2 303 55 2 156 873 13 4 6 4 0 
47650 437 398 60 4 321 50 2 171 889 5 4 7 2 0 
47590 443 457 71 1 312 50 2 151 891 11 8 9 4 0 
47681 429 409 63 4 296 57 4 157 869 6 4 14 7 0 
47614 428 418 74 1 322 63 3 145 914 8 2 5 3 0 
47670 390 411 74 5 332 55 5 158 877 6 2 8 7 0 
47616 402 437 76 5 294 53 4 163 926 5 3 12 4 0 
47752 421 401 66 3 301 49 4 145 835 6 5 7 5 0 
47687 388 438 60 3 296 42 1 170 894 7 2 8 4 0 
47656 385 449 56 2 319 63 0 160 884 13 3 3 7 0 
47737 424 379 63 3 303 47 2 167 844 11 3 9 7 1 
47631 446 452 71 3 311 58 1 157 848 8 2 6 6 0 
47680 383 402 71 0 307 58 0 164 906 11 4 6 8 0 
47746 406 400 66 2 299 61 2 161 838 5 2 7 5 0 
47711 420 399 86 1 310 56 3 141 853 7 7 4 2 0 
47676 439 422 80 0 304 63 3 141 849 8 4 5 6 0 
47738 429 412 56 2 317 60 2 164 798 4 2 8 8 0 
47730 396 446 70 5 301 44 1 155 834 5 1 5 7 0 
47705 396 429 65 4 318 64 1 136 861 9 2 2 8 0 
47682 422 427 65 4 287 53 5 148 878 6 5 14 4 0 
47703 394 419 62 5 319 51 0 156 873 7 2 7 2 0 
47706 397 433 65 5 303 55 0 142 870 8 3 4 9 0 
47763 355 404 64 4 301 58 6 154 873 7 2 5 4 0 
47629 443 420 58 5 320 58 3 167 878 8 4 4 3 0 
47693 411 417 76 2 312 64 2 167 832 7 2 9 6 0 
47711 406 382 66 2 318 51 1 150 885 12 3 8 5 0 
47660 415 459 67 3 311 62 4 173 829 6 2 2 7 0 
47742 368 424 53 3 304 44 0 156 886 11 1 3 5 0 
47662 429 435 76 2 290 61 3 155 860 9 7 6 5 0 
47646 438 416 51 1 328 56 2 168 873 8 4 1 8 0 
47632 394 420 55 5 344 54 2 168 907 4 3 6 6 0 
47697 403 415 63 4 308 62 2 167 857 7 4 6 5 0 
47706 387 424 51 5 296 54 3 164 880 11 3 8 8 0 
47655 384 400 77 2 318 55 2 181 902 5 7 4 8 0 
47739 375 392 65 5 317 60 2 146 878 9 3 7 2 0 
47710 393 415 75 3 304 55 3 145 862 11 6 11 6 1 
47669 425 422 61 2 326 51 1 147 872 8 4 7 4 1 
47703 392 415 86 5 325 63 3 158 835 4 0 6 5 0 
47709 430 383 47 3 336 52 2 137 873 10 4 6 8 0 
47757 402 384 68 5 298 65 3 155 848 4 1 5 5 0 
47669 399 421 62 1 329 63 0 141 893 8 6 7 1 0 
47671 449 412 57 0 311 56 4 178 840 8 3 5 6 0 
47709 377 384 66 5 315 75 2 162 884 5 2 8 6 0 
47684 393 422 70 3 301 66 2 158 873 9 5 6 7 1 
47635 431 429 60 2 301 55 1 149 918 10 2 4 3 0 
47613 413 410 65 2 339 60 2 166 906 11 3 3 7 0 
47667 410 410 66 6 323 60 1 164 878 4 3 5 3 0 
47691 380 421 64 4 292 54 6 169 900 6 3 6 4 0 
47737 402 405 57 0 302 53 1 134 879 13 1 14 2 0 
47634 416 435 71 3 334 55 2 153 878 6 1 4 8 0 
47701 422 447 43 4 289 57 0 161 853 10 1 7 5 0 
47721 392 401 69 5 304 62 2 141 879 12 6 4 2 0 
47685 397 445 65 3 300 52 4 178 857 5 1 5 3 0 
47636 457 429 86 1 305 55 3 141 863 6 6 9 3 0 
47690 385 417 55 4 298 70 0 166 886 10 7 6 6 0 
47718 414 366 64 1 328 53 2 153 876 11 4 5 5 0 
47707 412 417 71 2 304 64 1 152 855 3 4 5 3 0 
47667 376 429 69 1 322 49 3 162 893 9 4 10 6 0 
47676 423 411 70 1 325 58 2 157 854 8 4 2 9 0 
47673 435 377 73 4 334 53 5 164 853 9 3 8 9 0 
47711 417 430 58 4 303 58 0 154 844 5 5 7 4 0 
47637 429 446 68 2 322 64 1 133 882 8 2 5 1 0 
47634 343 432 80 3 310 62 3 174 941 5 1 6 6 0 
47777 393 408 62 2 281 59 2 144 853 2 6 4 7 0 
47595 443 379 84 5 323 70 3 169 895 15 4 8 7 0 
47654 435 438 61 2 289 53 2 137 909 4 6 9 1 0 
47606 444 429 74 5 313 53 4 155 892 13 3 6 3 0 
47683 419 432 84 1 294 47 1 166 846 11 3 8 4 1 
47662 388 419 64 5 314 57 5 160 900 12 2 8 4 0 
47735 377 407 65 4 299 57 3 143 883 8 5 7 7 0 
47772 388 418 69 2 299 59 5 150 810 10 2 6 10 0 
47651 428 393 76 7 340 55 1 146 883 6 4 6 4 0 
47611 414 404 72 3 317 61 3 183 918 3 2 5 4 0 
47661 412 421 64 0 331 55 3 147 882 7 4 7 6 0 
47578 406 424 64 0 319 75 6 184 909 12 1 10 12 0 
47813 381 397 62 5 317 58 1 178 770 6 2 6 4 0 
47727 370 438 62 1 308 55 4 154 857 12 3 7 2 0 
47755 396 412 60 5 293 56 3 153 853 7 3 3 1 0 
47599 389 488 75 4 320 63 4 166 867 8 6 6 5 0 
47648 402 418 68 6 311 54 1 159 912 7 3 6 5 0 
47656 412 425 69 3 292 61 4 180 870 10 2 11 5 0 
47693 402 392 61 1 295 50 3 170 904 9 6 7 7 0 
47689 399 423 69 4 312 55 4 147 866 12 5 10 5 0 
47755 395 403 85 3 291 53 1 157 830 11 4 7 5 0 
47647 418 423 61 2 314 63 3 163 885 7 4 6 4 0 
47698 413 420 78 4 291 44 6 164 866 3 4 5 4 0 
47652 372 403 71 2 332 51 4 157 929 7 4 10 6 0 
47717 420 395 50 2 294 59 3 161 881 4 5 7 2 0 
47619 416 415 74 4 336 59 5 150 893 12 4 6 7 0 
47681 420 435 60 1 304 57 4 152 861 6 4 10 5 0 
47719 412 381 69 2 313 63 0 148 877 8 0 4 3 1 
47778 378 375 48 1 319 52 1 166 859 9 4 5 5 0 
47721 410 401 78 3 292 63 4 156 849 7 3 7 6 0 
47660 430 423 75 2 301 67 0 169 855 8 5 4 1 0 
47634 400 429 71 1 335 58 2 171 885 2 4 4 4 0 
47730 394 396 73 2 271 65 3 154 895 7 3 3 4 0 
47656 391 449 66 2 300 54 3 162 903 4 1 5 4 0 
47662 437 399 59 2 309 64 2 158 889 10 0 4 5 0 
47653 438 400 68 2 327 59 1 151 879 5 7 2 8 0 
47599 421 420 75 4 335 62 4 145 914 10 1 3 7 0 
47714 393 421 63 2 320 53 0 127 882 9 2 9 5 0 
47695 405 403 76 4 289 60 1 152 893 10 4 2 6 0 
47702 384 406 64 1 310 84 2 184 842 9 5 6 1 0 
47703 392 433 65 2 301 58 1 154 862 14 3 8 4 0 
47707 377 385 64 3 304 53 2 170 909 12 1 6 7 0 
47688 378 431 61 2 296 62 1 168 893 7 2 6 5 0 
47693 412 382 62 2 310 61 4 184 864 2 6 12 6 0 
47643 446 427 62 3 302 54 0 165 881 5 2 7 3 0 
47629 418 428 69 2 327 56 2 144 904 5 2 10 4 0 
47722 402 405 77 5 294 48 2 146 876 9 7 4 3 0 
47662 426 406 65 2 332 57 1 158 874 5 3 3 6 0 
47621 407 413 65 3 333 53 2 158 918 9 3 12 3 0 
47675 428 429 56 2 281 53 2 148 899 13 2 7 5 0 
47641 409 454 57 1 320 53 1 168 876 9 2 4 5 0 
47736 373 439 66 0 289 62 0 150 866 4 4 7 4 0 
47706 408 392 77 2 300 54 2 170 861 9 6 6 7 0 
47768 392 410 57 5 320 50 1 126 851 7 2 8 3 0 
47715 388 410 64 4 321 54 4 157 872 8 0 1 2 0 
47638 415 424 71 3 337 43 2 172 875 5 3 9 3 0 
47727 377 389 71 3 322 36 3 170 885 6 2 6 3 0 
47737 393 394 80 1 284 53 1 146 878 12 3 6 12 0 
47705 409 404 60 0 314 50 2 159 878 7 2 6 4 0 
47650 376 465 60 1 333 44 2 176 878 7 2 6 0 0 
47643 381 421 69 5 321 56 1 176 893 11 5 9 9 0 
47681 433 414 60 3 290 57 0 174 868 4 6 8 2 0 
47673 403 437 65 3 309 47 0 159 890 4 2 3 5 0 
47633 425 421 61 4 320 59 3 173 879 10 3 4 5 0 
47614 445 404 74 4 322 50 0 178 887 9 3 6 4 0 
47668 399 462 65 3 273 65 2 157 880 8 3 10 5 0 
47721 401 406 61 5 286 54 2 170 869 9 2 9 5 0 
47714 389 400 69 4 332 44 4 170 849 14 5 4 2 0 
47637 450 378 58 1 349 77 3 160 858 8 4 8 9 0 
47590 397 421 81 3 329 79 2 178 895 8 5 7 5 0 
47631 420 463 54 2 290 69 2 148 901 5 2 7 6 0 
47694 427 418 76 1 293 59 0 174 837 5 2 8 6 0 
47653 369 414 66 0 304 62 4 187 920 5 6 6 4 0 
47720 379 425 75 6 299 53 4 143 877 6 2 6 5 0 
47675 432 424 66 4 301 45 3 172 851 9 3 6 9 0 
47704 417 436 77 5 284 57 1 150 844 6 6 9 4 0 
47708 399 368 63 8 323 50 5 156 897 9 5 6 3 0 
47658 425 450 58 8 311 55 2 143 870 8 1 7 4 0 
47677 430 394 69 5 310 52 3 182 863 4 4 7 0 0 
47543 431 453 57 2 306 59 2 187 943 2 4 7 4 0 
47570 431 408 57 2 309 62 3 185 950 5 5 7 6 0 
47662 376 441 64 1 343 64 3 179 846 10 1 3 7 0 
47663 406 426 60 5 336 40 4 177 870 6 1 4 2 0 
47752 383 397 72 5 289 40 1 156 887 3 2 10 3 0 
47657 455 427 63 0 310 53 1 138 876 3 0 7 10 0 
47674 411 406 69 0 295 64 2 155 901 4 4 9 6 0 
47645 432 407 55 2 338 66 1 162 871 7 6 4 4 0 
47627 401 419 71 4 308 60 2 175 914 7 3 5 4 0 
47637 400 440 76 3 305 61 3 169 883 8 5 5 5 0 
47731 417 420 77 2 292 48 4 162 827 8 7 2 3 0 
47773 373 383 67 2 287 54 4 165 868 9 3 6 6 0 
47668 403 452 71 5 276 59 4 164 882 7 1 4 4 0 
47648 414 418 62 8 337 48 0 159 876 14 2 7 7 0 
47651 403 408 71 5 316 48 2 146 925 5 9 3 8 0 
47710 394 395 70 1 329 49 2 150 885 10 0 2 3 0 
47632 462 446 61 6 300 49 3 166 844 14 4 5 8 0 
47679 417 441 81 1 287 41 2 159 874 4 2 6 6 0 
47755 381 390 65 5 285 45 2 164 887 8 3 3 7 0 
47704 375 410 63 2 315 55 7 146 905 7 2 6 3 0 
47698 420 395 81 2 340 52 5 132 853 8 4 7 3 0 
47611 456 447 59 2 321 41 3 157 879 13 1 6 4 0 
47732 396 439 65 1 301 51 3 165 823 4 6 7 7 0 
47682 360 446 61 5 315 63 3 166 876 8 5 5 5 0 
47702 408 419 64 2 318 58 3 169 839 10 1 4 3 0 
47663 414 435 57 2 305 67 3 193 836 12 3 5 5 0 
47768 359 414 88 2 279 57 2 165 852 6 3 1 4 0 
47734 383 417 67 4 280 57 3 128 913 3 2 5 4 0 
47720 373 409 71 3 321 66 0 145 859 12 4 12 5 0 
47633 388 422 61 4 312 65 2 165 922 11 5 6 4 0 
47682 391 407 67 5 299 50 3 153 914 14 4 7 4 0 
47700 413 412 75 5 273 64 2 150 889 4 3 6 4 0 
47629 409 443 73 2 349 58 3 161 853 6 2 7 5 0 
47669 392 412 87 3 295 66 4 160 890 9 2 6 5 0 
47683 440 402 78 4 303 49 2 147 875 6 2 6 3 0 
47622 414 476 73 2 329 63 1 160 837 5 4 10 4 0 
47596 420 423 66 2 327 55 2 153 934 9 2 8 3 0 
47758 394 415 66 1 296 55 3 146 852 6 2 6 0 0 
47640 440 399 69 6 329 58 4 161 879 4 3 6 2 0 
47804 384 400 66 3 291 46 3 168 814 7 4 5 5 0 
47676 433 465 71 4 293 46 0 145 842 11 5 5 4 0 
47639 437 394 78 5 338 67 3 153 864 8 5 4 4 1 
47629 407 437 67 5 330 60 0 165 877 12 2 5 4 0 
47616 428 415 59 1 327 58 2 163 911 7 3 4 6 0 
47726 402 413 77 2 300 53 1 154 845 5 2 11 9 0 
47717 422 399 64 4 318 64 2 152 845 4 2 5 2 0 
47699 384 444 49 3 292 64 2 166 871 8 4 7 7 0 
47729 367 407 72 1 359 47 2 143 850 9 1 7 6 0 
47635 439 418 66 2 301 70 2 144 903 7 1 7 5 0 
47688 402 422 59 3 315 60 0 159 871 7 2 7 5 0 
47608 377 447 66 4 318 57 4 186 914 7 4 3 5 0 
47641 418 407 63 2 337 64 1 176 868 7 3 9 4 0 
47740 414 410 69 5 320 40 7 140 835 6 4 5 5 0 
47773 376 401 64 1 352 51 0 148 808 4 4 9 8 1 
47663 385 487 68 1 321 53 1 157 836 11 3 4 10 0 
47725 385 400 74 3 309 43 3 176 855 10 5 5 7 0 
47699 422 409 73 3 302 52 1 146 862 8 9 7 7 0 
47664 434 402 67 4 305 43 1 169 888 5 1 11 6 0 
47677 398 443 57 7 326 57 0 165 853 3 1 6 7 0 
47624 379 438 69 3 309 64 4 170 916 10 7 5 2 0 
47657 435 433 72 4 318 50 4 124 876 14 4 6 3 0 
47698 450 382 58 3 276 57 4 157 893 6 5 9 2 0 
47695 389 424 63 2 305 58 0 170 873 7 4 5 5 0 
47684 407 396 69 4 319 62 3 158 876 8 3 8 3 0 
47697 404 414 55 3 309 56 1 172 870 11 3 3 2 0 
47668 406 403 69 6 331 52 4 166 872 8 3 7 5 0 
47595 444 415 71 5 323 65 2 174 893 6 0 4 3 0 
47740 416 375 61 1 327 59 1 160 840 5 5 6 4 0 
47620 418 393 65 4 347 71 3 179 874 4 4 14 4 0 
47653 389 399 69 6 337 63 3 175 881 5 5 9 6 0 
47617 423 441 70 3 315 52 6 160 884 10 4 8 7 0 
47680 381 414 81 0 321 53 1 166 871 12 3 9 8 0 
47643 424 425 60 4 298 58 3 157 903 12 2 7 4 0 
47675 417 416 60 3 321 53 1 169 856 13 0 9 7 0 
47676 400 437 71 4 319 52 2 142 875 10 4 4 4 0 
47717 383 422 66 3 306 55 3 147 875 11 1 8 3 0 
47652 412 386 71 1 337 55 0 159 899 11 4 4 9 0 
47632 428 404 63 3 355 54 1 146 893 5 3 9 4 0 
47635 388 409 72 3 321 68 2 175 905 7 2 6 7 0 
47753 372 426 58 5 316 53 1 141 857 6 5 4 3 0 
47605 425 434 69 3 329 63 0 180 868 7 4 6 7 0 
47657 420 429 61 5 306 52 2 156 893 10 2 6 1 0 
47662 395 440 68 1 343 56 1 168 841 5 3 9 8 0 
47630 407 405 54 1 293 65 1 179 943 6 2 9 5 0 
