47732 371 396 84 6 336 47 2 141 866 6 3 7 3 0 
47679 379 406 90 5 336 52 2 143 886 10 1 8 3 0 
47614 401 417 78 4 326 57 2 166 907 11 6 3 8 0 
47618 413 401 71 5 318 50 4 147 954 4 2 4 9 0 
47656 380 439 90 5 356 72 3 145 830 12 1 7 4 0 
47761 411 359 81 2 312 52 2 150 842 10 4 9 5 0 
47665 406 415 79 2 309 66 3 173 851 7 4 10 10 0 
47658 389 426 73 0 360 58 3 150 862 3 5 11 2 0 
47628 379 451 70 2 317 51 2 166 909 7 3 10 5 0 
47676 417 415 67 6 328 64 3 151 860 4 0 5 4 0 
47740 378 420 78 5 328 45 0 136 846 9 4 7 4 0 
47614 407 449 85 3 332 60 1 145 882 9 6 6 1 0 
47737 384 393 89 1 325 68 2 125 858 5 2 4 7 0 
47654 414 400 72 2 329 62 2 134 903 8 4 10 6 0 
47679 429 418 65 1 300 44 4 155 886 5 4 5 5 0 
47681 427 408 66 3 336 49 3 155 857 2 4 4 5 0 
47683 397 395 82 1 320 53 4 178 855 10 3 9 10 0 
47705 377 408 72 3 339 50 0 139 879 5 3 12 8 0 
47645 450 430 88 5 311 50 2 140 857 13 0 5 4 0 
47646 393 426 66 3 343 51 3 141 901 11 1 5 10 0 
47734 365 401 82 0 332 72 2 159 836 5 4 1 7 0 
47742 410 397 73 2 326 51 2 135 844 10 1 5 2 0 
47657 385 448 81 3 305 75 4 168 848 11 0 8 7 0 
47656 405 422 95 4 331 61 3 134 866 8 5 6 4 0 
47686 394 401 71 4 306 57 5 153 895 8 6 7 7 0 
47651 389 436 74 1 325 53 1 159 892 5 5 4 5 0 
47669 380 401 85 2 321 62 3 149 906 7 3 5 7 0 
47718 386 438 77 6 331 44 3 135 840 7 4 6 5 0 
47722 361 423 97 4 290 60 3 147 863 7 4 10 8 1 
47654 391 402 60 2 364 57 0 130 915 7 3 9 6 0 
47737 408 396 87 4 350 60 2 115 817 5 3 5 11 0 
47681 391 393 83 3 345 55 2 151 882 4 3 1 6 0 
47724 366 414 81 3 328 41 5 139 880 4 1 7 7 0 
47630 402 429 97 2 322 65 1 160 872 6 1 8 5 0 
47702 370 404 79 4 317 65 3 152 883 5 3 5 8 0 
47647 393 421 76 1 324 57 0 153 904 9 2 6 6 1 
47684 400 408 87 3 326 59 1 146 864 10 3 5 4 0 
47656 355 445 67 6 297 63 3 155 927 10 5 5 6 0 
47747 380 398 81 5 315 56 3 133 860 9 4 6 3 0 
47702 376 407 73 3 332 38 6 158 876 7 11 5 6 0 
47798 398 360 68 6 293 53 2 162 836 10 3 8 3 0 
47723 362 391 78 3 321 57 2 150 892 6 4 7 4 0 
47635 415 424 88 3 290 56 2 185 888 3 1 7 3 0 
47707 399 394 86 1 310 51 1 141 887 3 5 7 8 0 
47746 376 383 71 4 330 41 2 157 876 6 1 4 2 1 
47733 372 416 79 2 339 51 2 173 819 7 6 0 1 0 
47646 406 436 69 2 309 62 3 171 857 6 9 15 9 0 
47656 413 430 74 3 317 53 4 159 873 7 2 6 3 0 
47667 435 439 74 4 302 65 0 144 845 13 5 4 3 0 
47683 397 378 73 4 345 46 2 152 896 8 2 11 3 0 
47665 382 419 96 3 324 55 3 168 868 4 4 4 5 0 
47666 401 412 78 0 302 50 3 160 896 10 6 10 6 0 
47561 428 440 86 4 320 74 3 146 917 6 3 5 6 1 
47714 387 392 74 2 302 65 0 164 878 7 3 9 3 0 
47595 405 452 89 3 318 58 0 137 926 6 1 3 7 0 
47644 371 437 95 6 328 55 3 142 904 1 4 6 4 0 
47813 389 390 70 2 300 46 2 122 838 6 2 12 8 0 
47633 369 430 78 3 315 63 2 151 942 6 2 4 2 0 
47713 366 443 77 3 318 52 3 158 846 7 5 7 2 0 
47567 426 415 82 0 331 63 5 181 908 8 2 4 8 0 
47690 399 426 80 0 320 60 2 149 855 3 4 6 6 0 
47651 413 396 76 2 349 59 4 130 889 15 8 6 2 0 
47662 450 413 84 7 323 54 3 145 835 13 3 3 5 0 
47701 382 411 53 5 345 52 3 162 866 7 2 2 9 0 
47702 374 420 72 4 328 51 2 160 871 9 4 2 1 0 
47715 373 425 80 3 316 50 0 162 856 5 4 5 6 0 
47660 420 407 77 2 346 63 3 164 828 9 5 6 10 0 
47724 398 370 89 0 317 49 4 158 874 6 1 3 7 0 
47721 370 392 61 3 329 55 2 153 889 7 3 5 10 0 
47762 373 377 94 4 288 62 1 155 864 4 4 6 6 0 
47634 406 429 82 6 305 61 5 156 895 5 3 9 4 0 
47723 376 437 65 3 313 52 3 140 856 10 4 11 7 0 
47600 419 414 69 6 351 62 2 140 921 6 2 4 4 0 
47660 368 445 67 3 311 74 1 144 904 4 4 4 11 0 
47684 400 385 83 2 371 48 0 145 850 12 3 10 7 0 
47568 387 438 88 4 364 54 1 148 926 9 2 4 7 0 
47666 413 403 71 3 326 62 1 153 885 4 3 4 6 0 
47701 401 407 80 1 296 62 7 164 855 7 4 7 8 0 
47744 420 379 95 3 335 62 3 135 803 7 3 5 6 0 
47645 410 445 67 2 302 44 2 156 901 8 3 7 8 0 
47677 378 431 80 4 305 45 0 129 928 9 1 3 10 0 
47706 370 411 78 1 305 38 3 165 899 6 5 6 7 0 
47761 356 405 83 3 340 66 2 119 842 11 1 5 6 0 
47733 367 382 72 2 322 54 3 151 888 6 5 8 7 0 
47748 376 393 79 5 302 52 0 143 878 7 5 6 6 0 
47648 389 433 87 4 315 72 1 145 880 9 5 4 8 0 
47710 369 376 75 1 338 53 2 148 912 5 2 3 6 0 
47678 392 414 97 2 324 56 1 144 874 6 3 4 5 0 
47691 366 403 93 2 329 78 8 146 866 8 2 5 3 0 
47771 395 386 81 3 296 69 1 154 814 11 4 8 7 0 
47612 413 395 80 7 346 49 4 161 904 9 4 12 4 0 
47717 372 428 79 3 291 53 1 147 892 4 3 6 3 1 
47668 369 406 87 3 343 82 2 149 867 10 3 5 6 0 
47763 369 405 89 1 311 47 4 131 864 5 3 4 4 0 
47596 440 441 71 6 330 59 2 142 888 7 5 10 3 0 
47656 406 443 81 2 316 66 6 142 862 6 5 6 3 0 
47669 390 399 86 3 300 47 3 165 909 9 3 11 6 0 
47680 388 374 82 2 355 54 2 161 884 3 3 6 6 0 
47671 403 413 66 2 301 60 4 178 881 7 3 7 4 0 
47786 385 380 74 2 294 63 2 127 871 8 0 5 3 0 
47679 391 398 77 3 306 57 1 161 905 3 6 6 7 0 
47704 339 403 76 3 359 47 3 167 869 9 2 13 6 0 
47723 380 431 62 3 321 59 2 141 859 1 1 10 6 1 
47688 415 384 77 1 334 67 3 142 876 3 4 3 3 0 
47663 419 399 75 0 324 50 4 172 870 11 2 4 7 0 
47713 370 398 82 3 308 52 2 161 890 4 4 8 5 0 
47696 378 419 77 2 322 58 2 165 855 12 3 8 3 0 
47664 383 430 75 3 319 62 1 157 877 8 7 9 5 0 
47627 416 410 82 3 343 52 3 142 894 7 7 5 9 0 
47751 368 392 75 3 328 39 4 168 855 3 3 6 5 0 
47607 412 411 77 3 319 62 3 178 903 8 4 7 6 0 
47743 368 388 78 4 313 50 1 166 862 9 5 7 6 0 
47745 397 372 75 3 324 47 3 140 871 12 2 8 1 0 
47656 363 408 89 6 321 61 4 148 921 9 4 6 4 0 
47596 392 422 79 4 327 58 2 154 944 4 3 7 8 0 
47662 414 436 85 6 320 45 2 134 872 9 4 8 2 1 
47644 415 425 75 3 338 51 5 145 871 11 3 10 4 0 
47644 395 426 75 3 337 53 1 165 879 9 5 4 4 0 
47570 401 421 87 2 345 67 6 154 911 15 4 10 7 0 
47663 412 392 70 4 328 71 2 145 895 7 1 6 4 0 
47670 398 432 71 3 309 64 0 136 897 7 2 4 6 1 
47668 381 416 73 2 345 49 5 142 898 4 3 9 5 0 
47679 422 377 80 1 318 69 6 133 900 8 2 2 3 0 
47707 378 414 92 4 318 53 3 134 871 13 1 9 3 0 
47677 412 451 62 5 278 55 3 134 896 10 3 10 4 0 
47592 402 459 70 3 349 54 2 143 901 8 4 9 4 0 
47689 390 374 75 6 304 63 2 148 924 7 5 7 6 0 
47748 354 412 83 6 291 60 3 156 868 8 1 6 4 0 
47642 391 400 88 1 325 64 6 143 918 4 5 7 6 0 
47721 407 410 80 5 309 52 7 152 838 7 3 4 5 0 
47750 378 431 64 5 341 64 0 147 805 4 2 5 4 0 
47604 421 419 79 9 357 51 1 145 894 8 1 5 6 0 
47652 395 417 80 4 318 42 1 150 919 2 6 8 6 0 
47709 392 423 89 0 319 51 1 155 840 6 2 8 5 0 
47660 406 414 87 4 298 63 2 138 909 11 1 5 2 0 
47622 403 431 70 3 326 50 2 128 938 10 6 5 6 0 
47651 410 410 73 3 332 65 2 159 869 10 3 8 5 0 
47627 389 442 86 3 329 65 4 152 877 9 4 8 5 0 
47724 357 444 65 3 307 54 2 139 877 7 3 5 13 0 
47699 397 396 84 1 302 68 4 134 885 6 5 8 11 0 
47693 389 445 88 5 302 56 2 150 849 11 1 5 4 0 
47688 387 422 71 2 308 62 3 168 864 8 1 8 8 0 
47645 422 433 82 0 320 66 2 169 846 5 2 4 4 0 
47643 395 454 90 2 332 55 0 150 854 8 5 7 4 1 
47665 410 411 85 2 316 65 2 165 860 7 3 5 4 0 
47645 379 413 81 5 339 56 3 146 915 5 2 6 5 0 
47787 376 387 81 0 299 62 2 138 847 11 3 4 3 0 
47718 343 418 88 3 317 59 2 135 901 3 2 7 4 0 
47678 407 395 82 4 317 77 0 137 877 8 3 6 9 0 
47762 361 440 84 4 294 59 2 124 851 9 3 4 3 0 
47683 375 427 64 3 320 56 1 153 898 9 2 5 4 0 
47732 379 383 80 3 301 56 2 135 907 10 3 5 4 0 
47682 428 403 86 2 308 58 4 139 872 8 2 3 5 0 
47643 403 430 81 7 352 42 1 129 882 8 3 10 9 0 
47705 385 437 67 2 313 60 2 154 859 5 1 6 4 0 
47719 361 419 74 5 306 60 3 135 896 6 6 6 4 0 
47679 359 381 91 6 333 48 0 134 951 6 3 4 5 0 
47715 412 398 89 4 292 53 3 160 849 4 5 9 7 0 
47618 409 434 92 3 315 66 3 154 884 5 3 5 9 0 
47659 395 414 82 5 338 67 4 154 855 10 4 4 9 0 
47626 434 395 69 4 334 68 4 154 890 8 2 8 4 0 
47698 372 408 80 3 353 53 2 147 855 12 3 5 9 0 
47645 382 420 85 3 331 61 2 150 897 11 3 3 7 0 
47732 372 420 80 1 330 52 0 127 851 9 3 13 10 0 
47652 399 412 76 4 349 59 1 135 895 7 1 5 5 0 
47738 420 398 71 3 298 40 3 155 852 10 3 6 3 0 
47730 370 409 84 6 314 60 2 160 843 4 1 10 7 0 
47657 367 467 73 4 337 55 0 155 859 9 6 2 9 0 
47685 393 391 92 5 313 47 4 157 880 10 5 14 4 0 
47685 390 441 80 2 336 53 3 121 858 11 7 4 9 0 
47642 401 446 89 3 338 48 1 154 860 6 5 4 3 0 
47661 372 438 77 2 334 57 1 141 884 11 7 6 8 1 
47622 418 420 69 2 366 62 3 151 868 6 6 4 2 1 
47704 386 401 98 3 310 52 0 150 879 8 1 4 4 0 
47560 413 465 72 5 335 50 4 136 936 7 3 7 7 0 
47707 374 432 95 1 300 52 3 157 846 9 2 11 10 1 
47686 423 398 68 0 300 65 2 144 888 10 4 5 7 0 
47691 393 397 68 2 333 62 0 154 879 9 4 3 5 0 
47664 383 397 86 1 319 55 2 170 903 6 2 3 9 0 
47650 399 400 73 0 329 62 4 144 919 4 6 6 4 0 
47697 390 391 96 1 312 52 3 155 874 11 7 6 5 0 
47676 400 416 53 4 327 55 6 142 902 8 1 7 3 0 
47658 382 415 90 4 357 60 4 126 880 8 3 8 5 0 
47652 392 431 72 3 323 59 2 135 904 11 1 5 10 0 
47710 402 402 90 4 307 63 4 123 873 6 1 7 8 0 
47667 388 392 81 1 330 43 1 175 901 10 0 8 3 0 
47624 394 400 83 1 323 64 6 139 934 9 5 8 10 0 
47714 387 413 74 2 308 47 2 150 882 7 0 6 8 0 
47731 382 374 62 4 352 51 3 153 862 9 2 7 8 0 
47731 381 417 77 2 322 61 4 144 843 4 4 5 5 0 
47673 365 443 103 5 332 52 2 159 841 10 3 9 3 0 
47678 342 434 83 4 349 63 2 132 892 7 2 10 2 0 
47565 387 407 83 2 326 57 1 142 1006 10 7 3 3 1 
47737 377 412 76 2 336 48 2 139 845 12 3 5 6 0 
47755 386 420 68 1 296 41 3 144 869 4 1 9 3 0 
47689 405 390 93 2 339 49 4 131 874 7 9 1 7 0 
47733 395 391 75 3 322 59 1 159 839 8 2 7 6 0 
47627 377 434 92 4 338 54 2 159 890 7 2 9 5 0 
47681 386 432 81 4 320 58 1 141 870 8 5 9 4 0 
47677 379 413 95 2 348 51 3 165 853 2 1 6 5 0 
47632 390 437 78 5 334 43 3 164 897 4 3 6 4 0 
47711 389 402 83 0 331 64 1 171 829 5 1 6 7 0 
47743 382 422 89 3 327 66 4 165 778 7 2 6 6 0 
47662 394 424 86 1 299 54 2 154 904 8 2 5 5 0 
47674 379 395 65 2 348 67 1 160 886 10 3 6 4 0 
47780 387 410 74 2 280 60 3 147 828 13 5 3 8 0 
47697 366 401 62 4 326 50 0 150 918 9 5 7 5 0 
47702 410 421 78 2 315 63 1 145 833 10 2 11 7 0 
47611 409 394 76 2 360 59 4 148 916 9 3 3 6 0 
47627 418 433 88 3 353 59 2 130 862 7 3 10 5 0 
47596 419 408 82 3 322 64 2 163 915 9 4 10 3 0 
47693 405 416 81 5 324 59 3 133 853 9 6 8 5 0 
47663 392 436 82 2 314 66 2 143 882 9 2 4 3 0 
47615 392 451 72 3 339 59 2 143 894 10 8 9 3 0 
47654 432 435 76 2 349 44 0 134 851 6 2 8 7 0 
47778 371 400 81 2 307 53 3 147 835 7 4 7 5 0 
47722 400 390 86 2 320 59 1 145 847 11 5 4 8 0 
47642 415 406 87 3 320 66 2 162 881 5 1 4 6 0 
47725 373 395 88 0 332 50 4 150 870 2 2 4 5 0 
47736 391 372 72 2 327 51 2 159 858 9 4 14 3 0 
47639 402 440 97 1 299 63 0 158 869 6 5 10 11 0 
47702 421 396 70 3 298 65 4 140 877 4 4 11 5 0 
47596 409 441 85 1 337 59 1 151 900 9 0 3 8 0 
47719 381 409 76 1 286 51 3 153 899 9 1 5 7 0 
47704 407 442 80 3 285 64 1 149 841 4 2 10 8 0 
47751 389 416 70 1 305 56 4 154 829 10 5 7 3 0 
47672 420 379 76 4 325 64 3 133 900 8 2 6 8 0 
47658 407 422 82 4 346 54 4 127 871 7 4 7 7 0 
47709 376 419 86 4 318 55 3 140 872 7 4 4 3 0 
47694 377 416 75 2 330 64 5 137 879 8 1 8 4 0 
47653 392 407 76 0 332 63 0 156 901 4 2 10 4 0 
47634 381 436 86 2 318 54 4 146 921 6 4 4 4 0 
47654 387 415 79 2 324 52 4 142 916 9 2 7 7 0 
47588 418 446 79 1 333 58 2 169 887 6 2 8 3 0 
47699 401 403 88 2 314 58 3 158 854 8 2 8 2 0 
47692 382 424 69 2 323 53 2 156 876 6 2 8 5 0 
47643 407 413 60 3 334 50 4 141 916 7 3 11 8 0 
47784 387 391 67 3 298 46 1 156 848 9 1 4 5 0 
47725 367 414 77 2 299 70 3 149 872 10 4 5 3 0 
47718 376 418 75 4 356 39 4 167 827 7 2 6 1 0 
47740 413 435 72 4 302 63 2 128 820 9 3 5 4 0 
47618 394 414 79 4 339 50 3 183 894 11 1 4 6 0 
47680 394 392 75 6 331 52 2 140 899 11 5 7 6 0 
47712 397 402 77 1 351 44 1 157 835 9 2 7 5 0 
47687 378 454 70 2 309 56 1 138 888 5 5 2 5 0 
47657 400 435 70 2 335 56 0 140 884 5 3 9 4 0 
47660 390 423 88 5 329 59 3 140 872 13 6 7 5 0 
47671 367 411 80 5 357 59 3 161 864 9 3 5 5 0 
47663 377 428 76 5 313 63 2 157 898 6 4 2 6 0 
47635 426 450 84 2 289 63 2 147 879 12 2 5 4 0 
47694 388 385 87 2 299 48 0 164 910 5 2 9 7 0 
47669 438 384 66 2 332 53 3 143 884 11 1 7 7 0 
47629 397 427 72 5 340 66 3 157 880 9 1 7 7 0 
47663 365 431 71 4 351 49 5 138 904 7 5 4 3 0 
47720 392 401 74 1 317 53 0 142 877 7 4 5 7 0 
47633 395 404 98 2 336 57 1 155 884 16 6 8 5 0 
47658 395 426 73 3 341 68 1 144 862 11 5 7 6 0 
47736 396 389 71 3 298 57 2 142 889 6 2 4 5 0 
47736 362 402 76 6 295 67 2 156 880 6 3 4 5 0 
47642 403 415 77 0 353 58 3 155 871 5 4 5 9 0 
47722 396 397 81 3 326 55 2 130 863 7 4 8 6 0 
47780 384 370 79 2 308 63 0 134 851 15 4 8 2 0 
47697 366 410 80 5 347 61 3 137 868 7 4 11 4 0 
47637 432 405 78 4 339 65 4 141 878 8 2 3 4 0 
47735 378 406 79 4 320 50 2 149 855 8 3 7 4 0 
47705 367 434 92 5 312 62 0 142 852 9 3 9 8 0 
47704 378 433 92 4 292 59 1 143 879 7 1 4 3 0 
47726 363 380 80 3 331 52 2 155 886 7 5 4 6 0 
47585 406 456 78 2 344 52 4 147 898 11 3 5 9 0 
47693 381 431 71 1 327 56 2 144 871 7 2 9 5 0 
47722 382 403 85 2 316 48 2 138 881 6 4 6 5 0 
47665 421 430 69 5 288 44 5 155 896 8 3 6 5 0 
47619 409 412 71 1 347 63 3 150 903 8 0 8 6 0 
47640 411 415 90 2 295 54 1 156 911 9 2 13 1 0 
47713 393 421 83 2 302 71 1 132 847 12 6 11 6 0 
47587 381 463 77 7 351 64 4 154 890 6 4 4 8 0 
47623 377 438 80 4 356 47 1 140 910 8 4 6 6 0 
47713 394 410 83 2 330 54 3 149 842 7 6 4 3 0 
47688 403 444 72 4 298 50 5 153 861 6 1 4 11 0 
47677 403 415 63 4 323 54 2 140 900 8 4 5 2 0 
47742 383 391 80 2 310 61 1 138 868 8 4 7 5 0 
47664 388 425 92 1 346 57 2 136 868 6 2 7 6 0 
47666 402 398 75 3 331 48 3 160 895 5 6 5 3 0 
47738 373 390 102 4 292 57 4 134 881 5 6 12 2 0 
47621 401 451 73 2 329 49 4 157 893 9 4 4 3 0 
47717 369 439 70 4 353 50 1 127 841 10 4 9 6 0 
47578 398 453 66 4 351 67 2 150 910 3 5 6 7 0 
47588 382 454 82 0 345 56 1 157 906 6 3 11 9 0 
47733 425 376 84 0 303 54 4 145 856 10 5 4 1 0 
47560 442 456 85 3 305 56 4 162 896 13 1 11 6 0 
47713 404 401 78 4 335 50 0 139 852 4 5 9 6 0 
47649 387 430 83 1 308 55 1 160 898 13 3 5 7 0 
47661 396 392 85 4 318 53 2 172 895 5 4 6 7 0 
47693 388 404 79 3 328 56 3 146 879 10 1 3 7 0 
47697 377 451 89 4 299 49 2 155 849 9 7 8 4 0 
47736 385 406 76 5 321 47 0 144 853 6 3 11 7 0 
47650 443 407 89 4 342 54 3 152 838 8 2 3 5 0 
47605 396 419 88 2 346 57 1 152 910 8 5 4 7 0 
47645 375 420 80 4 325 63 2 153 904 12 2 8 7 0 
47718 390 420 68 4 331 66 3 148 839 5 2 4 2 0 
47739 405 409 86 4 317 39 2 144 830 7 1 9 8 0 
47644 402 405 77 2 326 50 1 167 899 7 3 8 9 0 
47641 396 446 80 7 346 51 0 157 859 3 2 5 7 0 
47643 404 413 91 3 302 61 3 169 889 9 2 6 5 0 
47709 402 448 72 3 299 42 3 153 854 8 1 4 2 0 
47709 388 413 74 7 279 52 2 178 873 10 1 7 7 0 
47671 427 419 74 0 306 59 2 132 883 8 3 6 10 0 
47710 398 424 60 2 312 57 3 149 860 7 4 8 6 0 
47621 383 427 74 1 337 57 2 153 920 6 5 7 7 0 
47720 388 430 68 1 322 56 3 140 849 7 5 4 7 0 
47698 396 378 83 4 316 56 2 135 903 9 4 14 2 0 
47728 420 420 75 5 293 48 3 133 851 8 2 2 11 1 
47689 401 418 78 3 361 58 1 136 835 6 5 3 6 0 
47666 403 454 79 1 311 52 4 138 865 10 2 8 7 0 
47643 388 411 72 2 347 67 1 144 905 8 5 6 1 0 
47741 359 408 70 3 311 60 2 159 865 5 2 11 4 0 
47727 368 403 97 4 333 60 2 138 848 8 1 6 5 0 
47661 416 389 102 5 350 51 2 147 854 7 2 8 5 1 
47734 406 413 79 2 309 60 5 149 824 6 3 7 3 0 
47698 385 427 84 2 313 59 3 137 878 2 0 6 6 0 
47691 392 434 74 2 331 52 4 135 859 6 4 9 7 0 
47658 407 420 74 4 330 57 2 145 879 8 5 8 3 0 
47753 385 400 69 3 298 59 3 146 858 7 6 6 7 0 
47696 391 408 65 6 305 59 3 153 892 10 4 3 5 0 
47670 418 444 56 1 325 68 1 147 854 4 3 4 5 0 
47597 436 452 84 7 340 53 2 159 846 11 3 6 3 1 
47658 384 415 78 2 333 58 3 151 903 8 0 3 4 0 
47788 325 445 82 3 301 46 3 150 833 9 3 7 5 0 
47646 389 430 74 4 309 55 2 164 911 1 4 6 5 0 
47742 368 391 79 0 335 51 4 150 853 9 5 10 3 0 
47708 400 435 77 2 335 68 1 124 835 5 1 4 5 0 
47643 390 416 84 2 324 61 0 178 886 7 3 2 4 0 
47739 355 447 67 2 319 73 0 150 820 11 6 8 3 0 
47642 420 437 91 2 295 48 5 134 897 10 4 10 4 1 
47737 388 416 84 0 314 66 1 160 818 7 2 2 5 0 
47703 390 393 107 3 330 42 4 143 869 7 3 1 4 1 
47672 383 403 73 3 334 49 3 126 936 7 4 4 3 0 
47592 384 390 92 4 353 64 2 151 942 9 3 9 5 0 
47718 404 385 83 3 345 61 1 147 835 6 4 5 3 0 
47673 396 400 76 2 313 61 1 167 888 5 5 6 7 0 
47701 378 418 68 2 298 78 5 164 863 3 1 11 10 0 
47736 399 399 75 2 294 64 3 147 870 3 1 6 1 0 
47680 401 421 75 2 348 57 1 157 841 6 3 3 5 0 
47709 370 408 86 1 329 59 3 150 860 7 1 8 9 0 
47668 414 384 80 2 323 62 1 147 898 5 5 8 3 0 
47686 398 419 89 4 305 74 3 141 857 8 2 5 9 0 
47707 352 409 60 6 343 52 2 162 887 6 2 5 7 0 
47759 386 404 74 2 318 55 3 155 822 7 2 10 3 0 
47647 403 419 85 2 354 60 4 152 852 9 2 8 3 0 
47657 379 429 65 4 323 69 1 142 912 6 1 5 7 0 
47746 400 391 88 4 295 57 4 134 860 5 4 6 6 0 
47707 373 400 86 1 338 63 6 153 848 5 8 9 3 0 
47677 386 426 83 1 355 50 3 138 860 4 2 12 3 0 
47670 384 433 87 4 342 65 2 146 850 7 1 4 5 0 
47656 418 441 67 1 330 48 2 145 879 4 1 4 4 0 
47680 406 423 85 6 322 59 1 134 863 3 3 8 7 0 
47672 381 452 81 1 325 40 5 144 873 10 6 3 7 0 
47723 394 429 82 1 305 59 4 136 846 9 3 3 6 0 
47754 377 410 69 1 295 50 0 143 885 3 5 4 4 0 
47737 399 381 87 7 306 71 6 146 837 5 4 7 7 0 
47649 398 433 77 3 334 61 0 123 902 7 4 3 5 1 
47629 392 424 88 1 298 59 4 138 936 12 8 8 3 0 
47694 354 408 74 3 312 53 2 169 912 6 3 6 4 0 
47648 381 436 82 3 322 58 1 167 886 5 3 5 3 0 
47694 390 408 79 1 323 58 2 150 872 6 8 3 6 0 
47663 385 389 68 8 335 59 1 170 899 8 4 7 4 0 
47675 411 401 85 3 309 50 4 168 868 12 3 9 2 0 
47698 379 399 76 2 323 58 3 143 899 9 3 3 5 0 
47745 400 381 82 2 312 60 2 123 871 4 4 7 7 0 
47716 391 418 71 3 321 52 2 120 889 8 1 5 3 0 
47694 419 419 95 8 292 56 3 138 852 9 4 5 6 0 
47752 367 422 85 5 321 46 3 136 847 1 1 7 7 0 
47717 394 411 81 0 304 58 2 155 853 11 2 7 4 1 
47648 413 424 64 7 318 55 2 151 896 8 4 7 3 0 
47657 362 421 94 5 336 55 3 132 917 6 5 2 4 1 
47677 369 438 72 4 316 45 3 139 918 12 1 3 3 0 
47703 369 416 87 2 334 50 5 140 865 9 2 8 10 0 
47727 378 424 73 3 310 64 3 150 856 3 2 5 2 0 
47669 392 417 87 4 313 58 3 156 883 1 2 8 7 0 
47633 401 464 82 4 332 54 2 137 868 9 6 3 5 0 
47720 387 394 75 5 351 60 1 156 835 3 3 5 5 0 
47616 397 444 72 3 335 49 7 149 905 7 4 7 5 0 
47730 348 450 65 2 329 50 3 142 863 4 2 6 6 0 
47702 402 434 57 4 284 58 3 152 874 6 5 6 13 0 
47721 386 404 97 5 361 64 2 144 794 6 2 8 6 0 
47648 389 412 88 5 322 57 3 142 907 7 3 7 10 0 
47646 429 407 93 2 317 53 3 160 864 9 3 11 3 0 
47738 391 404 86 2 313 57 2 160 824 8 4 5 6 0 
47760 393 408 71 4 324 54 4 133 836 4 1 5 3 0 
47673 424 416 90 4 283 81 5 143 870 3 1 6 1 0 
47693 372 463 76 3 332 56 2 165 815 8 4 10 1 0 
47654 390 420 81 4 324 60 2 169 875 7 1 3 10 0 
47700 397 423 60 1 348 72 1 143 833 6 4 5 7 0 
47637 396 437 71 2 351 66 2 152 867 10 2 3 4 0 
47664 420 415 87 4 311 55 4 145 875 6 5 5 4 0 
47710 427 426 108 2 305 49 3 141 810 7 6 3 2 1 
47645 398 422 75 4 311 57 3 149 912 9 4 6 5 0 
47701 350 405 88 4 354 42 2 145 889 7 4 3 6 0 
47674 379 416 86 4 337 55 3 159 866 5 3 5 8 0 
47613 386 433 71 3 338 71 2 160 903 6 5 7 2 0 
47759 368 415 67 0 319 51 2 145 854 7 2 7 4 0 
47557 391 414 94 4 354 56 1 168 938 7 6 4 6 0 
47676 361 427 84 3 345 64 0 150 856 15 6 7 6 0 
47605 369 438 90 4 333 56 4 154 929 6 3 8 1 0 
47761 379 382 62 5 329 59 4 144 860 4 3 5 3 0 
47699 399 409 81 5 329 56 1 152 854 5 1 5 4 0 
47700 403 397 84 4 338 61 2 159 830 5 5 5 7 0 
47561 430 415 84 1 346 61 0 161 915 8 5 7 6 0 
47698 394 384 80 4 331 51 1 148 886 8 3 5 7 0 
47648 405 392 96 3 354 42 2 123 914 6 5 4 5 1 
47608 402 449 84 12 345 62 2 151 862 5 1 7 10 0 
47686 369 394 91 1 330 71 1 149 883 9 3 8 5 0 
47627 388 442 76 2 332 63 7 162 882 6 2 4 7 0 
47685 401 431 72 4 321 52 3 149 850 12 6 9 5 0 
47658 390 424 79 3 316 54 3 162 897 8 1 3 2 0 
47668 383 433 76 1 320 48 0 168 875 6 5 6 10 1 
47690 433 452 71 5 318 51 2 147 805 9 6 7 4 0 
47742 381 415 64 9 306 51 4 134 872 6 1 6 9 0 
47654 403 413 91 3 329 54 2 139 886 9 4 7 6 0 
47591 417 427 87 1 339 61 2 164 883 12 2 11 3 0 
47655 408 397 83 4 313 50 1 159 908 8 3 3 8 0 
47685 408 414 78 3 314 62 2 158 857 6 3 6 4 0 
47685 383 377 67 2 374 40 3 149 906 6 1 4 3 0 
47640 392 421 102 3 335 57 2 154 878 4 2 6 4 0 
47691 377 415 94 5 300 55 3 141 887 12 4 4 12 0 
47656 398 414 84 2 320 46 2 168 889 6 3 6 6 0 
47763 397 403 70 5 320 63 5 135 813 7 3 9 7 0 
47670 392 416 82 4 344 57 2 161 849 7 3 8 5 0 
47706 416 374 81 1 338 57 2 162 835 11 3 9 5 0 
47735 374 384 68 4 322 56 1 163 872 5 3 3 9 1 
47711 355 431 74 1 342 48 2 155 856 9 1 10 5 0 
47762 384 375 79 2 326 50 3 152 853 3 1 7 3 0 
47670 370 440 97 3 312 54 1 136 890 7 2 6 12 0 
47675 399 442 70 3 281 64 1 145 899 11 4 4 2 0 
47693 384 397 94 2 336 58 1 158 858 7 3 4 5 0 
47712 385 450 66 3 325 56 0 142 839 6 3 7 6 0 
47723 391 398 64 0 346 72 2 153 820 12 6 8 5 0 
47709 370 376 84 5 341 50 0 131 920 9 0 3 2 0 
47675 371 431 75 6 309 57 2 157 893 9 3 6 6 0 
47650 359 434 78 2 329 56 2 158 908 7 0 13 4 0 
47719 383 444 80 5 311 63 3 160 812 8 3 5 4 0 
47621 421 446 67 4 330 57 1 169 860 9 4 8 3 0 
47689 397 388 70 3 344 59 2 148 876 2 6 8 8 0 
47704 418 402 79 3 304 51 4 145 880 4 3 3 0 0 
47744 416 400 75 2 325 51 2 138 825 8 6 3 5 0 
47712 388 396 73 4 321 49 2 157 872 6 4 10 6 0 
47694 399 425 70 3 310 50 0 157 871 10 4 4 3 0 
47620 400 413 78 4 342 61 4 144 919 4 4 6 1 0 
47720 359 395 99 2 324 55 2 156 876 4 1 2 5 0 
47669 341 437 65 4 324 63 0 148 927 2 4 9 7 0 
47678 377 471 80 2 326 56 1 134 859 5 1 6 4 0 
47684 368 452 70 2 315 52 2 148 885 4 6 4 8 0 
47692 405 420 84 1 321 66 3 136 855 7 1 4 5 0 
47728 387 419 97 2 295 54 3 133 865 5 2 7 3 0 
47731 409 403 72 6 292 61 2 148 856 11 2 6 1 0 
47646 359 426 79 4 314 57 2 177 913 7 3 7 6 0 
47700 358 391 85 6 358 46 1 159 874 11 3 4 4 0 
47606 420 424 63 5 316 62 1 158 928 5 3 4 5 0 
47695 382 412 97 3 330 66 1 146 843 5 3 11 6 0 
47602 396 425 77 1 307 52 1 170 939 10 4 10 6 0 
47652 371 424 87 7 325 53 2 164 899 4 1 3 8 0 
47700 390 400 73 1 296 56 1 164 891 9 4 10 5 0 
47695 382 403 83 2 333 51 2 164 863 9 1 9 3 0 
47544 380 441 80 7 367 65 3 162 935 5 2 7 2 0 
47700 407 433 77 2 326 41 2 150 841 11 4 3 3 0 
47696 358 416 83 4 326 56 1 141 898 9 4 4 4 0 
47732 383 420 69 1 316 51 2 140 874 4 0 8 0 0 
47719 411 438 83 3 303 46 1 144 834 7 4 4 3 0 
47743 393 420 85 3 307 49 3 154 818 6 2 9 8 0 
47699 383 415 83 2 299 38 6 143 901 7 8 10 6 0 
47720 419 392 67 2 319 50 1 151 850 8 2 12 7 0 
47736 363 413 67 6 300 64 1 163 862 4 7 8 6 0 
47617 402 431 84 4 333 58 3 169 875 10 2 4 8 0 
47770 366 387 84 4 299 50 3 140 875 11 3 5 3 0 
47596 422 395 86 2 345 57 4 175 888 8 4 10 8 0 
47657 393 414 79 3 322 51 3 158 904 2 2 5 7 0 
47667 408 410 76 2 344 61 4 143 862 9 3 6 5 0 
47695 385 385 86 6 316 65 3 163 876 3 5 9 3 0 
47693 395 394 97 2 301 52 6 159 876 10 5 6 4 0 
47709 404 410 81 4 313 60 1 157 839 10 6 2 4 0 
47691 407 449 70 3 311 53 2 131 859 9 5 5 5 0 
47665 388 463 86 1 295 57 4 153 863 8 5 9 3 0 
47663 377 430 89 2 327 59 2 155 873 2 3 9 9 0 
47723 400 423 73 2 337 60 0 145 817 6 4 8 2 0 
47670 385 443 93 3 329 63 4 152 837 4 4 8 5 0 
47706 382 423 77 3 287 55 1 158 892 6 2 5 3 0 
47675 422 446 73 3 339 60 2 153 808 9 3 4 3 0 
47656 388 441 95 3 311 68 1 156 868 4 1 4 4 0 
47695 373 433 89 5 308 57 3 129 878 7 4 10 9 0 
47587 403 440 86 3 315 64 1 162 916 12 1 6 4 0 
47786 376 414 66 3 328 55 2 150 799 4 5 8 4 0 
47697 383 443 74 2 320 56 4 149 839 13 3 9 8 0 
47729 368 430 80 5 311 45 4 167 841 6 3 5 6 0 
47672 408 408 71 1 316 53 1 154 892 8 4 7 5 0 
47675 394 438 88 3 308 68 1 131 870 5 5 11 2 1 
47636 422 412 75 3 346 52 1 132 902 6 2 1 10 0 
47644 429 415 82 1 306 64 3 158 875 12 1 8 2 0 
47566 416 433 75 1 359 59 1 160 909 7 5 5 4 0 
47637 376 441 71 5 355 60 4 142 882 7 5 8 7 0 
47645 417 385 80 4 350 51 3 171 876 7 4 4 3 0 
