241600 2060 1176 388 11 1182 284 8 588 2653 18 5 12 14 1 
241566 2066 1171 344 9 1187 306 15 577 2694 22 6 23 14 0 
241715 2065 1091 333 9 1193 329 11 626 2566 25 9 12 16 0 
241576 2047 1207 372 4 1169 319 8 615 2628 23 8 11 13 0 
241519 2019 1175 361 12 1234 374 10 589 2653 25 7 11 11 0 
241482 2027 1168 366 10 1230 339 6 596 2731 18 4 13 10 0 
241583 1987 1224 351 10 1184 327 6 631 2643 26 7 10 11 0 
241649 1986 1123 402 9 1221 298 6 603 2645 31 2 13 12 0 
241641 2082 1154 346 9 1140 299 7 590 2681 25 2 12 12 0 
241594 2046 1178 366 8 1191 327 8 614 2608 23 6 12 19 0 
241537 2101 1228 358 7 1166 333 11 613 2592 25 6 11 12 0 
241572 2030 1135 367 8 1240 316 12 595 2690 9 7 12 7 0 
241591 2045 1198 366 10 1198 304 13 602 2614 22 11 13 12 1 
241540 2046 1185 376 8 1209 349 11 604 2624 20 4 12 12 0 
241600 2000 1170 369 10 1182 327 10 617 2653 27 10 15 10 0 
241556 1996 1222 342 10 1257 350 11 577 2629 20 3 12 15 0 
241481 2120 1183 361 14 1113 314 7 599 2760 20 8 7 13 0 
241564 2110 1167 333 9 1203 304 13 608 2638 18 4 11 18 0 
241610 2068 1167 324 6 1202 359 7 598 2610 20 8 10 11 0 
241467 2111 1208 358 11 1288 359 12 557 2579 19 12 8 11 0 
241558 2014 1226 341 4 1237 310 10 582 2672 14 7 14 11 0 
241617 2105 1129 333 4 1221 325 6 574 2629 27 5 9 16 0 
241601 2073 1174 364 9 1215 348 10 607 2560 20 4 8 7 0 
241537 2026 1184 357 9 1191 321 9 648 2669 23 5 10 11 0 
241584 2050 1121 400 11 1233 315 10 569 2649 29 8 13 8 0 
241575 2034 1152 363 11 1220 343 14 589 2640 25 4 20 10 0 
241552 2051 1205 335 11 1205 302 7 608 2667 24 8 8 17 0 
241667 2011 1233 323 9 1188 328 6 545 2655 16 4 8 7 0 
241438 1968 1237 363 11 1221 323 9 674 2695 32 10 11 8 0 
241546 2033 1191 360 7 1194 319 10 590 2698 28 5 8 11 0 
241486 2117 1152 342 5 1262 315 12 601 2650 27 7 13 11 0 
241527 2000 1160 374 8 1204 368 14 625 2673 21 6 8 12 0 
241559 2104 1151 350 9 1178 339 10 595 2659 12 6 12 16 0 
241684 2002 1156 377 8 1182 327 8 659 2548 18 7 14 10 0 
241666 1954 1149 344 9 1230 326 7 604 2660 29 3 10 9 0 
241572 2068 1174 350 8 1234 302 5 563 2669 19 8 12 16 0 
241570 2039 1174 371 7 1183 308 10 597 2685 29 5 9 13 0 
241752 2011 1116 366 15 1200 290 8 608 2582 23 4 13 12 0 
241561 2004 1145 363 8 1229 333 10 577 2700 32 8 17 13 0 
241418 2063 1254 379 10 1199 307 15 682 2621 25 6 6 15 0 
241665 2011 1136 335 11 1209 338 8 590 2645 25 4 14 9 0 
241459 2020 1238 386 14 1199 314 13 622 2689 20 1 10 15 0 
241505 2150 1191 360 9 1174 323 12 569 2661 17 8 9 12 0 
241547 2107 1191 358 9 1243 320 10 565 2597 23 7 12 11 0 
241582 2005 1176 365 7 1167 308 8 626 2699 26 12 10 9 0 
241590 2105 1155 316 14 1175 295 8 590 2678 30 7 15 22 0 
241467 2030 1191 349 11 1258 342 4 643 2644 24 3 17 17 0 
241706 1960 1170 364 11 1194 323 10 569 2633 25 11 11 13 0 
241515 2082 1175 365 11 1274 311 8 610 2611 15 5 11 7 0 
241593 2062 1119 341 7 1196 332 8 585 2704 18 7 10 18 0 
241726 1993 1148 332 8 1174 314 6 608 2630 23 14 10 14 0 
241599 2083 1148 354 12 1209 300 5 616 2617 26 10 10 11 0 
241533 2083 1157 382 4 1235 308 14 588 2638 32 5 9 12 0 
241558 2128 1162 367 7 1201 316 8 576 2635 20 4 9 9 0 
241773 1973 1144 328 6 1164 318 8 577 2667 20 4 11 7 0 
241711 2100 1131 339 12 1140 321 10 607 2576 26 4 14 9 0 
241574 2047 1156 337 12 1269 333 10 582 2624 20 8 14 14 0 
241444 2122 1106 366 14 1227 315 9 610 2737 24 3 12 11 0 
241651 2028 1202 355 6 1180 331 9 563 2620 24 8 8 15 0 
241372 2077 1238 370 12 1186 364 11 607 2709 20 6 12 15 1 
241705 2053 1141 342 8 1207 318 7 543 2618 23 8 12 15 0 
241648 2048 1186 335 9 1156 320 10 608 2636 20 2 10 12 0 
241627 2047 1137 375 14 1199 313 6 545 2687 23 7 7 13 0 
241553 2056 1187 366 15 1210 313 9 544 2678 35 9 7 18 0 
241555 2061 1166 373 6 1212 319 10 610 2640 20 10 6 12 0 
241476 2109 1218 325 9 1193 366 5 584 2666 28 6 11 4 0 
241650 2089 1183 326 9 1197 306 10 601 2577 26 5 9 10 2 
241549 2036 1177 348 9 1227 326 10 617 2647 23 9 11 11 0 
241582 2023 1226 369 9 1161 312 6 611 2651 20 7 10 13 0 
241510 2021 1182 352 7 1213 307 10 624 2725 23 6 8 12 0 
241673 2082 1200 369 14 1119 327 9 561 2600 21 5 12 8 0 
241544 2012 1189 367 7 1223 345 6 578 2666 29 5 9 20 0 
241640 2084 1131 383 9 1111 333 5 626 2625 22 14 7 10 0 
241511 2051 1195 328 9 1194 340 8 602 2708 26 6 12 10 0 
241680 2022 1111 348 12 1199 325 7 611 2621 25 11 14 14 0 
241532 2060 1163 351 12 1158 321 13 585 2729 31 14 14 16 1 
241599 1978 1198 380 12 1231 334 13 617 2584 24 4 14 12 0 
241641 1987 1198 387 11 1176 350 13 544 2654 15 8 11 5 0 
241726 2009 1124 343 8 1191 370 10 617 2552 22 5 12 11 0 
241618 2105 1119 307 5 1236 324 10 550 2668 22 7 15 14 0 
241612 2061 1161 345 10 1190 348 9 639 2569 20 8 14 13 1 
241571 2067 1168 359 6 1182 307 10 597 2681 20 12 11 8 1 
241587 1999 1228 337 11 1236 306 4 567 2674 13 4 15 19 0 
241513 2094 1183 363 12 1175 342 7 592 2670 20 4 15 10 0 
241691 2063 1212 362 7 1174 334 10 579 2509 21 7 11 20 0 
241627 2065 1151 395 12 1169 333 12 589 2595 20 8 12 12 0 
241565 1998 1212 373 5 1215 306 6 604 2658 18 8 19 13 0 
241638 2009 1213 303 11 1275 334 6 559 2597 23 11 9 12 0 
241644 1990 1189 356 16 1196 344 6 585 2623 18 10 12 11 0 
241692 2110 1116 318 14 1167 292 8 597 2622 24 7 14 18 1 
241687 1987 1173 359 11 1175 339 6 552 2660 23 5 13 10 0 
241571 2080 1208 361 9 1235 301 6 586 2590 17 9 14 13 0 
241598 2070 1146 336 7 1198 336 7 576 2663 26 9 17 10 1 
241581 2091 1156 328 5 1186 304 10 639 2646 19 7 15 13 0 
241737 1989 1139 317 15 1176 309 10 583 2672 18 9 9 16 1 
241717 1939 1114 345 12 1235 328 12 675 2572 25 5 11 10 0 
241638 2033 1191 362 9 1140 335 4 565 2666 22 7 16 12 0 
241645 2016 1137 359 6 1195 320 8 588 2666 26 10 9 15 0 
241585 2063 1162 376 15 1215 329 11 578 2594 26 9 20 17 0 
241572 2119 1136 326 7 1163 305 11 633 2698 15 3 5 7 0 
241683 2076 1080 335 12 1228 299 12 603 2624 16 7 14 11 0 
241578 2084 1145 356 7 1212 294 6 597 2665 22 5 15 14 0 
241582 2080 1162 354 10 1177 341 18 589 2632 23 7 13 12 0 
241524 1998 1174 390 9 1193 327 9 586 2727 26 7 22 8 0 
241393 2073 1201 391 14 1216 325 3 599 2732 27 7 10 9 0 
241659 2039 1122 321 2 1241 323 11 572 2653 20 15 10 12 0 
241580 2064 1164 371 11 1230 316 9 624 2573 26 6 12 14 0 
241670 1995 1082 367 8 1191 324 12 639 2658 28 5 15 6 0 
241618 2032 1109 329 14 1182 346 3 627 2688 15 8 12 17 0 
241496 2084 1153 339 10 1263 350 9 575 2668 24 4 14 11 0 
241664 2004 1140 335 15 1210 348 4 576 2640 30 9 14 11 0 
241477 2059 1202 351 9 1228 367 7 572 2691 11 9 7 9 1 
241566 2047 1162 366 8 1208 306 12 573 2702 23 9 10 8 0 
241628 2071 1130 329 14 1234 336 8 552 2639 25 6 16 11 1 
241638 2006 1159 354 11 1228 304 7 575 2661 25 8 10 14 0 
241803 1941 1186 339 7 1221 348 11 572 2521 26 6 8 11 0 
241591 2084 1174 357 15 1160 309 14 601 2638 17 8 15 17 0 
241753 1939 1183 351 7 1199 322 9 602 2582 23 4 11 15 0 
241488 2028 1237 366 9 1163 338 8 626 2682 26 8 9 12 0 
241654 2055 1148 338 10 1147 337 5 576 2680 20 11 8 11 0 
241573 2061 1167 370 5 1177 310 5 595 2676 31 7 10 13 0 
241593 2016 1137 361 13 1244 317 4 606 2658 23 6 7 14 1 
241747 1983 1167 373 11 1202 326 7 552 2590 15 5 10 12 0 
241633 2082 1187 359 10 1204 329 11 555 2585 22 5 10 8 0 
241565 2052 1188 329 9 1228 342 8 597 2635 19 4 8 16 0 
241563 1988 1222 360 8 1231 320 13 585 2657 25 5 11 12 0 
241438 2087 1171 366 5 1251 344 12 591 2689 18 5 8 15 0 
241381 2136 1189 324 9 1253 324 8 608 2711 22 4 12 19 0 
241643 2017 1171 358 7 1146 306 5 570 2723 24 6 13 11 0 
241701 2029 1143 360 7 1167 332 2 584 2619 31 3 9 13 0 
241564 2075 1140 382 4 1159 306 6 611 2700 21 6 15 11 0 
241665 1995 1198 350 10 1188 347 10 594 2576 30 10 15 12 0 
241586 2070 1189 354 13 1280 303 9 590 2545 23 11 15 12 0 
241676 2027 1132 378 9 1186 315 13 591 2622 21 11 4 15 0 
241367 2065 1226 368 17 1192 307 13 630 2756 26 6 17 10 0 
241545 2105 1163 311 10 1188 296 8 606 2707 21 11 12 17 0 
241576 2026 1186 352 4 1205 324 9 582 2675 31 7 7 16 0 
241659 2004 1187 352 4 1147 348 9 606 2614 31 9 16 13 1 
241580 2084 1164 334 11 1116 302 10 661 2694 19 8 8 9 0 
241594 2104 1222 342 11 1144 332 14 589 2593 23 5 15 12 0 
241379 2123 1228 366 11 1219 334 7 600 2681 18 8 13 13 0 
241723 1938 1150 331 8 1181 300 10 580 2724 19 6 12 17 1 
241659 2011 1205 370 7 1191 340 15 631 2514 26 6 16 9 0 
241693 2004 1147 352 9 1209 298 4 563 2659 24 11 13 14 0 
241646 2048 1156 296 7 1197 364 5 597 2630 18 8 10 18 0 
241651 1979 1160 350 15 1212 329 10 581 2651 21 9 16 16 0 
241563 2014 1174 311 6 1227 307 7 592 2729 29 14 19 8 0 
241452 2029 1267 315 10 1205 344 14 623 2689 23 1 14 14 0 
241577 1960 1214 344 5 1220 341 10 633 2638 14 8 18 18 0 
241683 1983 1102 345 9 1178 344 6 615 2679 20 7 14 15 0 
241684 2037 1195 359 10 1152 292 7 600 2610 33 8 4 9 0 
241456 2047 1204 364 13 1244 325 12 585 2685 24 8 15 18 0 
241543 2107 1153 355 9 1175 292 16 596 2692 24 3 20 15 0 
241541 2044 1188 329 15 1225 361 8 580 2655 21 13 8 12 0 
241686 2120 1108 345 8 1162 312 5 596 2596 26 6 13 17 0 
241586 1971 1212 370 11 1249 337 11 595 2602 27 4 12 13 0 
241554 2028 1149 358 12 1231 333 4 597 2680 16 8 15 15 0 
241525 2072 1202 359 13 1232 315 10 599 2626 18 6 8 15 0 
241538 1992 1161 358 6 1259 323 7 595 2703 24 8 12 14 0 
241650 1973 1159 343 8 1215 296 6 595 2705 20 5 12 13 0 
241523 2037 1138 374 11 1216 330 15 614 2696 21 7 10 8 0 
241466 2029 1230 366 6 1255 314 7 617 2655 19 10 17 9 0 
241616 2064 1149 334 9 1229 324 14 607 2596 29 5 11 13 0 
241625 2025 1222 370 13 1248 322 11 571 2533 29 10 16 5 0 
241651 2006 1159 335 15 1177 329 8 610 2646 21 9 17 17 0 
241641 2011 1191 348 9 1252 286 6 542 2657 20 7 14 16 0 
241596 2071 1187 356 4 1225 310 12 602 2586 21 6 12 12 0 
241521 2026 1190 354 13 1153 351 12 607 2721 18 11 16 7 0 
241544 1992 1178 387 9 1210 306 10 592 2710 26 9 16 11 0 
241577 1993 1132 347 9 1245 295 10 596 2732 26 8 15 15 0 
241453 2101 1209 345 11 1223 324 14 620 2643 27 4 15 11 0 
241619 1994 1131 368 5 1230 334 9 609 2646 22 7 11 15 0 
241443 2052 1184 386 14 1257 322 5 595 2681 29 7 10 15 0 
241608 1982 1176 341 7 1232 351 8 554 2678 25 8 16 14 0 
241468 2086 1225 357 6 1189 301 13 619 2682 24 8 15 7 0 
241464 2147 1187 352 13 1222 353 7 568 2641 24 2 9 11 0 
241678 1959 1210 374 7 1162 331 9 606 2608 21 9 16 10 0 
241574 2001 1213 371 6 1206 356 6 589 2624 25 8 5 15 1 
241480 2083 1197 381 9 1216 338 5 558 2654 33 13 15 18 0 
241648 2017 1135 414 7 1222 328 12 613 2557 17 8 13 9 0 
241652 2008 1199 375 9 1158 314 9 618 2604 21 10 15 8 0 
241525 2091 1136 321 9 1228 312 13 586 2722 35 4 9 9 0 
241578 2056 1090 381 8 1243 312 7 606 2667 18 9 7 18 0 
241445 2114 1153 323 5 1264 345 4 600 2683 28 5 11 20 0 
241588 2056 1157 310 12 1222 293 8 623 2684 17 9 12 9 0 
241716 2025 1110 334 3 1210 325 9 652 2566 22 5 14 9 0 
241514 2038 1181 367 7 1210 326 7 616 2666 28 10 14 16 0 
241473 2086 1180 354 14 1219 294 8 653 2671 15 4 10 19 0 
241697 2033 1176 330 9 1166 305 8 568 2644 27 10 13 14 0 
241615 1986 1151 353 12 1186 354 13 598 2675 20 9 12 16 0 
241504 2117 1187 343 1 1163 311 5 575 2740 30 6 5 13 0 
241641 1977 1136 375 14 1179 347 7 583 2686 22 7 13 13 0 
241703 2042 1136 350 9 1225 320 8 611 2552 12 7 11 14 0 
241594 1973 1181 348 9 1190 323 10 609 2715 21 6 10 11 0 
241665 1958 1211 344 11 1183 323 10 581 2660 19 10 9 16 0 
241558 2023 1245 384 8 1172 303 10 639 2606 20 10 7 15 0 
241656 2076 1197 360 13 1133 324 13 586 2594 20 6 12 10 0 
241627 2052 1128 342 12 1163 285 12 605 2723 22 9 10 10 0 
241776 1962 1127 326 8 1196 326 10 617 2609 23 3 9 8 0 
241670 1959 1152 372 12 1242 367 4 594 2577 20 3 17 11 0 
241482 2030 1175 330 6 1195 337 11 688 2692 24 7 10 13 0 
241532 2067 1233 374 11 1198 361 8 584 2568 25 10 15 13 1 
241688 2044 1115 345 3 1173 309 8 608 2640 30 9 13 15 0 
241543 2025 1191 332 13 1212 299 4 606 2733 17 5 14 6 0 
241480 2126 1231 332 10 1238 317 5 544 2669 21 7 11 9 0 
241531 2081 1159 355 8 1191 329 8 602 2680 26 9 14 7 0 
241743 1924 1139 386 7 1218 335 6 589 2592 20 9 17 14 1 
241541 1981 1167 350 6 1263 337 11 606 2687 19 9 15 8 0 
241542 2067 1244 344 7 1150 340 13 576 2659 24 5 17 12 0 
241445 2088 1190 375 11 1199 327 5 560 2744 22 13 9 12 0 
241588 2019 1221 351 9 1246 331 13 619 2543 25 8 13 14 0 
241682 2022 1157 331 14 1228 290 8 600 2614 27 5 9 13 0 
241602 2029 1193 378 7 1213 365 11 580 2577 23 3 7 12 0 
241568 2006 1191 367 8 1211 345 9 615 2607 32 13 10 17 1 
241551 1976 1138 400 7 1227 334 16 623 2670 26 7 15 10 0 
241591 2052 1166 354 15 1171 309 5 634 2654 20 5 15 9 0 
241614 2000 1157 385 13 1161 292 11 584 2719 27 9 13 15 0 
241571 2022 1188 356 7 1265 308 10 551 2656 28 3 21 14 0 
241654 2057 1224 350 11 1164 317 13 587 2574 24 4 9 12 0 
241597 2076 1171 390 8 1193 370 9 566 2573 20 6 9 12 0 
241680 2022 1175 352 12 1116 345 11 629 2615 24 2 11 6 0 
241512 2057 1166 341 12 1326 320 13 574 2624 24 8 10 13 0 
241481 2063 1229 363 8 1223 366 7 532 2664 33 5 7 19 0 
241696 2053 1161 314 10 1207 304 6 599 2577 28 10 17 18 0 
241548 2128 1207 390 5 1136 313 8 577 2634 17 8 13 16 0 
241622 1915 1231 378 6 1201 333 6 596 2664 28 4 8 8 0 
241551 2040 1219 346 14 1181 318 7 599 2681 28 4 9 3 0 
241505 2097 1172 343 3 1196 321 10 614 2678 27 8 14 12 0 
241467 2073 1158 355 14 1200 366 10 604 2701 23 7 9 13 0 
241534 2063 1147 320 7 1259 301 3 611 2709 17 4 11 14 0 
241664 2068 1163 372 6 1219 351 9 567 2530 24 7 10 10 0 
241457 2036 1192 335 8 1296 312 14 570 2722 25 7 13 13 0 
241736 2006 1130 385 12 1139 319 8 572 2637 24 7 8 17 0 
241629 2021 1233 352 8 1192 331 11 587 2574 22 14 12 14 0 
241692 2085 1156 355 9 1182 316 10 579 2550 25 6 18 17 0 
241431 2042 1210 330 7 1237 342 9 639 2706 21 6 7 13 0 
241545 2043 1211 334 8 1279 313 12 563 2638 24 10 5 15 0 
241614 2051 1205 345 9 1180 321 11 612 2610 20 6 8 8 0 
241692 1988 1153 374 8 1196 347 10 594 2592 22 7 6 11 0 
241516 2023 1138 392 14 1241 351 15 586 2671 23 8 8 14 0 
241671 1978 1130 343 11 1158 352 8 621 2670 26 13 10 9 0 
241691 2025 1177 332 6 1153 320 12 573 2667 13 9 9 13 0 
241605 2041 1144 355 15 1177 324 9 592 2686 24 8 12 8 0 
241563 2038 1118 345 13 1274 341 9 603 2654 21 8 7 5 1 
241661 2027 1232 309 11 1180 326 13 622 2566 21 6 15 11 0 
241469 2085 1197 338 10 1193 346 6 633 2666 26 4 11 16 0 
241586 2045 1195 371 9 1219 329 10 612 2577 23 5 10 9 0 
241489 2021 1180 374 7 1186 307 12 620 2749 27 1 13 14 0 
241583 2101 1178 317 10 1161 329 12 615 2640 24 5 14 11 0 
241705 1988 1165 371 11 1141 334 3 590 2623 29 7 24 9 0 
241610 2029 1138 373 9 1232 313 3 630 2609 21 11 11 11 0 
241561 2121 1179 398 14 1162 322 15 616 2562 19 6 14 11 0 
241692 1927 1193 360 7 1250 298 13 603 2610 21 1 14 11 0 
241572 2031 1174 346 8 1226 301 12 604 2671 26 6 13 10 0 
241717 1972 1142 365 8 1187 329 12 576 2648 19 3 10 12 0 
241537 2067 1153 368 11 1238 334 9 581 2654 26 3 12 7 0 
241625 2106 1141 343 8 1190 282 6 600 2632 25 9 17 15 1 
241703 1984 1142 342 8 1206 353 17 582 2608 30 7 8 10 0 
241564 2091 1190 356 10 1151 329 12 600 2646 26 3 11 11 0 
241639 1997 1204 332 13 1209 341 5 608 2602 21 9 8 12 0 
241548 2041 1183 336 7 1162 337 8 608 2710 30 9 10 11 0 
241573 1991 1195 363 13 1257 330 10 574 2649 16 10 11 8 0 
241574 2064 1163 350 15 1125 350 9 597 2707 18 5 8 15 0 
241501 2066 1180 350 10 1267 341 8 569 2658 18 8 13 11 0 
241469 2060 1178 374 4 1219 313 13 602 2718 18 4 10 18 0 
241607 2049 1184 332 7 1300 321 7 590 2540 33 8 9 13 0 
241664 1939 1203 348 10 1208 325 8 583 2652 26 10 13 11 0 
241582 1992 1162 364 8 1201 342 12 611 2675 20 4 12 15 0 
241600 2024 1172 373 6 1226 333 7 601 2610 23 4 6 15 0 
241603 1970 1179 336 12 1203 328 6 585 2734 18 9 9 8 0 
241454 2106 1225 365 4 1238 312 9 593 2638 17 9 14 16 0 
241381 2082 1203 366 18 1280 338 4 572 2704 25 10 8 9 0 
241608 1935 1224 372 3 1222 332 8 561 2661 34 10 19 11 0 
241699 2076 1188 331 10 1195 323 11 563 2553 16 9 9 17 0 
241394 2059 1274 361 9 1246 329 10 589 2671 26 6 12 14 0 
241604 1980 1145 338 6 1242 325 9 575 2724 25 6 6 15 0 
241662 2136 1185 353 4 1134 333 11 624 2509 23 3 6 17 0 
241766 2000 1143 363 13 1220 298 4 528 2601 27 12 13 12 0 
241429 2171 1158 373 5 1220 308 8 672 2599 26 8 11 12 0 
241678 1969 1225 344 11 1153 307 11 624 2622 19 10 17 10 0 
241656 2020 1192 321 8 1186 325 15 580 2645 21 7 12 12 0 
241643 2068 1112 381 7 1202 326 8 636 2570 22 4 10 11 0 
241570 2108 1177 348 5 1222 302 4 615 2591 25 6 13 14 0 
241572 2039 1187 351 3 1249 341 6 604 2594 21 10 11 12 0 
241560 2053 1163 350 16 1204 324 9 601 2657 27 6 15 15 0 
241517 2040 1129 345 5 1264 326 17 614 2692 19 6 12 13 1 
241486 2132 1232 366 8 1179 307 9 597 2630 29 2 5 17 1 
241581 2044 1183 340 10 1223 317 16 624 2604 26 7 16 9 0 
241505 2063 1179 315 6 1223 310 9 646 2689 24 5 11 15 0 
241635 1970 1138 332 13 1234 295 9 629 2693 27 7 11 7 0 
241679 2010 1191 330 9 1213 338 4 609 2560 19 12 19 7 0 
241401 2033 1184 358 14 1275 340 9 663 2666 25 3 11 17 1 
241506 2073 1171 370 11 1249 337 12 571 2646 20 11 10 13 0 
241533 2122 1217 336 10 1216 322 5 597 2583 23 7 17 12 0 
241727 2059 1106 352 8 1193 323 7 616 2554 22 8 12 13 0 
241574 2028 1175 363 11 1225 302 10 552 2713 18 2 16 11 0 
241698 1994 1207 338 9 1164 336 8 575 2616 24 10 11 10 0 
241591 2019 1152 332 7 1198 301 9 584 2757 24 2 10 14 0 
241614 2068 1189 326 7 1184 309 13 552 2689 21 7 5 16 0 
241560 1989 1173 355 4 1262 345 8 589 2661 19 9 13 12 1 
241431 2037 1211 348 8 1239 344 6 584 2743 22 4 12 10 1 
241540 2119 1141 350 13 1236 303 8 625 2607 29 9 13 7 0 
241607 2022 1126 391 7 1232 329 8 610 2624 15 7 13 9 0 
241472 2016 1203 323 12 1232 351 10 604 2711 32 11 9 14 0 
241559 2022 1178 390 7 1208 316 6 583 2676 27 5 16 7 0 
241555 2093 1221 367 9 1175 334 12 560 2621 22 4 14 13 0 
241552 2078 1152 352 7 1254 328 7 597 2621 19 5 12 16 0 
241712 1964 1206 343 6 1223 291 9 599 2586 24 6 12 19 0 
241433 2055 1199 355 10 1212 346 8 596 2722 24 7 16 17 0 
241622 2036 1186 358 12 1229 314 11 589 2609 16 2 5 11 0 
241467 2032 1199 352 8 1259 347 3 626 2642 25 9 16 15 0 
241417 2079 1206 358 8 1246 337 8 587 2701 24 10 10 8 1 
241616 2006 1211 333 9 1237 338 10 615 2580 25 6 7 7 0 
241615 2002 1211 369 8 1230 303 6 610 2595 25 4 7 15 0 
241590 2069 1160 325 16 1228 307 5 575 2669 27 9 12 8 0 
241646 2078 1098 352 8 1220 308 3 645 2591 24 11 9 7 0 
241590 1995 1157 354 19 1196 305 9 616 2704 28 4 11 12 0 
241631 1953 1193 333 8 1200 319 6 588 2707 23 5 15 19 0 
241499 2128 1139 354 16 1231 344 10 566 2658 28 6 11 10 0 
241673 2045 1140 361 7 1234 333 8 566 2577 23 10 14 8 1 
241407 2060 1157 378 11 1258 331 11 645 2687 28 4 9 14 0 
241556 2047 1152 357 12 1226 310 14 639 2638 20 6 11 11 1 
241586 2044 1157 373 10 1211 312 10 611 2625 28 5 13 15 0 
241573 2074 1219 347 8 1136 337 9 549 2674 36 6 17 15 0 
241449 2143 1204 346 8 1196 321 10 601 2661 30 6 17 7 1 
241674 2032 1163 328 15 1235 308 8 624 2560 31 3 6 13 0 
241432 2032 1155 357 13 1265 323 11 591 2761 16 5 23 16 0 
241694 1933 1139 373 7 1161 329 8 573 2713 32 9 12 17 0 
241509 2016 1215 381 6 1254 318 5 549 2690 30 7 11 9 0 
241523 2061 1133 396 11 1257 332 13 601 2614 24 7 11 17 0 
241563 2054 1139 355 3 1191 337 9 647 2649 21 12 13 7 0 
241551 2035 1149 324 13 1243 343 8 626 2648 26 3 15 16 0 
241591 2035 1159 314 7 1261 294 8 602 2669 32 9 6 13 0 
241674 2001 1175 346 8 1202 320 8 650 2563 23 10 6 14 0 
241504 2107 1135 374 12 1256 320 14 600 2621 20 10 16 11 0 
241662 2031 1178 376 12 1195 340 12 569 2560 20 11 13 21 0 
241545 2033 1202 366 6 1258 322 10 559 2643 25 4 10 16 1 
241639 2007 1182 357 11 1273 329 6 607 2539 23 6 14 7 0 
241671 2012 1159 347 15 1213 296 11 577 2642 30 6 9 12 0 
241699 2042 1200 327 6 1185 295 9 573 2615 29 7 6 7 0 
241596 2013 1161 359 8 1217 332 8 605 2626 34 7 16 18 0 
241612 1978 1151 341 8 1298 324 8 595 2633 26 4 13 9 0 
241670 2065 1115 359 4 1166 307 5 605 2661 21 7 7 8 0 
241475 2057 1205 359 11 1241 315 8 577 2695 24 11 7 15 0 
241416 2056 1199 344 8 1262 340 7 596 2715 26 7 10 14 0 
241413 2126 1247 350 11 1208 327 7 601 2668 21 6 6 9 0 
241659 2000 1170 388 11 1199 332 18 599 2571 24 5 13 11 0 
241551 1966 1189 370 8 1273 341 11 604 2622 26 13 8 18 0 
241544 2094 1224 357 9 1199 321 7 611 2590 18 7 10 9 0 
241674 2080 1157 328 11 1201 309 10 567 2609 26 5 12 11 0 
241483 2038 1198 328 11 1281 325 9 551 2729 24 7 8 8 0 
241738 2090 1138 325 7 1156 296 7 596 2592 27 4 13 11 0 
241469 2153 1139 331 11 1220 304 5 624 2678 30 3 18 15 0 
241601 2000 1185 350 10 1252 336 9 639 2565 23 8 7 15 0 
241626 2077 1178 333 8 1203 327 10 618 2568 25 9 9 9 0 
241586 2051 1151 363 7 1172 317 6 573 2728 15 3 7 21 0 
241476 2052 1213 366 13 1227 346 11 614 2628 24 4 11 15 0 
241450 2118 1131 345 12 1264 320 10 597 2701 24 5 14 9 0 
241500 2015 1138 351 7 1248 345 7 598 2735 30 4 5 17 0 
241567 2104 1160 384 8 1180 303 17 605 2615 25 5 12 15 0 
241597 2084 1181 342 13 1178 334 12 571 2648 17 6 9 8 0 
241748 1984 1165 328 9 1239 333 8 557 2578 21 3 15 12 0 
241649 2092 1191 342 6 1176 328 6 592 2560 22 11 10 15 0 
241697 1984 1161 348 2 1219 321 7 604 2617 14 8 10 8 0 
241534 1991 1194 373 7 1195 311 12 685 2656 17 4 9 12 0 
241424 2003 1199 354 9 1264 301 7 615 2761 26 7 10 20 0 
241612 1977 1184 384 10 1176 375 9 602 2612 28 7 13 11 0 
241549 2134 1142 348 6 1204 318 11 566 2653 32 11 15 11 0 
241635 2045 1182 367 10 1169 313 8 578 2648 18 8 6 12 1 
241582 2100 1170 377 13 1204 296 11 547 2642 20 8 16 14 0 
241599 1966 1149 326 11 1234 338 13 595 2716 24 5 14 10 0 
241352 2035 1271 405 8 1246 345 7 584 2691 27 10 6 13 0 
241551 2017 1209 362 11 1231 321 10 639 2596 23 11 11 7 1 
241522 2028 1239 355 10 1183 338 9 588 2676 19 9 9 15 0 
241538 2104 1229 328 8 1172 306 13 574 2659 32 11 17 9 0 
241524 2029 1169 373 5 1209 379 8 577 2673 27 4 8 15 0 
241524 2067 1170 336 12 1248 317 7 627 2645 16 3 11 17 0 
241541 2052 1160 356 12 1214 316 15 610 2675 25 6 11 7 0 
241742 2046 1120 352 5 1153 318 10 592 2612 23 5 6 16 0 
241634 2053 1147 397 4 1133 359 9 595 2607 23 9 16 14 0 
241510 1978 1184 346 11 1224 333 11 612 2736 19 10 8 18 0 
241571 2088 1160 379 10 1205 309 10 571 2647 24 9 8 9 0 
241494 2084 1203 364 12 1204 324 13 606 2643 22 5 10 16 0 
241607 2045 1189 342 11 1174 315 10 582 2673 21 5 10 16 0 
241707 1972 1202 350 10 1191 324 10 563 2614 27 11 9 10 0 
241593 2060 1216 334 6 1215 331 7 567 2628 19 4 9 11 0 
241534 2058 1227 357 10 1248 321 6 553 2643 16 10 10 7 0 
241506 2019 1196 338 16 1239 316 10 593 2720 16 6 14 11 0 
241501 2005 1216 370 10 1254 310 7 625 2654 27 3 7 11 0 
241367 2142 1175 339 7 1285 329 11 609 2696 14 4 8 13 1 
241589 2091 1155 338 7 1221 320 8 636 2594 15 5 10 11 0 
241491 2062 1180 369 9 1192 327 10 632 2662 21 17 9 19 0 
241443 2051 1172 357 10 1262 310 5 657 2680 20 10 12 11 0 
241509 2093 1180 364 9 1198 337 10 598 2645 20 7 14 16 0 
241392 2047 1156 392 5 1292 301 6 643 2719 17 8 13 9 0 
241509 2074 1224 324 8 1200 330 9 568 2703 20 4 10 17 0 
241559 2031 1203 376 11 1174 337 8 602 2641 25 10 13 10 0 
241652 1992 1183 375 6 1191 296 11 606 2635 16 9 15 13 0 
241685 2032 1211 348 6 1188 340 9 586 2558 15 3 8 11 0 
241468 2076 1162 337 14 1237 335 9 625 2686 18 12 7 14 0 
241627 2062 1133 337 17 1157 346 6 617 2640 28 8 10 12 0 
241573 2058 1227 348 3 1211 315 9 614 2587 19 4 15 17 0 
241571 2134 1157 346 5 1176 357 7 606 2579 18 13 16 15 0 
241511 2100 1199 351 4 1165 318 13 569 2719 26 6 10 9 0 
241570 2021 1129 352 12 1245 307 6 558 2742 24 7 11 16 0 
241370 2060 1208 368 9 1234 334 8 620 2742 29 3 10 5 0 
241483 2064 1236 369 8 1181 338 5 580 2685 21 9 11 10 0 
241627 2047 1137 322 8 1221 322 5 627 2627 19 4 21 13 0 
241621 2030 1182 373 13 1173 351 10 582 2611 13 8 23 10 0 
241444 2089 1170 356 13 1285 307 9 612 2654 25 10 15 11 0 
241556 2084 1210 368 7 1183 309 11 569 2648 23 5 13 14 0 
241580 2129 1200 330 6 1180 335 12 555 2621 25 6 9 12 0 
241585 2009 1186 348 8 1240 330 12 550 2678 22 9 15 8 0 
241599 2065 1216 342 4 1100 324 11 611 2678 24 1 11 14 0 
241445 2086 1217 371 14 1178 348 12 610 2664 27 7 10 11 0 
241625 2043 1136 348 9 1194 328 10 613 2634 28 6 16 10 0 
241524 2049 1168 365 5 1199 346 9 577 2709 20 10 8 11 0 
241649 2041 1180 339 12 1246 325 6 619 2536 22 8 5 12 0 
241612 2103 1105 372 2 1188 312 10 578 2660 32 9 9 8 0 
241544 2111 1159 358 8 1174 329 12 612 2643 23 8 11 8 0 
241636 2069 1134 376 12 1180 348 5 595 2588 19 11 12 15 0 
241640 2059 1217 332 11 1185 329 10 545 2620 26 6 11 9 0 
241643 2013 1202 352 4 1255 316 7 558 2593 21 6 17 13 0 
241603 2030 1169 352 10 1192 319 12 609 2646 24 8 14 12 0 
241525 2102 1145 360 9 1155 344 9 606 2679 27 7 19 13 0 
241617 2065 1172 324 8 1210 316 8 615 2612 24 7 10 12 0 
241437 2056 1201 366 9 1159 349 9 637 2716 25 4 15 17 0 
241630 1973 1180 348 8 1243 327 6 599 2626 26 2 18 14 0 
241508 2070 1224 344 10 1235 327 7 590 2635 23 7 8 12 0 
241513 2035 1161 335 8 1274 332 10 592 2683 27 6 7 17 0 
241666 1998 1163 387 7 1167 333 7 569 2640 26 9 15 13 0 
241712 2066 1199 347 14 1140 286 6 576 2596 27 9 9 12 1 
241648 2087 1133 327 3 1193 351 6 608 2595 20 6 12 11 0 
241668 2041 1138 344 13 1203 306 9 585 2634 28 8 12 11 0 
241550 2097 1161 358 11 1179 363 5 556 2657 16 10 14 23 0 
241491 2052 1205 337 6 1223 342 9 612 2664 23 5 13 18 0 
241507 2043 1138 356 8 1235 342 15 613 2690 19 5 14 15 0 
241520 2085 1214 374 5 1241 279 7 594 2635 21 4 9 12 0 
241627 2036 1194 349 9 1261 280 5 608 2583 17 11 7 13 0 
241605 2022 1204 380 8 1204 331 13 578 2608 18 4 10 14 1 
241734 2073 1159 355 7 1210 315 11 578 2507 18 6 13 14 0 
241495 2069 1184 348 9 1245 307 8 595 2686 26 7 13 8 0 
241560 2050 1127 321 9 1288 313 11 602 2660 20 9 10 20 0 
241723 2029 1187 333 11 1222 319 13 577 2533 21 9 16 7 0 
241491 2089 1232 380 13 1149 333 7 631 2622 18 6 13 15 1 
241510 2022 1198 369 22 1177 331 7 625 2671 30 13 12 12 1 
241384 2065 1147 366 8 1281 327 9 620 2744 19 9 10 11 0 
241511 2093 1148 381 13 1184 320 12 608 2675 26 7 14 8 0 
241603 2059 1141 355 6 1194 322 14 593 2647 30 9 11 16 0 
241744 2024 1178 330 15 1115 309 12 588 2628 24 4 15 14 0 
241678 2035 1166 341 10 1187 318 7 598 2605 25 3 15 12 0 
241553 1998 1172 352 13 1258 358 15 613 2614 17 9 16 12 0 
241633 2056 1204 341 3 1172 324 14 561 2645 18 4 11 14 0 
241526 2040 1197 359 7 1190 348 12 611 2657 23 3 18 9 0 
241403 2061 1218 382 12 1272 311 5 580 2705 22 7 8 14 0 
241551 2063 1226 360 7 1198 317 12 596 2615 22 7 12 14 0 
241410 2148 1145 350 6 1211 340 6 607 2725 18 7 15 12 0 
241589 2000 1209 330 6 1206 341 8 629 2620 23 9 14 16 0 
241559 2082 1148 384 11 1178 311 9 571 2687 25 7 12 15 1 
241631 1947 1125 374 7 1221 348 14 618 2675 12 4 11 13 0 
241398 2042 1216 334 9 1201 347 13 623 2768 17 9 12 11 0 
241664 1969 1160 356 8 1199 336 10 600 2651 21 5 12 8 1 
241647 2046 1124 322 5 1220 318 3 567 2699 21 5 11 12 0 
241569 1993 1151 362 12 1220 326 12 646 2660 16 7 14 12 0 
241590 2056 1170 376 7 1183 344 5 593 2623 24 6 15 8 0 
241617 2050 1159 365 8 1216 326 11 568 2624 24 8 13 11 0 
241435 2025 1153 348 3 1255 321 7 642 2746 21 8 16 20 0 
241506 2047 1208 350 18 1208 350 11 567 2690 17 4 12 12 0 
241660 1977 1177 382 8 1159 301 6 597 2678 27 4 16 8 0 
241451 2057 1147 363 12 1249 319 8 606 2734 29 3 15 7 0 
241449 2070 1242 353 7 1288 297 9 555 2682 20 5 7 16 0 
241539 2007 1171 359 4 1201 352 9 607 2691 34 5 7 14 0 
241494 2069 1196 377 9 1236 322 6 564 2680 21 6 8 12 0 
241600 2017 1154 361 6 1177 306 5 622 2698 20 10 11 13 0 
241603 2092 1148 358 3 1265 303 6 566 2605 22 8 8 12 1 
241749 1900 1204 356 9 1265 319 3 636 2507 18 9 13 12 0 
241573 2022 1162 370 6 1201 322 6 592 2691 25 4 8 18 0 
241497 2084 1171 352 12 1204 316 11 618 2694 15 5 8 13 0 
241665 2093 1160 368 9 1169 293 5 582 2596 29 5 13 13 0 
241627 1992 1126 379 12 1205 350 10 568 2670 26 7 13 15 0 
241518 1997 1210 318 12 1219 344 7 603 2717 29 5 9 12 0 
241635 1955 1145 337 8 1195 310 14 600 2738 30 9 9 15 0 
241482 2092 1183 375 7 1262 310 7 592 2622 32 6 19 11 0 
241533 2044 1179 386 7 1232 325 13 607 2612 28 9 14 11 0 
241462 2011 1219 331 10 1216 347 10 615 2724 23 6 12 14 0 
241767 1957 1153 345 15 1158 339 4 594 2608 24 9 12 15 0 
241579 2079 1176 356 13 1121 334 4 590 2689 21 9 15 14 0 
241523 2065 1136 377 6 1251 340 19 581 2640 26 6 10 18 2 
241572 1982 1228 323 6 1193 346 10 619 2673 20 9 10 9 0 
241684 2025 1188 330 3 1179 329 9 620 2581 27 4 14 7 0 
241568 2080 1123 364 7 1228 295 11 599 2690 17 3 6 9 0 
241498 2047 1175 379 21 1254 329 10 594 2634 24 12 9 14 0 
241767 1992 1166 333 11 1170 324 7 575 2604 20 6 13 12 0 
241612 2048 1228 330 13 1224 330 6 596 2558 25 4 13 13 0 
241677 2005 1110 355 12 1246 330 5 582 2632 19 9 7 11 0 
241545 2044 1190 392 7 1216 318 11 625 2608 21 6 9 8 0 
241675 2056 1184 353 15 1161 330 11 568 2590 26 10 10 11 0 
241501 2106 1185 365 7 1150 305 12 621 2680 24 9 15 20 0 
241465 2094 1177 389 7 1224 324 7 556 2704 32 5 11 5 0 
241442 2067 1210 352 8 1207 355 5 605 2705 14 2 14 14 0 
