241722 1931 1112 421 10 1262 331 9 568 2585 19 8 10 12 0 
241681 2024 1115 375 10 1239 296 9 568 2632 17 9 13 12 0 
241570 1914 1191 377 4 1246 339 8 569 2736 12 3 16 15 0 
241640 2017 1132 396 8 1185 330 10 582 2649 22 4 10 15 0 
241563 1987 1186 383 8 1227 305 11 568 2702 20 9 21 10 0 
241698 1861 1112 376 4 1238 330 9 565 2736 26 7 14 24 0 
241634 1945 1176 391 16 1242 319 10 552 2655 23 9 17 10 1 
241545 1937 1244 427 16 1207 344 15 548 2655 27 7 16 12 0 
241585 2022 1134 387 12 1254 350 4 524 2668 20 6 18 16 0 
241751 1902 1143 370 9 1238 323 8 568 2631 22 9 15 11 0 
241512 2042 1224 380 13 1225 330 7 615 2602 16 9 11 14 0 
241525 2008 1190 376 8 1197 336 18 547 2737 19 11 13 15 0 
241618 1998 1184 382 8 1224 304 9 578 2654 17 4 8 12 0 
241789 1918 1201 388 9 1174 310 8 534 2615 21 7 12 14 0 
241577 2024 1139 418 9 1222 312 13 556 2677 20 1 17 15 0 
241551 1959 1213 398 6 1250 298 10 575 2677 23 9 15 16 0 
241569 2038 1179 380 11 1234 328 15 548 2639 32 5 11 11 0 
241785 1991 1119 357 5 1219 318 11 510 2619 30 13 14 9 0 
241624 1953 1157 351 14 1244 324 4 565 2698 31 8 19 8 0 
241635 1977 1140 392 9 1259 323 11 576 2631 16 7 5 19 0 
241693 1930 1143 413 11 1228 313 9 549 2671 15 8 8 9 0 
241669 1940 1172 392 9 1237 320 5 552 2644 24 7 16 13 0 
241622 1970 1146 396 8 1268 318 5 580 2635 24 6 14 8 0 
241734 1997 1151 394 13 1230 305 9 569 2542 22 7 15 12 0 
241556 1959 1184 387 6 1280 323 11 574 2660 22 8 9 21 0 
241651 1983 1187 368 17 1260 330 9 578 2560 22 10 12 13 0 
241622 2000 1157 379 9 1243 312 8 574 2636 22 11 11 16 0 
241583 1906 1211 375 12 1246 324 7 576 2703 28 9 12 8 0 
241666 1890 1185 372 6 1277 350 14 583 2607 19 6 13 12 0 
241603 2054 1177 426 7 1262 332 9 515 2572 11 7 13 12 0 
241608 1948 1165 398 7 1244 293 8 567 2701 24 7 15 15 0 
241682 1952 1209 343 6 1266 317 11 588 2574 21 9 9 13 0 
241520 1999 1205 390 3 1303 311 9 582 2625 24 4 14 11 0 
241647 2126 1180 360 10 1172 291 17 564 2586 16 6 13 12 0 
241725 1962 1171 348 11 1261 324 6 580 2555 22 5 16 14 0 
241640 2018 1114 372 8 1260 298 10 559 2670 18 8 12 13 0 
241614 1959 1165 398 10 1221 327 5 569 2678 21 5 12 16 0 
241475 2007 1223 387 6 1167 352 5 544 2767 29 9 10 19 0 
241548 1991 1183 391 14 1294 315 11 530 2668 21 8 11 15 0 
241734 1879 1175 382 6 1248 334 8 611 2560 24 5 14 20 0 
241519 1928 1205 419 9 1258 313 6 565 2716 18 17 11 16 0 
241665 1855 1223 401 8 1274 322 7 567 2630 13 6 8 21 0 
241666 1869 1175 408 10 1253 321 8 596 2640 22 7 12 13 0 
241557 1984 1218 379 4 1237 365 5 563 2638 18 3 15 13 1 
241777 1955 1177 369 8 1245 305 9 554 2559 18 6 9 9 0 
241857 1862 1141 383 14 1233 299 7 548 2589 32 5 14 16 0 
241661 2028 1088 385 5 1237 297 15 566 2666 17 5 14 16 0 
241630 1998 1151 371 12 1224 345 8 583 2630 17 8 10 13 0 
241577 1999 1178 361 7 1274 288 5 533 2735 11 7 11 14 0 
241676 1999 1163 362 6 1179 339 7 583 2634 21 7 10 13 1 
241526 2036 1195 390 9 1197 339 10 591 2660 22 7 10 8 0 
241538 1997 1166 379 5 1246 304 9 586 2718 24 10 8 10 0 
241737 2019 1136 376 5 1169 318 12 574 2594 18 10 15 17 0 
241618 1936 1141 371 11 1253 321 5 567 2717 26 9 12 13 0 
241773 1992 1123 361 10 1214 311 5 566 2600 18 4 9 14 0 
241650 1917 1200 415 14 1186 303 5 589 2670 23 6 12 10 0 
241642 2036 1166 368 10 1215 316 12 565 2614 22 7 10 17 0 
241647 1947 1248 393 9 1200 307 9 550 2629 31 12 10 8 0 
241449 2032 1229 395 9 1241 348 7 579 2660 22 11 8 10 0 
241596 1948 1140 390 12 1307 311 8 584 2647 27 6 14 10 0 
241437 2104 1174 391 11 1194 338 11 579 2705 19 9 11 17 0 
241620 1970 1175 370 12 1270 305 12 533 2678 18 8 15 14 0 
241680 1979 1142 417 14 1228 308 10 583 2585 20 8 13 13 0 
241612 1950 1176 409 10 1239 326 6 537 2679 25 8 10 13 0 
241714 2042 1145 364 10 1167 303 8 535 2660 24 7 12 9 0 
241583 1966 1131 403 8 1263 317 7 610 2650 35 5 10 12 0 
241615 1932 1157 388 7 1210 338 14 544 2729 22 11 17 15 1 
241503 2008 1173 410 7 1284 348 11 591 2618 20 8 10 9 0 
241646 1940 1187 372 10 1215 355 3 586 2641 14 5 12 14 0 
241595 1948 1177 412 8 1265 336 11 577 2618 25 6 8 14 0 
241584 2005 1132 366 14 1254 341 7 550 2689 20 9 16 13 0 
241605 1972 1191 403 10 1214 324 7 538 2678 27 7 7 17 0 
241476 2000 1207 383 12 1310 343 10 586 2617 23 8 10 15 0 
241636 1975 1161 360 9 1241 371 9 542 2643 21 5 15 12 0 
241716 1924 1152 386 10 1288 322 5 500 2644 21 5 11 16 0 
241562 2062 1227 382 5 1219 300 12 595 2575 25 11 11 14 0 
241758 1941 1226 372 9 1216 313 11 528 2569 27 4 13 13 0 
241531 2010 1158 380 9 1279 308 12 563 2694 21 5 14 15 1 
241497 2073 1205 387 6 1256 309 10 548 2662 20 4 13 10 0 
241643 1962 1126 399 10 1220 327 9 566 2681 27 9 7 14 0 
241579 2009 1204 398 12 1207 333 10 610 2584 28 8 8 10 0 
241645 2023 1149 335 8 1238 310 5 581 2649 26 6 11 14 0 
241762 1958 1106 382 10 1210 323 11 518 2683 23 2 6 6 0 
241659 2041 1134 368 11 1202 303 8 587 2641 18 5 13 10 0 
241577 1968 1234 383 5 1267 333 11 523 2654 18 5 11 11 0 
241628 1929 1131 410 13 1276 323 1 553 2681 16 7 13 19 0 
241558 1969 1153 384 10 1247 332 13 608 2659 33 8 9 17 0 
241718 1946 1183 405 7 1221 328 11 532 2591 27 4 9 17 1 
241750 1982 1185 369 7 1171 302 9 534 2638 23 4 11 15 0 
241323 2052 1130 437 10 1256 341 11 600 2778 22 10 13 17 0 
241671 1969 1137 394 11 1223 301 9 548 2696 15 6 8 12 0 
241467 1894 1258 416 9 1303 340 7 578 2681 20 3 8 16 0 
241517 2023 1188 359 8 1246 325 8 562 2720 21 10 6 7 0 
241629 1946 1189 356 16 1296 309 12 549 2653 23 8 6 8 0 
241419 2039 1238 391 7 1223 338 5 595 2691 20 4 17 13 0 
241532 2007 1168 396 14 1204 359 6 559 2708 11 2 13 21 0 
241456 2057 1211 421 9 1252 329 12 561 2630 26 5 16 15 0 
241731 1968 1103 406 11 1195 337 9 551 2634 18 6 13 18 0 
241674 1945 1154 395 12 1211 313 5 616 2635 14 5 10 11 0 
241682 1997 1149 379 7 1207 315 10 555 2634 23 10 19 13 0 
241658 1992 1158 394 10 1198 298 10 560 2672 16 7 14 13 0 
241607 2031 1164 388 14 1207 299 12 589 2626 22 7 13 21 0 
241582 1952 1225 355 8 1246 331 10 584 2650 26 7 13 11 0 
241391 2007 1245 392 3 1315 353 6 573 2665 13 9 18 10 0 
241539 1984 1242 398 5 1280 298 11 545 2652 20 6 7 13 0 
241599 1963 1193 375 8 1290 326 8 573 2611 24 5 14 11 0 
241647 1950 1168 386 12 1286 330 6 563 2601 23 3 13 12 0 
241618 1980 1198 343 12 1217 366 11 544 2665 15 13 10 8 0 
241587 1962 1195 380 13 1239 348 8 575 2627 25 10 19 12 0 
241493 2038 1163 358 12 1288 337 8 553 2698 30 5 7 10 0 
241644 1955 1162 374 9 1258 324 8 560 2648 29 5 12 12 0 
241492 2017 1197 410 12 1197 350 10 569 2698 14 6 13 14 1 
241456 2004 1253 384 8 1231 332 10 522 2755 13 3 16 13 0 
241686 2012 1161 387 7 1223 304 7 562 2595 23 9 14 10 0 
241616 1997 1152 366 7 1198 344 13 581 2675 20 6 12 13 0 
241517 2010 1231 365 4 1254 323 10 569 2673 20 3 8 13 0 
241526 2040 1276 362 13 1194 308 8 583 2634 18 9 14 15 0 
241753 1877 1137 397 6 1242 315 8 551 2665 15 7 12 15 0 
241761 1882 1161 355 12 1279 322 11 579 2585 18 6 12 17 0 
241621 1958 1177 425 10 1243 359 8 588 2554 20 4 17 16 0 
241465 1993 1211 346 5 1287 325 12 583 2715 31 6 11 10 0 
241666 1956 1188 381 18 1233 324 7 579 2583 30 5 13 17 0 
241595 2018 1147 384 8 1245 329 10 573 2635 22 8 13 13 0 
241535 2019 1200 397 10 1216 331 7 570 2655 27 4 10 19 0 
241639 1971 1135 376 7 1231 301 7 584 2691 30 5 12 11 0 
241754 1991 1206 379 5 1214 333 8 542 2526 17 8 12 5 0 
241526 1953 1184 414 9 1265 320 8 588 2676 15 5 21 16 0 
241622 2017 1153 401 13 1165 318 10 612 2634 21 7 7 20 0 
241586 1940 1202 372 7 1269 305 5 567 2693 25 7 13 9 0 
241659 1992 1209 355 5 1256 306 7 527 2629 22 6 15 12 0 
241693 1980 1128 388 8 1245 311 9 526 2660 26 5 9 12 0 
241555 2044 1202 378 10 1263 319 8 545 2629 17 5 14 11 0 
241755 1979 1091 394 6 1165 337 9 575 2628 28 7 15 10 1 
241615 1933 1104 397 18 1315 324 9 517 2708 21 5 20 14 0 
241537 2007 1161 393 8 1279 310 5 550 2682 24 6 22 15 1 
241657 1981 1123 366 8 1186 328 9 562 2717 29 9 14 11 0 
241694 1979 1191 362 8 1221 300 12 575 2611 18 8 9 12 0 
241629 2037 1140 415 11 1219 275 9 555 2656 28 8 8 10 0 
241663 1972 1137 352 9 1251 305 11 588 2661 17 9 12 13 0 
241706 1989 1149 382 11 1262 311 12 552 2577 28 5 6 10 0 
241643 1912 1208 376 4 1216 332 6 539 2713 16 8 12 15 0 
241657 2023 1145 372 9 1207 316 6 573 2647 19 5 6 15 0 
241548 2055 1194 373 5 1253 339 14 542 2620 18 4 18 17 0 
241709 1960 1176 389 12 1205 319 4 575 2597 18 8 11 17 0 
241703 1926 1146 388 9 1219 326 10 568 2647 21 7 15 15 0 
241502 2017 1181 376 10 1209 310 11 528 2798 26 6 11 15 0 
241667 1929 1171 400 8 1232 313 7 555 2661 20 7 12 18 0 
241612 1976 1202 396 11 1210 320 12 585 2624 18 10 11 13 0 
241555 2009 1183 404 7 1238 294 13 560 2672 28 15 9 13 0 
241623 2023 1163 387 1 1213 354 8 531 2653 17 4 14 9 0 
241651 1966 1209 361 11 1268 334 6 515 2629 20 4 17 9 0 
241629 1918 1189 400 14 1272 342 4 589 2583 35 5 10 9 1 
241553 1973 1242 374 11 1287 318 12 559 2636 13 4 9 9 0 
241758 1922 1200 360 7 1239 327 10 582 2537 20 8 16 14 0 
241615 1981 1210 382 13 1264 329 7 539 2619 14 3 8 16 0 
241589 1931 1219 382 7 1268 316 10 603 2628 22 6 12 7 0 
241615 1986 1194 396 10 1250 328 8 571 2595 16 10 12 9 0 
241602 1997 1196 390 9 1257 354 7 553 2584 24 3 11 13 0 
241639 1984 1162 431 8 1206 330 4 550 2633 11 11 14 17 0 
241584 1990 1170 394 7 1251 335 8 544 2661 30 5 11 10 0 
241616 1973 1155 376 8 1268 337 8 558 2640 25 3 18 15 0 
241666 1956 1154 391 12 1257 299 10 566 2637 19 8 12 13 0 
241508 2012 1204 382 7 1271 336 12 555 2650 20 6 17 19 1 
241617 2007 1183 363 16 1262 323 9 579 2594 14 3 15 15 0 
241682 1967 1218 350 6 1247 328 10 573 2577 21 4 9 8 0 
241561 1941 1185 389 12 1215 311 7 598 2725 21 9 12 14 0 
241647 1954 1149 387 7 1262 280 2 585 2677 18 4 14 14 0 
241508 2014 1189 356 8 1218 294 7 591 2748 24 7 17 19 0 
241650 1949 1152 368 10 1275 324 7 577 2645 16 5 8 14 0 
241622 1994 1211 363 10 1203 334 5 563 2648 19 6 13 9 0 
241627 1966 1186 408 8 1264 333 7 556 2598 17 8 12 10 0 
241597 2007 1198 353 6 1294 324 7 613 2549 15 11 9 17 0 
241740 1938 1197 400 6 1159 334 5 552 2622 21 5 13 8 0 
241694 1966 1162 405 5 1219 324 12 559 2608 19 4 10 13 0 
241704 2008 1136 392 6 1228 322 8 555 2610 13 2 8 7 1 
241705 2002 1177 382 5 1195 314 9 559 2592 23 6 16 15 0 
241707 1939 1186 346 13 1239 316 10 515 2680 15 4 13 15 2 
241497 2007 1200 400 8 1230 358 8 603 2637 24 9 7 12 0 
241517 1968 1235 412 7 1261 315 6 587 2641 19 11 5 16 0 
241690 2008 1143 377 11 1201 311 7 580 2629 18 4 8 13 0 
241678 1993 1164 386 6 1214 314 9 596 2570 31 10 11 18 0 
241577 2042 1203 357 4 1196 335 12 557 2664 24 12 9 8 0 
241624 1973 1153 364 12 1251 330 7 563 2659 29 7 16 12 0 
241615 1950 1169 402 8 1200 325 14 546 2718 24 4 10 15 0 
241587 2097 1165 353 10 1233 327 10 560 2615 18 0 12 13 0 
241633 1931 1202 373 10 1228 314 10 539 2706 21 6 15 12 0 
241723 1911 1124 378 10 1246 318 6 533 2703 17 8 12 10 1 
241620 1956 1198 409 9 1237 308 8 597 2609 21 7 7 14 0 
241489 2012 1171 397 8 1237 339 13 606 2666 29 8 10 15 0 
241628 1902 1220 410 8 1222 325 9 579 2638 22 2 19 16 0 
241619 2035 1142 368 10 1248 336 8 539 2637 22 8 12 16 0 
241711 1896 1190 355 12 1203 356 6 603 2604 24 5 14 21 0 
241760 2048 1173 374 9 1208 300 17 570 2495 21 2 10 13 0 
241508 1998 1180 407 10 1244 329 8 587 2682 20 2 10 15 0 
241625 1928 1197 410 6 1225 321 4 594 2637 19 9 7 18 0 
241672 1925 1112 371 9 1250 315 10 580 2698 19 10 13 16 0 
241505 2007 1195 388 11 1315 305 12 566 2640 25 3 11 17 0 
241732 1939 1203 379 8 1243 306 7 559 2576 23 5 10 10 0 
241569 2008 1183 368 4 1240 338 7 578 2661 21 6 7 10 0 
241651 1991 1174 379 7 1209 340 12 572 2602 28 9 14 12 0 
241674 1956 1127 338 11 1317 331 5 531 2642 34 6 16 12 0 
241701 1969 1181 349 8 1253 333 9 536 2620 20 2 8 11 0 
241646 1996 1145 406 5 1217 336 11 560 2622 25 7 13 11 0 
241584 1974 1192 392 3 1262 299 2 585 2660 19 6 12 10 0 
241595 2019 1167 362 7 1294 322 14 558 2615 18 8 8 13 0 
241665 1986 1150 388 13 1205 338 7 543 2655 21 8 7 14 0 
241538 2009 1160 391 5 1217 330 16 575 2705 21 11 7 15 0 
241556 1946 1140 402 14 1238 350 2 595 2711 17 6 12 11 0 
241583 1986 1146 363 11 1282 356 7 542 2669 19 4 23 8 1 
241616 1997 1161 372 8 1213 314 6 559 2687 24 15 10 18 0 
241595 1964 1185 392 11 1223 320 7 585 2662 22 7 16 11 0 
241590 1972 1142 384 6 1280 313 10 601 2643 22 8 10 19 0 
241759 1994 1137 390 5 1193 328 2 587 2556 16 5 9 19 0 
241669 1953 1138 345 8 1246 301 7 567 2700 26 11 14 15 0 
241564 1977 1211 407 5 1304 322 11 537 2613 20 5 10 14 0 
241586 1964 1175 395 7 1274 319 10 570 2655 25 7 5 8 0 
241518 2043 1161 375 13 1258 328 8 580 2666 20 5 15 10 0 
241758 1984 1191 329 10 1152 318 9 527 2674 18 7 11 12 0 
241680 1982 1162 409 4 1228 361 8 539 2591 14 5 4 13 0 
241632 1948 1152 392 14 1217 329 6 567 2686 20 11 15 11 0 
241534 1997 1184 396 9 1231 341 18 622 2603 21 8 18 18 0 
241684 1988 1159 381 7 1186 320 5 575 2641 22 8 9 15 0 
241608 2048 1148 401 8 1234 335 13 547 2603 29 6 10 9 1 
241731 1955 1147 407 9 1223 307 10 549 2612 18 9 11 12 0 
241581 2018 1162 397 10 1245 318 12 559 2638 22 8 18 12 0 
241652 2015 1162 388 9 1245 304 2 552 2624 13 9 17 8 0 
241413 2021 1239 385 14 1237 340 9 560 2726 22 7 12 15 0 
241724 1936 1205 361 10 1235 355 8 544 2572 15 8 5 22 0 
241683 1954 1210 392 10 1210 322 9 534 2608 24 4 20 20 0 
241613 1967 1252 403 8 1230 334 10 570 2565 19 7 9 13 0 
241539 2092 1175 370 7 1270 312 9 567 2610 14 10 14 11 0 
241662 1984 1188 342 11 1219 345 5 551 2653 18 4 5 13 0 
241607 1951 1183 386 13 1247 263 9 571 2726 19 5 10 10 0 
241519 1992 1168 340 2 1229 325 7 584 2767 34 6 17 10 0 
241547 1995 1207 386 12 1298 310 10 545 2643 21 5 6 15 0 
241553 2007 1166 410 8 1227 313 9 565 2680 29 4 16 13 0 
241701 2016 1196 397 5 1163 310 19 563 2571 22 11 16 10 0 
241537 2031 1181 407 9 1271 328 12 554 2625 26 4 7 8 0 
241647 1968 1165 379 8 1213 313 15 534 2701 21 5 16 15 0 
241550 2074 1108 377 12 1260 347 3 569 2663 14 5 11 7 0 
241726 1878 1171 398 9 1275 313 7 587 2589 18 9 14 6 0 
241494 1973 1174 377 8 1215 326 11 607 2757 28 6 12 12 0 
241649 2024 1210 361 10 1249 321 10 573 2533 27 11 10 12 0 
241450 2014 1248 415 13 1257 312 20 520 2713 15 4 12 7 0 
241562 2014 1203 376 9 1239 350 7 585 2612 24 8 3 8 0 
241789 1916 1186 353 8 1254 326 6 538 2571 24 9 10 10 0 
241741 1885 1143 405 6 1222 320 11 567 2636 22 9 17 16 0 
241592 1994 1128 383 10 1263 316 10 556 2698 21 7 8 14 0 
241644 1954 1170 396 7 1290 326 13 536 2621 14 3 14 12 0 
241493 1976 1219 341 7 1301 324 15 584 2678 23 5 15 19 0 
241595 2048 1239 379 6 1159 318 10 562 2626 19 6 18 15 0 
241595 1987 1238 370 15 1194 308 11 513 2729 17 5 9 9 0 
241544 2018 1164 407 11 1229 332 6 627 2599 27 6 13 17 0 
241595 1908 1173 375 10 1303 342 7 549 2678 27 11 9 13 0 
241585 2023 1168 431 9 1237 313 6 567 2613 19 6 10 13 0 
241651 1905 1205 368 7 1250 334 10 554 2648 19 12 14 23 0 
241720 1999 1165 355 13 1185 335 11 567 2587 31 5 12 15 0 
241638 2007 1175 375 9 1213 323 6 563 2639 26 3 14 9 0 
241609 2012 1207 388 10 1195 346 11 595 2565 26 8 15 13 0 
241651 1922 1191 415 11 1206 311 10 531 2710 16 3 11 12 0 
241596 1990 1138 390 14 1227 336 9 569 2675 27 9 10 10 0 
241641 1917 1186 390 8 1294 293 12 561 2645 21 9 16 7 0 
241592 1923 1149 396 14 1247 317 10 569 2726 18 9 13 17 0 
241747 1886 1180 382 10 1280 342 8 583 2525 24 9 17 7 0 
241507 1996 1188 403 11 1237 339 5 574 2677 22 7 16 18 0 
241640 1917 1225 393 11 1224 348 9 585 2599 15 7 14 13 0 
241766 1924 1168 378 12 1241 345 4 528 2580 17 10 14 13 0 
241546 2042 1161 413 6 1225 324 9 601 2607 31 8 11 16 0 
241645 2024 1127 371 10 1228 302 3 590 2640 27 15 6 12 0 
241602 2035 1153 416 9 1176 325 9 570 2647 21 9 14 14 0 
241553 2003 1177 341 9 1246 307 6 573 2722 27 7 9 20 0 
241636 1978 1217 391 7 1204 323 9 543 2639 25 4 14 10 0 
241761 1964 1125 381 7 1222 332 5 563 2592 18 5 6 18 1 
241678 1942 1168 365 12 1230 311 7 594 2641 23 4 10 15 0 
241509 1953 1190 368 14 1291 303 4 604 2699 26 7 13 19 0 
241486 2060 1170 380 9 1280 318 9 579 2641 32 8 12 15 1 
241601 1985 1189 401 8 1247 311 10 603 2591 24 5 10 15 0 
241641 2008 1138 398 5 1228 311 8 576 2630 25 7 9 16 0 
241702 1945 1191 364 9 1255 319 8 554 2593 21 10 12 17 0 
241601 2021 1226 367 7 1230 334 8 556 2593 24 6 11 16 0 
241753 1840 1203 389 10 1189 338 6 599 2617 22 9 17 8 0 
241611 2029 1140 380 9 1250 322 8 581 2605 25 4 20 16 0 
241601 2020 1143 357 10 1272 286 12 572 2668 18 11 12 18 0 
241689 1988 1157 355 13 1206 311 10 592 2638 23 4 4 10 0 
241490 2067 1210 370 9 1181 336 4 593 2689 26 8 5 12 0 
241654 2014 1208 365 8 1268 336 7 544 2533 20 5 20 18 0 
241646 1924 1195 365 8 1228 318 8 568 2697 19 11 7 6 0 
241796 1941 1094 396 11 1154 326 9 612 2616 18 5 17 5 0 
241488 1991 1175 381 9 1270 343 16 601 2673 24 4 16 9 0 
241723 1985 1150 411 10 1233 285 13 519 2615 23 14 11 8 0 
241576 1958 1187 362 12 1200 340 17 596 2702 20 7 7 15 1 
241615 2028 1150 379 10 1230 331 8 595 2602 19 7 10 16 0 
241634 1983 1182 379 5 1203 307 7 577 2669 22 4 15 13 0 
241668 1949 1081 384 7 1309 301 12 574 2661 23 4 6 21 0 
241695 1971 1116 404 7 1258 307 18 576 2578 26 11 17 16 0 
241597 1980 1162 395 11 1241 327 7 538 2685 29 6 9 13 0 
241553 1977 1184 397 12 1243 329 8 573 2685 16 3 10 10 0 
241587 2006 1184 366 12 1259 329 13 554 2640 21 6 9 14 0 
241533 1962 1174 408 13 1247 334 9 581 2680 26 5 16 12 0 
241655 2036 1164 384 7 1192 307 6 575 2612 30 7 16 9 0 
241537 1998 1169 399 12 1238 339 7 579 2679 21 4 4 14 0 
241718 1912 1151 374 10 1247 297 9 601 2627 22 5 15 11 1 
241535 1969 1103 414 4 1257 344 14 551 2751 28 8 11 11 0 
241655 1995 1171 392 4 1170 320 12 558 2673 23 8 9 10 0 
241637 1993 1212 399 5 1211 344 4 559 2589 18 6 14 9 0 
241706 1897 1197 379 5 1271 314 7 546 2621 21 10 10 16 0 
241611 2030 1176 394 12 1274 341 6 576 2533 15 10 7 15 0 
241551 1978 1209 369 9 1237 351 9 576 2663 17 7 12 12 0 
241727 1858 1189 380 7 1208 329 13 597 2635 28 8 11 10 0 
241464 2047 1228 373 9 1271 313 11 563 2670 20 7 17 7 0 
241574 1949 1221 390 9 1246 337 9 573 2628 22 7 17 18 0 
241618 1986 1169 401 6 1245 304 9 585 2627 22 7 12 9 0 
241736 1895 1175 411 8 1226 319 8 593 2572 29 5 12 11 0 
241620 1961 1178 351 7 1250 310 8 603 2658 22 8 11 13 0 
241691 1984 1174 394 8 1212 316 7 535 2612 25 7 13 22 0 
241638 2006 1195 395 12 1191 355 14 582 2560 21 3 10 18 0 
241491 1985 1214 394 10 1279 331 10 611 2638 14 7 6 10 0 
241745 1991 1106 393 4 1191 356 13 555 2593 15 6 13 19 0 
241590 1983 1200 379 8 1154 337 10 591 2699 19 5 14 11 0 
241608 1976 1166 397 6 1229 308 7 566 2682 25 5 12 13 0 
241632 1957 1192 397 12 1246 331 4 553 2618 19 6 18 15 0 
241540 1991 1169 438 11 1253 332 10 558 2642 26 7 11 12 0 
241675 1879 1119 425 9 1215 319 13 574 2711 25 7 19 10 0 
241632 1893 1176 380 10 1319 286 8 610 2634 23 5 9 15 0 
241519 1987 1201 376 10 1232 327 6 589 2694 19 7 14 19 0 
241643 2004 1151 377 5 1200 350 5 565 2642 30 5 9 14 0 
241677 2032 1149 371 9 1229 349 8 549 2574 19 7 16 11 0 
241746 1980 1144 393 10 1252 283 11 573 2557 27 0 12 12 0 
241671 1961 1186 412 9 1217 297 6 579 2614 23 8 7 10 0 
241602 2035 1190 371 14 1189 328 12 541 2645 28 13 13 19 0 
241514 1958 1242 379 9 1246 324 6 572 2695 22 5 11 17 0 
241639 1981 1222 360 10 1195 317 3 615 2603 22 7 8 18 0 
241580 1928 1178 392 12 1224 345 13 560 2723 17 7 11 10 0 
241621 2063 1106 412 8 1212 315 9 536 2670 23 5 3 15 2 
241654 1953 1164 380 10 1263 337 7 554 2626 20 7 12 13 0 
241626 1992 1149 391 14 1221 334 7 544 2676 21 7 8 10 0 
241578 1940 1178 395 11 1268 328 9 603 2649 21 4 7 9 0 
241635 1958 1191 380 9 1248 341 15 590 2584 24 9 9 7 0 
241494 1983 1227 413 9 1223 359 8 569 2670 17 5 8 15 0 
241648 2080 1130 389 10 1190 360 4 568 2570 22 5 9 15 0 
241574 1980 1155 383 8 1252 334 4 562 2696 22 4 13 13 0 
241557 1977 1169 435 10 1286 338 6 547 2620 21 7 14 13 0 
241845 1922 1165 403 7 1194 289 13 526 2579 26 5 10 16 0 
241650 1997 1130 398 11 1228 324 6 568 2637 26 6 11 8 0 
241718 2010 1117 406 6 1243 295 8 549 2598 22 5 7 16 0 
241589 1956 1159 394 12 1223 344 12 551 2716 14 5 12 13 0 
241634 1998 1199 334 7 1247 304 7 532 2684 18 8 12 16 0 
241717 1886 1114 341 12 1254 325 17 554 2724 28 5 13 10 0 
241652 1966 1151 371 7 1215 378 5 558 2652 20 9 2 14 0 
241787 1954 1198 364 7 1196 339 5 571 2524 19 7 14 15 0 
241463 2046 1173 401 4 1285 358 7 591 2606 25 8 14 19 0 
241585 1924 1189 380 15 1238 336 11 591 2684 17 11 11 8 0 
241601 2000 1148 354 10 1213 345 7 596 2671 23 8 17 7 0 
241646 1912 1192 378 4 1227 345 11 582 2655 18 8 10 12 0 
241491 1963 1175 412 13 1317 348 8 567 2655 25 5 11 10 0 
241697 1988 1175 415 11 1230 296 10 556 2573 22 6 7 14 0 
241587 1962 1213 411 10 1240 303 8 578 2637 27 6 10 8 0 
241761 2044 1154 342 9 1180 305 5 548 2589 22 9 17 15 0 
241573 1959 1185 353 8 1213 343 10 597 2708 17 8 11 15 0 
241574 2043 1207 400 11 1196 337 8 527 2648 21 5 12 11 0 
241556 1967 1239 375 10 1238 341 15 564 2633 17 12 18 15 0 
241450 2014 1130 371 9 1298 316 17 611 2732 21 8 13 10 0 
241624 1990 1175 395 7 1198 321 8 564 2668 18 7 16 9 0 
241700 1927 1134 387 9 1226 346 7 527 2672 28 12 15 10 0 
241629 2004 1173 373 8 1266 335 8 540 2590 33 12 16 13 0 
241614 1946 1168 407 12 1242 327 4 564 2656 16 12 18 14 0 
241589 1977 1166 370 12 1247 322 10 570 2704 18 3 3 9 0 
241625 1956 1209 384 0 1227 297 10 560 2678 19 6 14 15 0 
241557 2033 1173 401 5 1265 301 13 587 2612 23 3 14 13 0 
241744 1899 1125 373 14 1227 315 7 564 2685 15 6 15 11 0 
241592 1969 1171 422 14 1189 345 12 591 2650 22 4 10 9 0 
241610 1980 1170 393 11 1298 334 8 544 2604 25 8 11 4 0 
241679 1970 1144 393 6 1197 287 10 583 2683 24 6 10 8 0 
241402 2001 1235 381 6 1289 343 3 598 2694 18 7 12 10 1 
241453 2054 1182 387 15 1272 340 6 584 2643 28 10 14 12 0 
241546 2023 1222 419 13 1228 328 7 576 2592 14 4 12 16 0 
241564 1953 1147 378 5 1269 352 10 549 2714 22 8 17 12 0 
241636 1897 1251 361 15 1246 325 9 563 2651 18 6 14 8 0 
241699 2021 1108 373 6 1223 285 3 546 2686 24 8 6 11 1 
241547 2059 1194 404 11 1246 304 8 560 2618 20 9 9 11 0 
241577 1970 1232 384 5 1244 312 5 601 2614 26 7 7 16 0 
241702 2000 1189 367 12 1171 336 6 570 2594 17 9 15 12 0 
241617 1992 1161 378 8 1220 331 8 561 2666 29 8 8 13 0 
241596 2094 1136 393 7 1231 322 6 554 2600 25 9 13 14 0 
241791 1881 1215 385 8 1188 290 8 589 2603 20 3 12 7 0 
241463 2014 1234 354 6 1237 335 7 587 2714 18 7 12 12 0 
241705 2041 1147 424 10 1181 309 8 544 2574 20 8 11 18 0 
241563 2055 1190 372 8 1188 301 11 576 2683 29 4 10 10 0 
241634 1876 1187 413 8 1295 295 9 550 2674 24 13 10 12 0 
241653 1998 1207 391 11 1208 305 11 552 2616 21 10 8 8 1 
241591 2018 1204 390 10 1215 305 13 555 2649 27 5 11 7 0 
241655 2027 1109 364 11 1248 340 9 551 2634 28 6 8 10 0 
241671 1918 1169 405 10 1274 365 9 577 2546 21 8 13 14 0 
241406 2003 1136 402 9 1333 322 5 587 2746 22 4 10 15 0 
241756 1838 1150 378 9 1270 352 16 579 2610 16 6 6 14 0 
241534 1963 1221 363 12 1224 302 8 583 2726 27 7 15 15 0 
241538 2064 1126 393 11 1203 333 5 592 2684 17 8 10 16 0 
241669 1996 1071 412 7 1256 308 9 533 2692 12 8 14 13 0 
241638 1959 1147 366 9 1239 294 4 578 2711 23 2 13 17 0 
241639 2008 1132 365 4 1232 321 9 556 2681 31 4 5 13 0 
241563 1999 1163 395 11 1227 289 11 580 2716 25 4 7 10 0 
241582 1884 1256 372 12 1213 336 5 541 2745 16 7 18 13 0 
241501 1963 1225 362 11 1223 343 12 595 2695 23 7 25 15 0 
241645 1982 1126 372 5 1222 293 6 564 2742 16 10 10 7 0 
241517 2075 1192 376 10 1197 354 9 556 2668 16 5 13 12 0 
241613 1928 1205 370 12 1198 319 9 555 2729 21 14 10 17 0 
241751 1946 1134 386 7 1215 319 19 562 2612 20 8 12 9 0 
241465 1980 1206 366 5 1237 311 7 559 2806 19 10 15 14 0 
241596 1959 1145 403 5 1228 337 11 600 2658 18 8 17 15 0 
241692 2015 1159 398 6 1220 306 10 567 2584 19 3 11 10 0 
241781 1992 1121 371 10 1193 308 10 546 2608 24 5 15 16 0 
241696 1959 1181 392 16 1142 348 15 574 2623 21 6 12 15 0 
241633 1959 1160 346 11 1270 300 12 553 2710 22 3 9 12 0 
241678 1981 1202 404 12 1163 322 9 566 2597 32 10 8 16 0 
241651 2022 1153 370 8 1199 314 13 543 2682 15 8 12 10 0 
241696 1947 1172 383 19 1198 322 8 555 2655 18 6 12 9 0 
241634 2035 1136 374 5 1230 334 5 567 2617 32 3 13 15 0 
241632 2024 1215 358 5 1243 320 12 551 2570 30 7 18 15 0 
241518 2009 1113 373 7 1311 336 11 537 2726 27 7 11 14 0 
241668 1939 1178 404 7 1220 347 7 555 2617 15 10 11 22 0 
241540 1982 1214 389 10 1213 342 5 567 2677 20 10 13 17 1 
241534 1981 1170 383 9 1263 338 9 536 2720 22 6 15 14 0 
241550 1981 1180 419 6 1238 323 10 613 2613 31 7 11 18 0 
241689 1937 1155 415 9 1198 304 12 548 2671 22 9 9 22 0 
241514 2064 1149 383 7 1229 318 6 603 2676 24 5 10 12 0 
241632 2004 1220 346 9 1177 342 14 583 2615 17 9 17 15 0 
241696 1958 1172 377 16 1236 324 11 530 2623 24 2 15 16 0 
241596 2009 1123 418 13 1232 340 7 577 2628 21 13 8 15 0 
241586 2053 1157 375 8 1197 314 4 533 2722 17 8 12 14 0 
241770 1970 1164 377 10 1213 303 8 549 2578 25 7 17 9 0 
241728 1945 1165 356 3 1198 341 7 563 2643 15 12 9 15 0 
241497 2014 1238 381 13 1204 315 10 593 2690 19 4 15 7 0 
241596 1982 1225 416 5 1250 308 7 564 2588 30 7 8 14 0 
241520 2005 1159 382 7 1185 348 8 617 2719 23 5 11 11 0 
241607 1995 1181 381 5 1278 317 6 574 2606 21 4 12 13 0 
241605 1938 1232 350 9 1315 311 7 577 2587 27 8 18 16 0 
241524 1995 1195 394 11 1217 295 7 568 2740 18 7 14 15 0 
241613 1932 1230 395 10 1210 293 7 575 2685 16 13 12 9 0 
241620 1987 1229 399 14 1191 320 10 586 2594 19 9 13 9 0 
241581 2014 1177 371 7 1243 325 7 578 2630 19 8 19 21 0 
241580 2045 1181 385 10 1245 346 6 553 2591 23 5 12 18 0 
241618 1965 1194 382 6 1239 325 10 530 2687 17 4 14 9 0 
241622 2018 1144 381 7 1232 341 9 546 2645 27 12 7 9 0 
241612 1997 1165 407 9 1238 311 7 602 2615 17 8 9 3 0 
241743 1935 1200 377 6 1229 337 10 508 2601 23 5 13 13 0 
241622 1933 1099 408 10 1234 330 7 590 2704 32 9 12 10 0 
241518 2025 1200 382 3 1232 364 10 545 2663 15 13 13 17 0 
241644 1925 1152 387 9 1248 319 9 571 2684 15 12 12 13 0 
241564 2009 1183 367 5 1223 326 13 585 2678 17 9 12 9 0 
241633 2033 1175 339 8 1252 317 8 568 2619 22 5 11 10 0 
241519 2028 1213 391 9 1204 307 15 574 2693 12 7 12 16 0 
241658 1937 1186 376 10 1210 313 6 530 2722 25 5 13 9 0 
241649 2021 1139 384 11 1213 307 9 565 2648 23 1 12 18 0 
241622 1942 1175 401 7 1206 323 8 562 2706 19 4 9 16 0 
241681 2003 1137 381 7 1194 341 5 571 2624 24 8 8 16 0 
241682 1930 1173 371 10 1208 341 8 572 2647 29 6 12 11 0 
241568 1981 1206 353 6 1256 323 8 575 2671 28 7 6 12 0 
241365 2001 1182 382 7 1347 352 6 550 2758 16 8 14 12 0 
241635 1961 1141 401 8 1263 366 9 576 2590 22 6 10 12 0 
241465 2000 1206 378 7 1221 298 10 609 2749 25 6 13 13 0 
241699 1997 1142 383 4 1278 317 9 588 2528 19 7 14 15 0 
241483 2037 1216 372 10 1262 339 13 554 2665 19 4 14 12 0 
241671 2003 1133 365 14 1229 334 10 575 2608 21 10 15 12 0 
241572 1895 1174 382 9 1209 344 7 614 2748 23 2 7 14 0 
241707 1898 1103 353 7 1236 335 8 555 2745 21 6 14 12 0 
241675 1912 1238 372 14 1235 325 10 516 2657 18 5 12 11 0 
241434 2100 1200 411 11 1213 341 4 564 2663 23 6 15 15 0 
241620 2039 1166 403 13 1219 317 7 553 2616 25 6 9 7 0 
241666 1958 1118 394 8 1265 348 11 571 2602 18 5 21 15 0 
241630 1965 1174 374 10 1270 301 8 524 2686 22 5 12 19 0 
241538 1991 1232 383 8 1278 319 12 533 2653 19 10 10 14 0 
241592 2003 1155 395 8 1226 318 13 567 2676 11 8 7 21 0 
241669 1989 1167 359 13 1204 359 5 553 2634 18 4 9 17 0 
241752 1987 1219 371 13 1215 301 8 529 2547 18 6 20 14 0 
241519 2044 1115 391 8 1265 307 11 525 2757 28 6 13 11 0 
241719 1915 1188 372 10 1262 310 6 587 2585 18 6 14 8 0 
241742 1953 1156 378 10 1237 324 7 578 2573 16 4 10 12 0 
241710 1970 1168 419 8 1212 323 6 549 2587 21 6 11 10 0 
241648 1997 1089 381 10 1205 342 8 574 2702 24 4 9 7 0 
241554 1999 1204 401 6 1238 354 8 574 2610 20 14 4 14 0 
241651 1969 1115 404 8 1257 304 12 594 2635 27 5 7 12 0 
241711 1948 1169 377 8 1211 341 10 585 2600 19 3 6 12 0 
241461 2000 1238 392 15 1252 330 8 585 2661 20 8 11 19 0 
241510 2028 1202 399 7 1251 360 8 547 2634 17 10 15 12 0 
241366 1996 1263 404 6 1303 334 16 558 2690 24 5 21 14 0 
241477 1998 1177 412 14 1234 327 12 574 2733 20 2 9 11 0 
241615 1971 1210 388 13 1243 327 12 559 2604 22 9 17 10 0 
241631 2033 1161 409 5 1223 323 11 536 2606 24 8 17 13 0 
241666 1952 1189 375 9 1211 301 9 577 2663 27 7 8 6 0 
241635 2025 1133 388 6 1276 324 2 537 2629 19 8 6 12 0 
241675 2028 1144 373 10 1242 305 7 556 2603 20 8 16 13 0 
241676 1989 1233 399 6 1247 330 8 540 2519 20 8 13 11 1 
241399 1953 1216 410 9 1296 337 12 540 2780 23 4 8 12 1 
241599 2008 1187 395 8 1238 328 12 534 2632 23 10 11 14 1 
241701 1897 1152 381 12 1246 324 3 595 2646 17 3 10 13 0 
241747 2048 1036 389 7 1259 310 8 533 2627 14 7 5 10 0 
241511 1973 1171 408 8 1225 348 5 581 2705 21 7 15 22 0 
241536 1938 1181 370 6 1262 343 12 527 2775 16 6 20 8 0 
241772 1978 1159 390 12 1181 298 9 548 2596 21 8 7 20 1 
241658 2010 1160 388 13 1219 341 6 534 2611 27 7 12 14 0 
