241644 1873 1161 433 8 1254 305 10 565 2690 29 8 8 11 1 
241665 1904 1140 414 8 1281 344 8 532 2650 21 5 10 18 0 
241570 1967 1166 390 16 1307 347 9 511 2678 14 5 8 12 0 
241744 1924 1165 413 9 1233 319 8 498 2643 14 7 11 12 0 
241651 1897 1134 408 7 1254 345 9 553 2697 19 6 13 7 0 
241498 1955 1226 404 8 1310 309 5 528 2703 24 6 12 12 0 
241705 1957 1244 441 8 1187 292 10 539 2573 16 8 4 16 0 
241635 1975 1157 426 5 1265 272 11 531 2652 28 8 17 18 0 
241442 1951 1180 421 11 1318 342 19 570 2687 24 4 17 14 0 
241666 1890 1152 431 5 1257 333 13 515 2673 27 12 11 14 1 
241779 1902 1142 379 17 1249 330 11 520 2626 17 3 12 13 0 
241761 1888 1122 392 12 1268 323 10 525 2641 26 9 6 17 0 
241751 1877 1192 391 6 1227 293 5 535 2667 19 6 17 14 0 
241699 1821 1195 412 11 1293 311 12 531 2659 18 7 19 12 0 
241818 1862 1192 418 8 1206 328 8 518 2598 14 5 12 13 0 
241647 1878 1150 409 7 1306 321 6 570 2658 23 4 8 13 0 
241669 1857 1242 417 8 1268 320 9 483 2680 17 6 11 13 0 
241727 1943 1170 382 11 1264 304 14 549 2575 26 5 15 15 0 
241550 1957 1145 418 8 1285 337 8 542 2683 23 12 15 17 0 
241646 1930 1146 405 8 1281 344 2 529 2644 29 5 17 14 0 
241658 1892 1169 433 4 1285 339 7 539 2603 21 13 13 24 0 
241628 1992 1194 398 6 1284 334 8 555 2558 9 7 16 11 0 
241625 1926 1122 413 14 1326 314 9 545 2650 19 4 18 15 0 
241712 1929 1143 424 6 1244 329 8 538 2622 12 6 16 11 0 
241655 1932 1216 418 14 1232 313 10 536 2620 16 9 11 17 1 
241624 1863 1197 400 6 1315 348 14 562 2616 30 4 7 14 0 
241645 1831 1158 419 12 1253 328 8 573 2710 22 7 19 15 0 
241665 1963 1173 398 6 1240 340 12 543 2610 17 2 15 16 0 
241698 1876 1189 393 8 1213 311 10 507 2742 25 8 14 6 0 
241799 1868 1120 415 8 1243 297 7 518 2674 23 8 11 9 0 
241647 1937 1239 414 10 1222 334 5 520 2622 13 5 14 18 0 
241660 1948 1112 392 10 1274 303 12 519 2711 25 13 11 10 0 
241724 1869 1185 425 6 1250 332 5 587 2571 22 4 9 10 1 
241786 1906 1141 381 6 1217 293 12 549 2658 21 10 13 6 1 
241715 1860 1160 418 11 1246 329 8 559 2635 21 12 11 15 0 
241653 1947 1156 404 7 1277 291 13 536 2658 23 5 15 15 0 
241796 1966 1173 438 13 1266 297 16 498 2494 16 5 12 10 0 
241416 1982 1184 427 13 1236 361 8 519 2801 15 9 14 15 0 
241653 1920 1171 409 7 1265 343 18 511 2647 25 4 15 12 0 
241629 1901 1180 404 7 1309 328 6 536 2639 24 11 17 9 0 
241507 1899 1203 425 8 1298 304 8 569 2725 22 4 13 15 0 
241489 2009 1182 436 11 1305 314 12 548 2648 20 9 7 10 0 
241631 1857 1208 422 5 1269 331 10 542 2672 27 6 12 8 0 
241730 1888 1230 405 8 1234 312 10 528 2596 21 11 11 15 1 
241554 1982 1163 450 13 1275 333 11 514 2653 21 8 15 8 0 
241608 2036 1149 399 8 1236 339 7 545 2620 19 9 9 16 0 
241558 1955 1211 421 6 1243 295 6 542 2708 24 9 14 8 0 
241691 1871 1225 399 10 1315 303 10 500 2629 24 2 8 13 0 
241560 1960 1203 402 10 1274 307 10 521 2710 15 5 11 12 0 
241725 1884 1151 399 7 1281 324 11 542 2623 22 6 15 10 0 
241627 1839 1162 405 8 1260 341 2 555 2738 23 11 9 20 0 
241583 1937 1131 448 6 1290 316 13 562 2658 20 7 15 14 0 
241677 1920 1215 432 7 1219 317 5 552 2610 24 4 12 6 0 
241612 1985 1202 429 11 1286 309 7 541 2571 16 6 8 17 0 
241836 1848 1180 378 13 1227 319 10 559 2582 23 3 11 11 0 
241508 2011 1213 433 14 1217 352 17 539 2650 21 4 10 11 0 
241725 1853 1187 414 11 1263 339 5 529 2621 17 4 12 20 0 
241574 1948 1174 389 9 1306 303 7 557 2682 14 6 16 15 0 
241786 1927 1181 416 6 1203 329 8 486 2604 22 8 10 13 1 
241718 1937 1128 444 8 1220 326 11 534 2618 21 12 16 7 0 
241614 1957 1184 433 11 1274 336 8 512 2616 22 10 14 8 1 
241648 1908 1139 415 10 1303 329 7 563 2617 25 8 13 15 0 
241635 1925 1199 420 8 1242 306 13 554 2639 23 5 8 23 0 
241629 1878 1190 386 11 1304 335 13 502 2698 18 4 16 15 1 
241565 1926 1200 398 12 1293 326 15 598 2609 30 7 9 12 0 
241669 1938 1141 425 13 1249 308 10 551 2647 20 3 9 17 0 
241499 1983 1217 410 14 1295 333 8 550 2642 20 4 9 16 0 
241559 1892 1195 436 8 1270 313 10 524 2718 25 14 19 17 0 
241726 1832 1138 460 10 1238 328 10 554 2654 18 10 7 15 0 
241510 1991 1141 418 3 1250 365 12 560 2699 25 7 13 6 0 
241670 1946 1121 417 8 1238 317 8 554 2665 23 11 11 11 0 
241564 1944 1168 431 11 1256 332 11 524 2709 20 7 14 9 0 
241734 1879 1154 410 4 1251 310 3 558 2651 19 7 8 12 0 
241541 1902 1260 393 9 1260 298 9 559 2706 28 5 15 15 0 
241546 1906 1200 397 3 1253 314 8 559 2759 17 7 14 17 0 
241683 1963 1185 416 2 1219 344 6 536 2580 34 8 14 9 1 
241686 1813 1219 435 8 1277 291 12 519 2689 23 3 13 12 0 
241739 1881 1117 407 7 1281 339 6 524 2656 17 8 7 11 0 
241645 1873 1179 380 9 1266 321 10 558 2709 15 10 12 13 0 
241573 1966 1147 396 10 1308 329 9 541 2667 20 7 13 14 0 
241650 1953 1184 382 8 1267 344 6 516 2643 14 10 13 10 0 
241543 1979 1158 441 8 1270 336 16 559 2642 18 6 13 11 0 
241643 1890 1192 442 10 1231 341 9 557 2628 19 15 7 16 0 
241588 1876 1229 433 14 1233 291 7 561 2719 27 4 7 11 0 
241659 1896 1183 414 9 1262 317 5 537 2660 26 3 18 11 0 
241634 1956 1146 429 14 1246 319 14 559 2636 20 8 10 9 0 
241540 1914 1191 414 4 1267 343 9 560 2714 17 5 9 12 1 
241634 1893 1136 418 8 1274 368 9 533 2679 19 7 10 11 1 
241637 1931 1141 421 10 1277 317 13 551 2658 15 6 15 8 0 
241695 1887 1146 401 12 1264 338 11 537 2648 16 7 13 25 0 
241765 1895 1131 431 9 1218 296 4 555 2639 22 8 15 12 0 
241689 1890 1218 412 13 1223 365 7 530 2599 16 11 10 17 0 
241764 1827 1220 434 6 1239 326 10 508 2623 23 3 7 10 0 
241611 1905 1162 447 11 1292 292 6 543 2680 20 7 11 13 0 
241662 1957 1177 421 7 1259 338 8 533 2573 23 11 17 14 0 
241589 1906 1154 402 10 1287 322 10 530 2745 13 5 13 13 1 
241809 1817 1152 414 10 1278 321 6 539 2592 27 8 6 21 0 
241660 1929 1155 403 6 1307 345 9 520 2615 22 8 10 11 0 
241567 1954 1154 426 8 1255 325 10 576 2679 21 5 9 11 0 
241682 1926 1182 421 13 1266 323 7 554 2577 22 5 6 16 0 
241611 1910 1166 387 5 1258 327 11 559 2705 25 5 15 16 0 
241528 1910 1180 421 7 1328 301 9 557 2709 20 5 19 6 0 
241607 1930 1191 410 9 1220 333 8 521 2711 21 5 12 22 0 
241560 1899 1265 407 6 1287 330 7 576 2602 24 11 12 14 0 
241577 1958 1222 435 13 1287 290 5 569 2581 23 6 18 16 0 
241592 2017 1133 413 10 1272 312 6 547 2649 15 4 13 17 0 
241773 1934 1139 425 7 1210 329 11 506 2611 21 7 16 11 0 
241881 1869 1236 372 7 1164 298 11 532 2573 19 8 13 16 1 
241617 1965 1122 403 7 1329 337 12 514 2637 21 7 13 16 0 
241644 2066 1153 372 15 1248 272 9 500 2674 17 3 11 16 0 
241761 1813 1114 445 5 1247 308 8 543 2707 21 3 11 14 0 
241556 1925 1170 378 9 1303 350 7 502 2729 27 5 22 17 0 
241633 1992 1146 414 11 1265 327 5 531 2612 26 8 11 19 0 
241675 1908 1194 409 14 1237 353 5 540 2607 20 11 16 11 0 
241533 1974 1203 398 2 1275 346 14 502 2693 24 9 13 14 0 
241643 1969 1221 452 11 1269 286 8 461 2625 17 12 16 10 0 
241512 1930 1207 422 6 1277 350 13 520 2707 21 13 11 11 0 
241642 1916 1154 419 8 1313 308 7 558 2629 20 7 12 7 0 
241733 1915 1162 403 11 1274 329 12 537 2567 24 9 11 13 0 
241507 1932 1237 393 9 1238 324 10 561 2738 14 15 11 10 1 
241612 1957 1141 387 12 1304 332 9 559 2638 22 6 12 9 0 
241698 1869 1149 402 7 1228 350 7 584 2652 22 8 10 14 0 
241598 1914 1225 443 14 1178 325 9 550 2680 28 4 12 20 0 
241631 1992 1182 398 9 1220 304 12 559 2652 17 6 7 11 0 
241886 1847 1085 387 6 1227 293 11 559 2652 20 3 13 11 0 
241639 1865 1151 418 5 1268 310 15 537 2744 15 10 9 14 0 
241841 1917 1124 405 6 1229 324 8 517 2572 24 7 10 16 0 
241734 1889 1195 420 10 1209 341 2 545 2598 19 4 22 12 0 
241597 1871 1188 454 11 1251 325 6 575 2671 15 5 10 21 0 
241742 1938 1136 415 10 1254 313 9 549 2581 21 5 16 11 0 
241678 1813 1184 438 8 1287 352 10 545 2632 23 9 11 10 0 
241687 1846 1184 398 12 1216 351 10 566 2681 18 8 10 13 0 
241794 1928 1122 434 3 1263 334 5 522 2530 31 9 14 10 1 
241493 1970 1186 442 15 1280 339 9 561 2651 26 2 8 18 0 
241591 1907 1214 423 9 1255 316 7 501 2721 26 9 9 12 0 
241569 1943 1201 434 10 1272 332 9 565 2614 17 9 12 13 0 
241699 1789 1205 424 9 1291 318 6 538 2664 21 7 15 14 0 
241743 1972 1202 420 15 1213 305 8 509 2576 19 1 8 9 0 
241681 1917 1175 406 8 1266 347 5 550 2597 11 4 15 18 0 
241597 1878 1209 405 13 1281 326 9 551 2670 31 5 10 15 0 
241580 1937 1190 432 9 1228 322 13 528 2719 20 6 6 10 0 
241591 1966 1124 457 10 1269 297 2 480 2750 20 3 21 10 0 
241686 1927 1189 415 11 1276 329 6 522 2580 26 4 14 15 0 
241787 1918 1223 401 8 1173 312 6 538 2588 16 8 10 12 0 
241553 1927 1199 419 9 1291 334 7 546 2659 16 10 17 13 0 
241441 2003 1196 444 6 1258 325 10 537 2730 19 11 11 9 0 
241665 1954 1190 367 8 1255 331 6 533 2639 12 9 12 19 0 
241658 1900 1216 426 8 1272 292 6 557 2621 19 4 6 15 0 
241606 1944 1158 414 9 1261 325 13 547 2662 25 7 19 10 0 
241581 1900 1191 431 9 1239 325 8 534 2730 25 6 8 13 0 
241512 1989 1157 431 11 1267 334 5 537 2701 24 5 17 10 0 
241640 1881 1143 460 9 1280 336 13 543 2638 16 10 17 14 0 
241572 1916 1198 408 14 1294 308 9 546 2668 23 7 21 16 0 
241689 1921 1166 412 7 1270 312 6 535 2623 22 7 15 15 0 
241705 1919 1197 419 15 1278 344 7 501 2576 14 3 9 13 0 
241566 1903 1196 389 5 1306 328 16 579 2663 17 10 9 12 1 
241432 1974 1274 373 7 1234 359 5 581 2707 18 11 12 13 0 
241696 1934 1153 392 6 1268 334 9 541 2617 22 6 9 13 0 
241533 1919 1206 417 7 1308 330 5 560 2645 22 9 17 22 0 
241676 1857 1209 447 12 1308 333 7 514 2591 26 6 3 11 0 
241611 1975 1194 385 9 1238 317 10 545 2678 16 2 8 12 0 
241690 1865 1181 420 8 1265 314 11 537 2661 19 4 12 13 0 
241645 1955 1169 390 9 1215 333 6 597 2623 24 7 9 18 0 
241722 1863 1187 363 9 1223 320 11 562 2694 20 4 10 12 0 
241461 1973 1226 415 9 1366 320 9 510 2659 19 7 13 13 0 
241594 1967 1223 438 10 1230 308 11 556 2609 25 8 12 9 0 
241708 1884 1211 406 12 1350 318 10 561 2485 17 6 7 25 0 
241682 1865 1207 420 8 1281 318 6 504 2658 17 8 10 16 0 
241700 1911 1138 430 10 1264 336 9 536 2614 24 4 16 8 0 
241537 1904 1210 399 6 1304 327 7 571 2684 19 6 10 16 0 
241655 1929 1162 435 11 1225 348 14 539 2633 14 9 8 18 0 
241820 1864 1205 433 13 1200 293 6 563 2555 23 6 7 12 0 
241731 1928 1111 441 7 1198 308 9 543 2656 24 14 17 13 0 
241594 1939 1219 414 10 1302 313 9 511 2639 20 6 9 15 0 
241658 1954 1198 371 8 1293 316 6 542 2590 25 6 16 17 0 
241652 1924 1223 378 6 1324 308 12 485 2629 24 7 12 16 0 
241719 1919 1134 370 10 1204 333 8 564 2677 23 9 15 15 0 
241585 1927 1156 442 14 1201 335 11 514 2754 18 5 21 17 0 
241703 1886 1125 429 4 1251 324 8 558 2660 27 4 11 10 0 
241708 1902 1192 408 12 1259 265 8 529 2656 22 5 11 23 0 
241639 1899 1174 413 9 1290 324 11 536 2652 23 8 8 14 0 
241691 1876 1220 445 11 1235 322 8 512 2624 19 8 11 18 0 
241717 1901 1173 378 8 1243 347 8 553 2614 17 11 13 17 0 
241660 1945 1196 402 9 1201 322 8 570 2631 27 5 11 13 0 
241669 1927 1197 409 6 1241 358 9 529 2587 24 15 16 13 0 
241626 1963 1175 394 8 1281 348 8 529 2618 21 8 11 10 0 
241688 1880 1178 443 9 1275 319 12 537 2611 15 3 11 19 0 
241551 1937 1207 417 7 1254 333 2 572 2665 19 8 9 19 0 
241621 1926 1206 434 11 1182 347 14 559 2643 23 7 11 16 0 
241630 1900 1216 408 9 1249 332 10 534 2673 13 3 8 15 0 
241754 1923 1171 392 12 1263 302 13 515 2600 21 6 14 14 0 
241533 1862 1178 428 11 1249 359 7 570 2739 26 10 14 14 0 
241820 1935 1121 393 9 1218 341 16 500 2585 25 6 14 17 0 
241504 2021 1226 395 6 1273 343 9 568 2612 15 4 8 16 0 
241691 1851 1237 428 13 1178 335 6 518 2691 20 8 12 12 0 
241809 1905 1133 396 7 1246 346 10 511 2579 16 9 13 20 0 
241521 1965 1195 420 7 1283 337 12 557 2655 21 10 5 12 0 
241666 1935 1168 404 13 1282 305 9 516 2661 13 7 9 12 0 
241748 1878 1172 416 11 1267 320 4 513 2618 24 8 13 8 0 
241625 1895 1137 423 14 1292 334 9 561 2656 21 5 16 11 1 
241606 1910 1166 450 10 1262 329 7 520 2681 24 10 11 14 0 
241668 1930 1184 423 9 1255 309 17 559 2579 27 5 22 13 0 
241581 1972 1166 436 14 1250 358 6 570 2575 24 13 16 19 0 
241646 1952 1188 415 9 1275 322 9 544 2595 22 5 8 10 0 
241724 1834 1195 418 12 1246 323 10 537 2632 18 9 17 25 0 
241513 1919 1214 438 8 1310 349 14 533 2660 12 3 10 17 0 
241947 1757 1151 413 8 1196 316 4 558 2599 23 6 11 10 1 
241700 1925 1187 414 4 1160 325 13 546 2663 26 10 13 14 0 
241741 1885 1167 456 5 1276 320 7 508 2582 27 7 9 10 0 
241606 1946 1143 399 12 1292 325 11 559 2643 28 5 14 17 0 
241489 2015 1162 405 11 1292 319 12 508 2745 13 3 12 14 0 
241514 1889 1262 407 12 1297 353 10 520 2686 17 8 12 13 0 
241711 1890 1177 422 9 1212 334 8 550 2634 16 11 12 14 0 
241599 1943 1183 390 3 1222 333 8 527 2734 15 11 14 18 0 
241717 1877 1131 450 7 1222 336 5 495 2708 20 8 14 10 0 
241679 1940 1202 424 17 1214 311 11 532 2630 16 5 11 8 0 
241690 1977 1144 432 10 1242 319 6 539 2589 24 8 11 9 0 
241611 1977 1194 444 5 1250 343 5 545 2578 18 4 12 14 0 
241651 1940 1215 404 11 1248 326 6 502 2634 26 8 13 16 0 
241748 1935 1114 404 8 1256 314 12 535 2623 14 11 15 11 0 
241689 1909 1168 375 8 1304 339 5 531 2621 23 8 13 7 0 
241631 1939 1191 383 12 1243 314 9 568 2653 17 10 15 15 0 
241527 1998 1244 415 7 1289 326 9 473 2665 21 6 9 11 0 
241694 1944 1140 456 9 1272 308 7 507 2618 18 8 7 12 0 
241570 1908 1198 424 13 1284 348 8 565 2634 15 4 12 17 0 
241542 1990 1162 414 11 1263 333 9 555 2670 18 9 10 14 0 
241562 1946 1193 402 16 1288 338 3 567 2629 26 7 8 15 0 
241726 1869 1216 439 8 1194 329 10 532 2627 19 3 14 14 0 
241624 1929 1200 424 13 1217 337 11 572 2625 18 8 9 13 0 
241686 1938 1195 442 14 1277 324 11 550 2518 16 6 9 14 0 
241594 1880 1246 443 13 1272 341 14 515 2627 18 9 14 14 0 
241598 1928 1183 424 13 1293 341 11 478 2671 26 9 8 17 0 
241594 1895 1227 406 8 1295 327 11 545 2624 30 10 14 13 1 
241596 1915 1203 397 7 1289 333 12 572 2629 19 10 7 11 0 
241623 1911 1247 396 12 1275 307 17 525 2630 22 7 11 17 0 
241782 1909 1142 397 7 1227 299 11 481 2692 27 4 14 8 0 
241580 1931 1200 403 9 1237 340 12 532 2711 18 8 11 7 1 
241710 1906 1160 399 7 1242 301 7 537 2680 19 4 17 11 0 
241631 1951 1182 419 17 1304 300 10 476 2657 20 3 17 13 0 
241577 1866 1138 418 10 1302 326 8 530 2771 20 9 13 12 0 
241601 1891 1177 408 9 1241 346 14 556 2699 22 5 11 20 0 
241700 1915 1222 399 8 1301 309 5 506 2576 22 11 8 18 0 
241746 1875 1139 413 10 1287 307 5 530 2639 13 8 11 17 0 
241713 1865 1169 427 6 1263 326 5 553 2614 21 10 15 13 0 
241751 1849 1191 401 7 1258 288 8 584 2606 19 9 14 15 0 
241634 1893 1207 407 7 1300 319 11 526 2639 26 5 11 15 0 
241720 1912 1212 403 7 1253 293 6 553 2596 17 7 14 7 0 
241601 2008 1203 403 12 1185 317 6 584 2627 23 10 11 10 0 
241640 1916 1179 418 9 1233 314 10 525 2698 19 8 15 16 0 
241723 1871 1235 452 8 1264 343 8 525 2525 16 2 12 16 0 
241681 1896 1200 392 12 1304 330 2 539 2596 23 2 13 10 0 
241616 1951 1196 419 12 1322 335 7 558 2539 16 4 16 9 0 
241827 1895 1152 391 8 1242 317 16 544 2552 23 5 16 12 0 
241660 1906 1241 415 5 1247 343 6 542 2582 25 4 12 12 0 
241711 1872 1182 438 7 1246 322 5 517 2644 21 5 17 13 0 
241687 1858 1177 419 10 1284 332 13 553 2601 22 9 11 24 0 
241444 1945 1213 443 6 1274 336 14 529 2743 15 6 15 17 0 
241708 1914 1163 385 8 1212 322 10 494 2734 19 6 9 16 0 
241634 1848 1236 414 3 1204 333 6 536 2738 20 7 13 8 0 
241836 1821 1115 400 12 1266 305 9 521 2671 16 8 8 12 0 
241455 1955 1187 419 8 1276 342 5 565 2719 23 7 19 20 0 
241829 1916 1105 381 8 1260 335 7 527 2571 24 8 10 19 0 
241669 1857 1174 381 9 1309 321 7 523 2693 20 10 10 17 0 
241730 1880 1161 414 13 1263 313 11 509 2630 30 8 17 21 0 
241584 1951 1154 426 5 1291 331 8 525 2671 19 9 11 15 0 
241713 1900 1159 403 9 1262 349 9 527 2622 21 7 8 11 0 
241732 1907 1177 418 5 1245 322 5 539 2593 27 6 5 19 0 
241673 1862 1124 392 13 1275 347 8 514 2721 28 6 18 19 0 
241589 1951 1182 424 10 1217 343 9 575 2642 27 7 8 16 0 
241666 1907 1172 423 6 1258 310 10 541 2657 22 4 12 12 0 
241706 1916 1209 410 7 1212 321 12 515 2630 21 7 12 22 0 
241688 1953 1141 378 7 1278 319 9 529 2653 19 3 14 9 0 
241661 1871 1193 403 8 1238 299 8 553 2709 19 12 10 16 0 
241622 1893 1179 398 3 1247 297 4 587 2722 21 7 8 12 0 
241605 1923 1199 397 11 1288 333 12 508 2667 25 8 10 14 0 
241628 1858 1245 433 9 1265 346 6 557 2604 18 6 10 14 1 
241684 1948 1167 436 10 1206 328 9 534 2625 23 6 11 13 0 
241698 1912 1201 431 7 1225 356 13 508 2594 23 5 13 14 0 
241745 1923 1158 436 6 1272 310 4 531 2557 15 6 13 23 1 
241593 1951 1175 393 9 1299 335 9 514 2678 20 4 9 11 0 
241653 1879 1168 422 8 1269 321 11 543 2672 19 8 11 16 0 
241665 1808 1147 447 7 1297 338 6 573 2671 18 6 5 12 0 
241696 1964 1081 397 7 1269 341 8 540 2639 30 5 9 14 0 
241688 1897 1110 427 8 1283 302 6 575 2654 24 4 7 15 0 
241721 1925 1158 419 5 1312 287 8 513 2601 23 8 9 11 0 
241656 1916 1220 423 9 1235 329 10 550 2600 18 7 12 15 0 
241646 1945 1170 401 9 1262 336 6 546 2617 21 10 20 11 0 
241695 1964 1133 428 7 1160 369 8 527 2659 18 4 10 18 0 
241746 1910 1090 433 5 1260 341 9 572 2594 16 5 7 12 0 
241580 1937 1156 393 6 1355 314 17 520 2680 16 6 10 10 0 
241502 1929 1236 422 10 1272 341 10 566 2658 25 5 11 13 0 
241700 1887 1157 426 7 1262 326 6 536 2635 19 6 17 15 1 
241606 1839 1241 432 7 1310 312 10 543 2637 21 8 16 18 0 
241576 1964 1210 396 9 1252 301 9 554 2674 19 5 18 13 0 
241684 1909 1180 430 8 1338 296 8 503 2595 26 5 6 12 0 
241743 1889 1122 382 12 1248 317 10 548 2667 24 6 14 18 0 
241515 1892 1193 387 9 1359 325 11 517 2734 18 10 17 13 0 
241663 1987 1145 376 11 1222 321 7 544 2677 14 6 12 15 0 
241652 1958 1163 400 2 1246 315 5 547 2649 19 16 14 14 0 
241499 1926 1218 439 18 1266 318 6 530 2738 18 4 7 13 0 
241624 2005 1157 419 5 1219 318 5 596 2602 22 4 10 14 0 
241694 1911 1178 393 10 1272 340 9 522 2605 31 5 13 17 0 
241587 1946 1130 407 6 1321 317 8 581 2648 22 6 13 8 0 
241578 1833 1197 451 11 1313 294 9 586 2676 17 6 15 13 1 
241648 1919 1215 444 10 1274 322 10 535 2575 14 6 17 10 1 
241734 1908 1193 401 10 1188 323 5 538 2642 21 8 11 18 0 
241539 1925 1197 404 8 1348 337 7 546 2641 20 7 12 9 0 
241767 1873 1145 452 9 1245 316 12 508 2631 19 9 6 8 0 
241675 1876 1193 397 7 1318 328 6 576 2577 15 8 12 12 0 
241597 1935 1195 418 8 1294 309 11 533 2645 16 9 15 15 0 
241741 1871 1190 416 13 1234 316 13 503 2638 25 8 14 18 0 
241736 1859 1146 407 10 1254 321 10 550 2641 29 9 17 11 0 
241638 1945 1143 400 6 1268 327 6 515 2704 26 4 9 9 0 
241765 1891 1215 412 4 1170 324 12 545 2599 31 7 11 14 0 
241625 1868 1187 398 4 1284 319 10 592 2667 18 6 11 10 1 
241687 1854 1166 412 7 1299 323 10 506 2671 25 8 18 14 0 
241624 1906 1165 409 9 1282 311 7 500 2738 20 6 8 15 0 
241908 1910 1170 381 12 1154 331 4 547 2527 27 4 11 14 0 
241715 1829 1158 389 10 1313 336 3 497 2686 26 4 20 14 0 
241652 1922 1192 435 8 1222 342 8 553 2613 22 9 9 13 0 
241638 1918 1184 427 11 1180 303 15 550 2720 23 10 12 9 0 
241722 1859 1138 416 10 1249 335 13 578 2621 26 5 15 13 0 
241483 1998 1212 372 9 1209 328 13 570 2744 24 10 12 16 0 
241604 1914 1190 419 8 1228 318 11 566 2691 13 6 18 14 0 
241691 1913 1190 431 10 1239 294 14 542 2617 22 9 14 14 0 
241427 1947 1230 425 11 1295 331 10 522 2738 28 10 12 14 0 
241735 1841 1139 406 10 1295 345 7 499 2666 25 6 11 15 0 
241545 1974 1228 423 6 1292 328 6 491 2660 15 8 10 14 0 
241652 1932 1204 409 9 1257 311 11 486 2674 23 8 15 9 0 
241663 1941 1144 417 13 1245 366 10 542 2596 22 10 12 19 0 
241682 1908 1188 410 9 1243 321 13 550 2623 12 9 15 17 0 
241551 1973 1166 415 6 1280 333 9 512 2694 22 11 14 14 0 
241698 1910 1176 416 7 1249 318 9 515 2661 13 4 16 8 0 
241662 1883 1202 413 10 1255 304 13 560 2647 19 5 12 15 0 
241695 1881 1136 381 3 1236 295 8 571 2733 21 6 15 19 0 
241566 2031 1196 416 5 1223 368 6 534 2593 17 11 19 15 0 
241696 1872 1146 429 9 1257 295 8 543 2688 24 8 14 11 0 
241684 1976 1167 396 7 1205 344 7 517 2658 20 2 9 8 0 
241599 1914 1201 412 9 1289 322 7 565 2618 25 9 13 16 1 
241676 1944 1140 450 2 1250 329 5 548 2613 16 5 10 12 0 
241591 1915 1172 403 7 1326 335 12 544 2642 21 13 10 9 0 
241635 1928 1202 411 3 1286 332 11 557 2582 23 11 10 9 0 
241721 1901 1147 425 10 1280 327 7 547 2585 17 7 13 13 0 
241486 1977 1181 397 8 1254 323 9 565 2739 23 13 11 14 0 
241677 1871 1132 444 5 1302 326 7 526 2655 21 8 9 17 0 
241664 1916 1164 385 9 1264 314 4 554 2675 20 9 10 12 0 
241579 1886 1136 427 9 1308 314 10 519 2742 24 7 22 17 0 
241747 1915 1171 433 11 1254 318 8 529 2561 22 9 9 13 0 
241775 1844 1127 391 10 1311 315 8 514 2651 19 6 10 19 0 
241654 1917 1159 371 12 1254 339 6 554 2669 29 8 11 17 0 
241675 1849 1194 417 9 1313 321 9 534 2620 27 8 13 11 0 
241730 1881 1151 445 6 1313 304 9 515 2593 26 6 10 11 0 
241704 1941 1175 408 13 1252 336 4 501 2601 22 12 15 16 0 
241639 1879 1227 400 9 1227 327 15 532 2700 19 7 11 8 0 
241576 1969 1159 432 5 1265 312 10 546 2685 15 9 6 11 0 
241678 1911 1114 377 7 1254 314 2 596 2692 22 4 11 18 0 
241495 2004 1215 394 4 1248 351 17 544 2674 22 6 12 14 0 
241705 1919 1189 411 8 1184 300 9 490 2727 19 8 18 12 1 
241446 1971 1226 415 8 1331 331 8 530 2675 23 5 13 18 0 
241694 1911 1181 408 9 1284 317 9 535 2601 17 5 11 18 0 
241706 1880 1142 428 7 1238 319 8 529 2686 20 7 17 13 0 
241555 1916 1191 434 7 1262 339 9 544 2697 15 8 10 13 0 
241639 1920 1233 404 8 1262 335 5 513 2625 22 8 14 12 0 
241493 1901 1260 428 9 1311 337 8 549 2661 19 4 12 8 0 
241584 2039 1183 401 10 1249 322 11 531 2618 23 10 7 12 0 
241673 1947 1168 393 12 1265 308 9 529 2636 20 9 18 13 0 
241816 1850 1184 369 8 1291 288 6 574 2563 20 9 11 11 0 
241663 1947 1107 407 12 1241 329 4 536 2698 16 14 10 16 0 
241662 1908 1148 411 11 1298 309 9 498 2697 14 7 11 17 0 
241658 1936 1160 400 3 1235 344 13 558 2643 20 6 8 16 0 
241727 1906 1159 421 8 1238 328 8 493 2657 15 9 14 17 0 
241605 1997 1183 402 11 1243 333 9 543 2616 27 6 11 14 0 
241522 1998 1140 440 9 1250 341 14 501 2728 23 7 15 12 0 
241689 1891 1190 426 8 1260 325 9 557 2594 18 6 12 14 1 
241616 1923 1191 403 12 1237 309 13 562 2696 13 2 12 11 0 
241719 1876 1178 411 9 1240 333 12 534 2640 15 6 13 14 0 
241612 1877 1186 425 12 1288 334 10 541 2667 26 3 12 7 0 
241596 1996 1109 405 6 1301 349 7 522 2654 15 8 15 17 0 
241613 1895 1208 422 12 1265 329 9 535 2668 21 6 3 14 0 
241665 1924 1163 443 10 1226 335 6 479 2697 22 5 11 14 0 
241555 1948 1262 400 8 1269 324 13 506 2669 20 8 9 9 0 
241612 1944 1167 404 3 1258 315 4 507 2735 17 9 16 9 0 
241562 1914 1186 436 2 1261 359 6 558 2663 23 8 11 11 0 
241504 1987 1236 409 4 1278 318 10 565 2621 30 8 16 14 0 
241631 1910 1136 436 8 1256 314 6 523 2717 30 7 14 12 0 
241515 1890 1214 441 7 1258 314 10 566 2726 21 6 15 17 0 
241486 1840 1273 424 15 1301 334 7 580 2692 21 4 10 13 0 
241700 1989 1182 397 3 1223 325 10 562 2553 25 4 15 12 0 
241560 1903 1230 396 9 1291 354 8 513 2686 17 3 10 20 0 
241637 1900 1187 448 10 1260 334 7 548 2622 15 5 12 15 0 
241721 1897 1158 388 14 1257 358 14 526 2614 21 10 12 9 1 
241590 1942 1132 400 10 1310 314 12 530 2708 20 8 12 12 0 
241689 1914 1143 384 4 1237 317 12 579 2669 17 5 17 13 0 
241600 1949 1169 406 4 1247 328 10 552 2668 25 6 15 21 0 
241495 1907 1212 432 9 1288 325 9 561 2704 17 4 17 20 0 
241735 1938 1150 400 5 1253 300 2 559 2603 21 6 13 15 0 
241640 1950 1186 387 9 1300 310 4 493 2663 25 6 11 16 0 
241661 1969 1205 380 8 1219 320 10 513 2645 26 9 16 19 0 
241527 1943 1146 444 12 1273 350 11 564 2666 25 11 14 14 0 
241683 1933 1150 422 13 1250 287 8 564 2645 13 10 13 9 0 
241588 1905 1175 442 7 1262 344 7 565 2652 29 5 12 7 0 
241683 1946 1155 404 4 1278 320 6 543 2613 19 5 11 13 0 
241728 1924 1145 394 14 1270 323 4 529 2627 13 10 7 12 0 
241604 1933 1224 386 5 1250 347 16 552 2623 25 5 16 14 0 
241735 1871 1157 382 9 1254 293 13 530 2703 23 6 6 17 1 
241649 1899 1206 412 4 1244 356 9 514 2668 16 4 8 11 0 
241557 1879 1248 421 10 1254 355 9 503 2718 10 8 15 13 0 
241649 1932 1221 405 5 1229 318 8 525 2652 20 5 13 18 0 
241637 1898 1231 421 7 1257 325 12 523 2653 18 3 6 9 0 
241784 1893 1111 425 11 1200 306 11 508 2680 30 9 21 11 0 
241697 1904 1185 404 7 1280 319 9 526 2625 12 9 13 10 0 
241713 1918 1166 435 10 1239 339 11 486 2628 25 7 13 10 0 
241736 1949 1153 406 9 1283 324 13 519 2561 20 5 15 7 0 
241739 1826 1170 409 4 1252 323 8 543 2665 22 8 13 18 0 
241583 1956 1121 419 6 1266 345 7 551 2688 22 5 17 13 1 
241752 1926 1184 406 10 1167 317 13 516 2644 30 8 13 14 0 
241651 1903 1113 427 13 1241 322 4 526 2743 21 10 13 13 0 
241585 1951 1164 430 9 1248 310 7 587 2651 20 10 12 16 0 
241554 1977 1177 382 11 1301 354 7 561 2618 25 7 9 17 0 
241643 1890 1185 385 14 1275 314 11 530 2700 16 7 8 22 0 
241733 1891 1172 416 8 1249 332 9 510 2630 16 10 13 11 0 
241696 1942 1132 424 3 1184 334 15 572 2640 29 7 11 11 0 
241687 1990 1165 417 10 1218 335 10 516 2599 19 6 11 17 0 
241700 1895 1109 398 6 1296 325 12 563 2643 21 4 10 18 0 
241601 1958 1168 411 11 1261 332 12 526 2657 15 13 15 20 0 
241691 1815 1177 398 13 1268 336 8 547 2692 23 6 12 14 0 
241550 1924 1188 427 6 1221 311 16 564 2747 20 6 8 12 0 
241596 1949 1117 426 10 1295 309 7 562 2675 14 8 15 17 0 
241739 1858 1181 419 5 1299 302 6 556 2571 25 10 13 16 0 
241765 1887 1168 409 9 1256 331 8 515 2603 19 8 10 12 0 
241705 1874 1203 423 11 1238 281 10 524 2683 18 9 11 10 0 
241888 1893 1116 385 7 1240 312 9 497 2604 21 4 9 15 0 
241829 1838 1190 423 5 1259 307 9 514 2570 17 8 16 15 0 
241664 1942 1164 415 13 1262 328 6 539 2614 15 7 16 15 0 
241569 1965 1153 428 8 1277 327 8 529 2693 18 4 10 11 0 
241549 1901 1215 419 9 1317 322 14 526 2672 19 8 16 13 0 
241634 1899 1182 387 7 1299 359 6 510 2657 23 7 14 16 0 
241645 1955 1233 414 4 1261 331 9 546 2560 21 3 8 10 0 
241618 1922 1149 402 8 1292 327 10 547 2671 23 5 15 11 0 
241581 1941 1192 418 8 1256 306 14 567 2659 26 11 11 10 0 
241647 1865 1150 442 15 1321 285 7 539 2663 19 10 20 17 0 
241748 1846 1121 420 7 1261 308 8 533 2686 25 11 11 15 0 
241738 1886 1175 424 14 1262 321 3 533 2581 21 10 12 20 0 
241789 1934 1171 411 4 1205 299 13 555 2565 17 9 13 15 0 
241692 1875 1185 420 7 1272 316 11 553 2608 25 3 16 16 1 
241627 1891 1128 455 12 1295 301 3 531 2701 24 7 11 14 0 
241485 1982 1212 444 9 1295 346 8 584 2588 13 9 15 8 2 
241687 1910 1118 399 12 1321 332 8 520 2643 26 7 5 12 0 
241716 1922 1143 384 8 1308 317 7 521 2623 18 6 11 15 1 
241707 1866 1165 418 14 1244 331 5 555 2639 26 3 9 18 0 
241661 1882 1145 415 7 1276 326 8 516 2716 20 4 10 14 0 
241617 1912 1137 434 18 1282 332 10 576 2638 19 1 11 13 0 
241649 1877 1207 409 5 1265 278 10 516 2728 25 8 10 12 1 
241698 1875 1145 410 6 1233 288 14 547 2719 24 6 15 20 0 
241551 1893 1194 455 7 1301 354 15 506 2670 20 9 16 9 0 
241731 1894 1159 421 9 1214 320 14 549 2641 17 7 13 11 0 
241642 1919 1222 414 13 1265 292 12 518 2658 14 7 13 11 0 
241590 1956 1174 427 9 1291 299 13 517 2672 24 4 13 11 0 
241628 1977 1175 436 11 1247 302 9 523 2644 20 7 9 12 0 
241612 1889 1188 431 4 1286 326 7 511 2699 17 6 10 14 0 
241774 1922 1174 389 10 1227 301 11 544 2603 22 4 9 10 0 
241822 1896 1112 376 6 1289 285 10 521 2626 20 7 15 15 0 
241506 2013 1153 416 5 1290 334 7 534 2678 29 5 16 14 0 
241652 1930 1166 392 8 1323 336 7 564 2577 17 3 10 15 0 
241794 1872 1185 405 6 1259 318 9 541 2552 20 12 16 11 0 
241622 1879 1170 426 8 1231 317 8 559 2716 27 8 15 14 0 
241552 1900 1191 410 9 1293 354 8 568 2659 24 2 16 14 0 
241624 1873 1220 421 11 1292 301 6 517 2685 18 7 11 14 0 
241682 1951 1144 433 10 1233 334 6 548 2608 22 4 9 15 1 
241673 1881 1169 398 11 1279 353 15 508 2657 20 7 14 15 0 
241529 1923 1173 404 6 1294 343 12 531 2732 28 6 7 12 0 
241837 1870 1098 389 9 1222 304 6 545 2662 24 6 11 17 0 
241556 1916 1237 415 8 1286 301 3 520 2699 16 11 17 14 1 
241713 1921 1198 437 9 1317 322 5 498 2525 22 10 9 14 0 
241563 2047 1129 374 6 1326 328 6 537 2626 17 9 13 19 0 
241597 1954 1190 416 11 1289 300 10 550 2620 22 10 13 18 0 
241603 1926 1167 401 8 1273 338 8 579 2654 17 2 13 11 0 
241553 1956 1166 408 15 1255 326 8 540 2710 22 7 15 19 0 
241659 1898 1262 415 13 1251 307 7 529 2606 15 9 16 13 0 
241670 1902 1201 388 13 1268 364 10 485 2638 20 9 15 17 0 
241715 1959 1191 399 8 1175 307 9 541 2661 16 3 4 12 0 
241646 1970 1206 404 3 1277 319 11 523 2591 20 11 6 13 0 
241570 1923 1215 401 12 1282 324 11 545 2675 16 6 8 12 0 
241785 1871 1214 413 8 1250 332 9 481 2587 23 4 13 10 0 
241576 1919 1146 414 14 1334 299 8 530 2699 22 8 9 22 0 
241638 1906 1169 417 10 1305 318 11 515 2657 21 5 13 15 0 
241702 1867 1202 405 4 1231 314 7 538 2678 16 10 10 16 0 
241529 1948 1159 424 8 1311 331 7 563 2667 18 3 12 20 0 
241620 1938 1204 388 8 1247 338 10 612 2580 22 6 15 12 0 
241647 1895 1214 416 6 1260 330 8 554 2621 20 2 11 15 1 
241598 1956 1200 438 2 1222 312 9 520 2685 20 8 19 11 0 
241755 1865 1188 394 13 1251 320 12 513 2635 13 11 10 20 0 
241673 1939 1168 449 7 1271 343 10 545 2542 25 2 13 13 0 
241525 1987 1216 440 12 1255 317 9 531 2660 20 8 10 9 1 
241613 1883 1251 388 7 1268 323 10 519 2683 22 9 9 15 0 
241611 1997 1220 400 9 1242 335 7 535 2593 18 7 10 16 0 
241610 1962 1238 438 3 1199 328 7 521 2641 21 8 11 13 0 
241524 1967 1156 409 14 1280 337 11 554 2699 14 5 11 19 0 
241551 1828 1171 405 9 1324 331 10 538 2771 25 7 16 14 0 
241743 1907 1148 406 9 1271 318 6 520 2630 13 7 9 13 0 
