241807 1354 1539 475 9 1314 296 5 493 2659 18 9 9 13 0 
241976 1284 1452 483 13 1326 284 7 496 2625 16 7 20 11 0 
241960 1268 1451 459 9 1412 335 5 470 2598 10 8 10 5 0 
241909 1353 1400 433 8 1313 325 8 461 2730 19 12 13 16 0 
241819 1322 1480 521 10 1312 293 8 476 2701 17 8 14 19 0 
241863 1340 1463 452 11 1286 309 6 490 2738 11 7 13 11 0 
241987 1267 1456 454 11 1255 325 5 482 2711 11 7 14 14 1 
241759 1354 1549 455 10 1380 365 9 475 2599 13 8 13 11 0 
241915 1339 1452 451 7 1342 343 9 456 2632 22 6 11 14 1 
241964 1297 1485 457 11 1282 317 11 441 2678 15 10 13 19 0 
241905 1329 1459 502 5 1291 301 7 456 2702 11 5 16 10 1 
241871 1364 1443 465 4 1335 350 6 487 2642 10 4 9 10 0 
241862 1311 1507 476 11 1288 305 6 443 2735 14 6 19 17 0 
241811 1302 1516 442 9 1326 363 12 501 2649 23 13 15 18 0 
241956 1352 1434 482 5 1330 343 5 467 2581 13 10 14 8 0 
241866 1315 1486 453 9 1306 338 10 459 2691 26 10 22 9 0 
241853 1269 1497 460 10 1372 346 7 489 2640 13 12 17 15 0 
241996 1250 1389 491 13 1303 334 4 520 2644 16 7 12 21 0 
241852 1290 1575 429 12 1317 311 5 465 2688 14 7 15 18 2 
241991 1303 1482 501 8 1299 321 6 472 2563 14 11 15 14 0 
241821 1289 1486 476 6 1276 340 11 487 2736 24 13 18 17 0 
242049 1269 1451 471 10 1336 328 5 461 2568 10 9 16 17 0 
241911 1304 1422 437 8 1336 325 5 486 2700 19 10 13 24 0 
241951 1350 1397 445 10 1326 363 5 459 2640 19 9 13 13 0 
242053 1234 1487 463 8 1269 345 5 480 2612 14 5 12 13 0 
241807 1304 1445 444 10 1388 348 4 479 2724 16 12 11 8 0 
241887 1359 1457 489 8 1332 330 6 457 2624 16 3 22 10 0 
241908 1344 1493 475 0 1304 315 5 490 2622 18 6 10 10 0 
241947 1312 1415 485 7 1286 329 9 470 2676 13 16 14 21 0 
241830 1341 1502 458 9 1296 287 11 491 2721 17 5 15 16 1 
242032 1314 1433 483 7 1199 321 11 466 2677 8 6 23 20 0 
241840 1308 1473 489 12 1343 317 9 470 2700 15 3 9 12 0 
241953 1257 1497 498 9 1344 311 8 450 2628 12 7 16 10 0 
241891 1331 1528 458 11 1300 347 3 495 2590 12 8 13 13 0 
241851 1311 1524 468 3 1321 333 10 470 2653 16 6 19 15 0 
241827 1312 1479 518 3 1285 337 9 476 2701 14 11 18 10 0 
241862 1311 1423 461 7 1354 375 8 484 2662 16 8 16 13 0 
241898 1317 1454 455 13 1297 348 4 499 2662 17 9 11 16 0 
241952 1329 1476 446 7 1324 316 8 458 2636 16 9 8 15 0 
242014 1300 1424 498 5 1287 310 11 471 2633 12 13 10 12 0 
241920 1331 1474 468 7 1315 334 3 459 2638 13 9 14 15 0 
241965 1307 1473 460 5 1328 339 4 452 2620 19 7 17 4 0 
242075 1258 1509 481 4 1269 303 10 448 2598 15 7 15 8 0 
241917 1286 1490 487 6 1304 317 10 486 2650 14 7 16 10 0 
241854 1307 1502 488 4 1281 327 10 466 2715 6 10 11 19 0 
241989 1247 1518 449 5 1328 340 8 456 2611 16 9 10 13 1 
242067 1312 1385 451 10 1303 335 11 466 2593 14 12 18 23 0 
241788 1336 1536 436 10 1336 306 5 490 2723 13 4 11 6 0 
241888 1338 1524 483 6 1339 308 3 456 2592 19 11 22 11 0 
242002 1259 1461 499 10 1258 316 7 477 2657 14 8 15 17 0 
241908 1300 1409 474 9 1297 334 13 455 2743 11 5 25 16 1 
242021 1253 1447 480 8 1318 317 5 476 2632 13 4 14 12 0 
241787 1381 1535 470 6 1322 322 4 464 2659 10 7 18 15 0 
241893 1335 1416 451 6 1306 337 7 468 2720 22 7 13 19 0 
241887 1368 1476 469 11 1290 312 5 472 2661 19 4 19 7 0 
241980 1297 1468 454 8 1291 350 3 451 2642 15 11 14 16 0 
241975 1271 1458 450 5 1339 334 7 436 2679 13 10 12 11 0 
241827 1264 1470 452 8 1375 336 3 451 2765 14 11 13 11 0 
241657 1356 1502 498 9 1391 348 9 462 2721 11 10 10 16 0 
241887 1291 1498 450 10 1361 339 11 491 2607 19 4 12 20 0 
241830 1312 1467 519 7 1362 285 6 430 2721 17 11 19 14 0 
241853 1339 1481 480 8 1325 337 6 469 2631 19 16 17 19 0 
241804 1318 1495 482 6 1372 358 3 448 2658 14 13 17 12 0 
241863 1327 1482 470 10 1334 338 4 446 2672 17 7 19 11 0 
241886 1318 1443 440 11 1308 314 3 503 2728 15 4 11 16 0 
241973 1295 1479 470 5 1261 361 7 425 2665 15 10 15 19 0 
242002 1262 1517 454 12 1271 321 7 479 2622 12 5 20 16 0 
241907 1301 1477 520 7 1277 327 5 492 2645 9 11 11 11 0 
241855 1282 1498 445 1 1419 317 8 463 2653 18 9 15 17 0 
241931 1339 1436 440 11 1380 332 7 474 2603 14 15 9 9 0 
241758 1364 1493 464 10 1378 304 5 460 2708 11 9 19 17 0 
241794 1365 1510 461 11 1286 302 4 467 2750 13 5 11 21 0 
242007 1331 1476 482 8 1277 336 15 458 2562 14 6 12 16 0 
241718 1336 1532 514 4 1330 317 8 490 2700 13 11 14 13 0 
241952 1322 1448 508 8 1271 321 6 473 2643 12 12 8 16 0 
241888 1262 1466 476 6 1338 326 3 495 2691 16 5 15 13 0 
241992 1297 1480 473 13 1344 331 8 455 2556 12 7 16 16 0 
241887 1294 1519 448 11 1280 331 7 456 2710 15 3 22 17 0 
241930 1274 1453 481 7 1359 303 2 462 2676 12 6 18 17 0 
241683 1360 1465 443 3 1410 357 5 498 2732 12 2 12 18 0 
242002 1298 1529 451 17 1305 292 5 482 2583 10 4 13 9 0 
242001 1307 1451 485 7 1328 313 7 481 2563 16 6 22 13 0 
241860 1303 1497 500 5 1338 316 9 509 2598 16 12 20 17 0 
241967 1411 1454 455 7 1263 315 3 453 2603 21 10 18 19 1 
242072 1300 1416 457 7 1276 319 2 438 2665 15 5 12 16 0 
241918 1325 1466 487 9 1331 329 9 462 2626 8 9 9 12 0 
241944 1356 1504 439 4 1349 331 3 450 2567 22 5 14 12 0 
241992 1235 1463 455 9 1281 330 8 484 2690 13 7 17 16 0 
241817 1330 1535 477 5 1337 295 9 433 2701 18 11 18 14 0 
241936 1285 1422 447 6 1373 347 8 486 2636 20 9 10 15 0 
241853 1337 1497 444 8 1353 336 4 455 2649 23 8 15 18 0 
241822 1318 1460 502 6 1364 333 3 481 2651 12 8 23 17 0 
241951 1294 1479 515 8 1310 322 2 484 2586 11 10 15 13 0 
241817 1343 1471 443 14 1321 339 6 474 2712 24 7 17 12 0 
241902 1365 1495 440 6 1356 287 10 455 2635 12 12 17 8 0 
241847 1329 1492 467 4 1356 335 10 453 2656 10 8 16 17 0 
241928 1307 1454 481 12 1336 310 7 489 2624 10 9 17 16 0 
241941 1251 1511 460 11 1319 305 11 497 2657 12 3 11 11 0 
241973 1270 1418 436 8 1341 346 7 469 2674 10 15 24 9 0 
242017 1256 1430 468 3 1316 298 15 447 2684 18 11 19 18 0 
241841 1364 1508 422 4 1338 350 5 466 2645 8 6 19 24 0 
241936 1309 1530 463 8 1289 317 6 493 2602 11 2 18 16 0 
241854 1290 1465 477 7 1318 329 2 479 2723 13 9 14 20 0 
241809 1342 1447 495 13 1321 318 8 451 2736 13 19 12 16 0 
241842 1423 1465 472 11 1281 346 7 441 2652 15 9 17 19 0 
241813 1330 1549 480 8 1315 357 7 483 2604 16 7 20 11 0 
241930 1327 1439 455 8 1310 362 8 462 2655 13 1 16 14 0 
241794 1287 1474 506 7 1357 351 9 452 2718 12 5 16 12 0 
241881 1329 1452 437 7 1341 295 5 523 2665 24 6 12 23 0 
241855 1287 1498 446 9 1367 313 8 451 2713 13 13 17 10 0 
242023 1293 1493 463 5 1284 341 5 484 2564 11 8 10 16 0 
241847 1333 1552 487 7 1317 323 6 473 2587 19 11 21 17 0 
241831 1334 1477 493 9 1292 305 1 472 2729 22 6 15 14 0 
241978 1305 1522 485 6 1323 283 6 461 2584 14 5 14 14 0 
241893 1285 1508 510 4 1330 329 10 467 2618 13 11 15 7 0 
241913 1352 1515 456 13 1306 335 6 495 2554 13 7 21 14 0 
241896 1347 1474 471 7 1314 342 6 488 2612 13 8 7 15 0 
241917 1349 1469 451 10 1308 323 3 503 2622 14 4 15 12 0 
242046 1274 1416 484 10 1377 328 2 450 2557 14 13 8 21 0 
241867 1332 1458 521 14 1284 347 5 449 2667 15 12 12 17 0 
241918 1316 1418 480 9 1279 322 11 486 2707 12 10 17 15 0 
241937 1316 1479 478 10 1301 356 4 464 2597 16 7 15 20 0 
241868 1366 1500 459 3 1286 338 6 466 2652 16 11 12 16 1 
241958 1339 1472 463 5 1257 303 5 453 2691 14 9 15 16 0 
241849 1375 1482 476 4 1325 329 11 462 2640 17 11 10 9 0 
241930 1299 1446 464 12 1333 332 10 449 2652 24 12 14 23 0 
241898 1344 1479 458 7 1324 327 2 497 2612 13 12 16 11 0 
241828 1325 1493 480 12 1315 322 7 483 2677 17 9 20 12 0 
241863 1298 1618 438 9 1251 326 1 507 2645 8 3 19 14 0 
242120 1268 1469 478 7 1313 313 10 450 2529 11 7 12 13 0 
241948 1363 1406 476 7 1310 341 7 421 2666 19 9 10 17 0 
241954 1357 1434 458 6 1377 313 7 475 2569 10 10 20 10 0 
241916 1327 1470 501 11 1301 292 6 471 2658 12 9 18 7 1 
241914 1362 1472 478 7 1310 315 4 444 2639 17 11 12 15 0 
241950 1281 1425 452 4 1361 340 5 475 2652 16 9 14 16 0 
241825 1285 1515 506 3 1347 339 8 478 2647 12 6 15 14 0 
241841 1350 1458 467 7 1374 322 4 510 2620 11 10 12 13 1 
241980 1337 1458 480 6 1333 302 5 464 2584 20 6 14 11 0 
241855 1287 1484 483 8 1372 326 5 450 2686 14 5 9 16 0 
241881 1318 1504 483 3 1328 303 8 464 2655 22 8 11 12 0 
241956 1319 1481 495 13 1354 320 7 424 2578 14 10 19 10 0 
241943 1355 1436 487 20 1303 346 8 460 2588 14 11 13 16 0 
241901 1291 1526 483 13 1310 321 7 440 2649 14 11 18 16 0 
241876 1355 1496 451 9 1294 340 6 490 2641 14 4 11 13 0 
242005 1277 1451 503 6 1292 310 6 466 2635 9 10 12 18 0 
241897 1299 1504 473 5 1326 313 6 452 2662 13 10 19 21 0 
241801 1397 1493 514 15 1347 332 2 469 2587 13 6 13 11 0 
241905 1367 1460 430 6 1320 315 2 471 2677 14 5 12 16 0 
241975 1285 1462 476 7 1300 326 14 454 2639 18 6 18 20 0 
242121 1255 1454 469 8 1252 303 3 454 2626 19 7 14 15 0 
241777 1294 1519 494 9 1317 345 5 504 2686 17 10 13 10 0 
241987 1290 1555 475 7 1310 361 4 447 2513 19 8 12 12 0 
241957 1267 1451 468 7 1306 322 2 505 2675 11 8 12 9 0 
241875 1337 1492 482 8 1304 320 7 474 2644 18 8 18 13 0 
242064 1345 1447 445 10 1246 310 6 455 2617 12 11 12 20 0 
241928 1326 1425 463 9 1276 346 6 493 2678 17 11 8 14 0 
241872 1294 1533 474 9 1316 384 5 482 2588 16 3 12 12 0 
241954 1350 1423 497 10 1296 321 6 459 2617 19 11 20 16 1 
241987 1328 1466 465 6 1309 330 5 458 2603 10 8 12 13 0 
241933 1279 1489 475 2 1307 340 2 479 2653 14 4 14 9 0 
241930 1318 1443 497 6 1314 338 9 468 2622 22 4 12 17 0 
242022 1309 1386 441 10 1297 334 9 485 2648 25 10 10 14 0 
241776 1371 1540 465 6 1319 353 6 495 2621 10 12 13 13 0 
242072 1279 1390 461 8 1317 309 9 458 2647 14 10 6 20 0 
242101 1260 1409 457 5 1251 303 8 498 2664 15 5 8 16 0 
241914 1277 1535 443 9 1375 315 7 436 2647 14 8 4 15 1 
241943 1240 1492 470 11 1226 337 6 447 2770 12 8 16 22 0 
241828 1414 1453 505 11 1302 355 4 458 2620 14 4 11 20 1 
241801 1291 1526 486 10 1298 292 8 523 2725 16 7 8 9 0 
241865 1329 1464 468 8 1311 317 11 472 2700 14 7 19 15 0 
241950 1318 1460 520 9 1353 290 10 459 2590 10 5 9 17 0 
241858 1315 1496 457 5 1337 341 5 505 2633 13 5 15 15 0 
241890 1311 1509 478 7 1297 346 6 462 2636 14 15 18 11 0 
241975 1276 1465 456 12 1325 323 6 459 2656 12 9 8 18 0 
241985 1285 1449 437 8 1320 351 4 476 2634 15 6 15 15 0 
241979 1328 1448 442 3 1353 323 6 453 2617 14 8 10 16 0 
241981 1352 1445 470 11 1313 341 5 456 2581 12 6 12 15 0 
241900 1301 1514 451 10 1344 334 7 499 2602 8 7 9 14 0 
241962 1318 1418 470 4 1331 301 8 449 2689 11 10 18 10 1 
241779 1274 1516 485 10 1323 344 4 519 2693 17 14 7 15 0 
241961 1289 1468 476 8 1318 330 5 434 2670 9 4 6 22 0 
241882 1345 1492 490 6 1306 303 10 510 2613 9 5 17 12 0 
241972 1308 1468 459 11 1286 313 14 445 2671 11 3 17 22 0 
241833 1385 1430 491 9 1330 340 6 518 2601 17 11 17 12 0 
242150 1260 1378 464 12 1271 334 3 468 2610 14 8 10 18 0 
241863 1303 1502 492 9 1273 324 6 474 2703 14 9 12 16 0 
241857 1357 1430 484 4 1303 343 4 476 2681 13 13 14 21 0 
242031 1242 1407 499 8 1331 337 6 487 2607 17 7 11 10 0 
242019 1319 1481 444 8 1259 361 8 436 2606 18 7 15 19 0 
241811 1338 1436 471 6 1331 349 5 453 2749 5 9 19 17 1 
241865 1313 1504 497 7 1348 325 8 441 2638 12 8 14 20 0 
241917 1330 1406 478 7 1328 295 9 469 2714 15 6 16 9 1 
241889 1388 1435 474 6 1306 327 11 487 2619 12 14 16 16 0 
241699 1330 1540 485 9 1379 301 7 446 2757 16 11 11 9 0 
241996 1366 1429 481 11 1280 329 2 467 2590 10 7 17 15 0 
242104 1264 1464 469 6 1287 293 8 451 2599 20 7 11 17 0 
241818 1390 1473 456 8 1375 324 6 438 2657 11 9 17 18 0 
242065 1257 1506 462 12 1310 338 5 443 2543 18 4 20 17 0 
241865 1344 1467 496 6 1291 339 4 494 2646 13 7 11 17 0 
242085 1271 1382 482 3 1262 304 3 487 2678 11 6 10 15 1 
241932 1300 1445 454 15 1367 291 4 483 2656 12 10 14 17 0 
241878 1306 1512 468 5 1353 324 4 477 2629 12 8 12 12 0 
241952 1264 1525 452 8 1374 343 6 435 2586 15 9 15 15 1 
241928 1327 1485 456 8 1278 339 6 473 2636 18 8 22 16 0 
241783 1303 1540 523 11 1296 305 10 505 2679 16 7 10 12 0 
241864 1333 1499 465 5 1422 325 3 435 2596 17 6 16 14 0 
241916 1332 1459 474 10 1287 309 3 475 2675 13 7 24 16 0 
242035 1298 1437 447 9 1274 342 4 451 2652 13 7 11 20 0 
241844 1399 1492 475 12 1270 327 6 478 2647 12 8 18 12 0 
241899 1308 1461 483 8 1325 337 6 475 2647 11 5 12 23 0 
241994 1299 1536 464 8 1305 340 12 449 2535 16 7 24 11 0 
241782 1322 1466 494 8 1357 300 5 475 2730 20 8 14 18 1 
242005 1301 1473 453 12 1283 331 3 461 2616 16 7 14 25 0 
241929 1392 1411 454 10 1335 316 6 471 2619 13 10 15 19 0 
241982 1297 1492 487 10 1331 304 6 474 2567 11 8 17 14 0 
241817 1345 1471 455 3 1357 330 5 501 2661 18 11 9 17 0 
241884 1347 1485 486 9 1304 322 12 483 2621 9 5 14 19 0 
241786 1329 1552 474 15 1277 324 6 464 2717 9 10 17 20 0 
241912 1299 1532 422 11 1346 355 6 451 2630 8 4 16 8 0 
241776 1315 1516 496 16 1371 316 6 471 2655 14 9 16 23 0 
241938 1329 1510 432 12 1322 302 7 506 2588 14 11 17 12 0 
241834 1269 1528 473 4 1349 277 6 481 2731 14 7 11 16 0 
241882 1295 1446 501 8 1315 364 4 448 2693 13 10 13 8 0 
241957 1280 1428 538 8 1293 318 8 464 2649 17 6 13 21 0 
242050 1317 1481 454 10 1268 318 4 463 2571 14 12 19 19 0 
241929 1355 1385 479 13 1310 331 5 494 2647 15 8 9 20 0 
242049 1269 1535 432 10 1318 299 2 479 2551 21 6 13 16 0 
241940 1254 1527 467 6 1333 340 5 467 2612 12 5 21 11 0 
242032 1316 1451 475 5 1305 317 9 446 2600 13 7 14 10 0 
241882 1290 1445 442 6 1380 367 4 469 2661 20 6 15 13 0 
241834 1337 1471 506 8 1334 353 3 476 2625 19 7 18 9 0 
241924 1308 1476 450 3 1397 309 3 413 2666 14 9 15 13 0 
241865 1362 1513 458 9 1261 345 7 475 2654 14 7 14 16 0 
241886 1338 1447 487 6 1336 345 6 462 2640 13 9 14 11 0 
241784 1373 1495 444 4 1335 324 3 521 2662 17 6 15 17 0 
241835 1273 1510 500 10 1345 327 10 498 2649 14 7 15 7 0 
241978 1283 1423 440 12 1346 314 2 514 2626 21 10 21 10 0 
241753 1323 1519 471 11 1364 338 5 462 2697 12 8 14 23 0 
241937 1344 1441 460 13 1386 305 8 476 2574 15 11 16 14 0 
241784 1353 1505 474 5 1335 311 11 505 2663 15 7 17 15 0 
241883 1288 1510 481 4 1222 321 6 501 2724 17 7 18 18 0 
241707 1334 1549 484 14 1357 326 4 473 2698 14 5 18 17 0 
241742 1414 1471 465 8 1407 318 7 491 2628 9 2 14 24 0 
242047 1304 1448 467 10 1270 335 4 433 2627 20 6 13 16 0 
241830 1391 1473 462 7 1313 324 3 471 2657 17 9 19 24 0 
241793 1330 1465 498 8 1331 336 12 498 2681 17 3 15 13 0 
242050 1346 1373 480 11 1325 323 9 458 2572 14 9 11 19 0 
241864 1235 1462 482 9 1366 344 4 515 2674 12 9 15 8 1 
241829 1299 1459 485 5 1346 350 4 501 2675 11 9 14 13 0 
242074 1197 1399 512 6 1302 321 5 454 2678 17 7 15 13 0 
241868 1355 1485 469 7 1351 329 4 452 2625 12 6 15 22 0 
241868 1301 1420 464 6 1333 327 7 499 2709 26 8 16 16 0 
241883 1298 1516 495 7 1334 331 5 482 2599 15 5 13 17 0 
241855 1345 1575 458 8 1311 312 12 480 2599 17 7 14 7 0 
242072 1254 1444 467 10 1292 342 10 496 2564 17 8 12 12 0 
241916 1265 1478 485 9 1319 339 9 491 2638 19 8 14 10 0 
241829 1327 1527 496 7 1314 353 9 455 2644 15 4 14 6 0 
242035 1269 1448 443 10 1305 300 4 466 2675 13 8 18 6 0 
241932 1317 1468 458 9 1334 313 8 472 2643 11 7 16 12 0 
241895 1394 1444 439 6 1310 302 4 456 2697 20 6 10 17 0 
242022 1307 1462 456 3 1274 287 12 465 2652 17 8 15 20 0 
241820 1300 1503 492 7 1375 316 5 447 2685 12 8 11 19 0 
241939 1312 1450 468 6 1280 326 8 510 2638 17 9 18 19 0 
241822 1315 1491 468 15 1375 352 3 489 2617 16 11 14 12 0 
241879 1347 1499 457 11 1313 309 3 452 2678 13 9 15 15 0 
241852 1302 1509 479 7 1260 331 4 486 2718 11 6 20 15 0 
241891 1316 1470 426 9 1348 364 6 466 2644 21 9 16 14 0 
241776 1343 1444 456 12 1376 322 8 487 2726 12 8 20 10 0 
241876 1260 1437 465 5 1357 306 12 507 2711 17 9 23 15 0 
241883 1262 1506 484 13 1337 347 6 446 2663 14 8 14 17 0 
241881 1310 1496 471 10 1326 326 6 485 2634 15 11 12 17 0 
241996 1379 1407 482 10 1268 326 9 452 2627 10 10 16 8 0 
242019 1341 1432 452 9 1312 323 5 459 2596 10 11 10 21 0 
241835 1394 1444 466 10 1314 324 9 453 2691 16 9 15 20 0 
241998 1303 1490 481 16 1269 297 7 461 2623 19 7 15 14 0 
241885 1278 1502 460 5 1332 386 6 471 2618 16 11 18 12 0 
241879 1335 1451 457 6 1346 329 6 448 2694 8 15 13 13 0 
241940 1275 1499 441 9 1275 368 8 459 2667 15 7 17 20 0 
241985 1342 1450 447 11 1291 342 4 448 2622 14 5 21 18 0 
241962 1267 1519 509 10 1285 304 3 494 2588 13 8 17 21 0 
242004 1318 1451 459 8 1326 296 3 467 2607 19 5 16 20 1 
241804 1367 1517 454 13 1370 319 8 484 2615 11 8 13 17 0 
241916 1334 1482 502 8 1285 345 5 442 2642 8 4 10 17 0 
241838 1391 1503 421 8 1300 304 3 479 2691 14 11 18 19 0 
241947 1251 1569 441 7 1373 280 9 455 2624 11 11 13 9 0 
241746 1329 1468 483 12 1355 329 11 471 2749 17 8 14 8 0 
241989 1305 1415 466 7 1375 311 6 478 2592 12 6 11 27 0 
241837 1338 1510 458 13 1316 310 10 475 2678 11 8 19 17 0 
241800 1323 1515 503 7 1307 340 7 472 2678 15 6 12 15 0 
241926 1270 1538 467 6 1304 321 5 504 2613 13 3 16 14 0 
241661 1373 1465 494 4 1371 337 6 476 2759 11 10 15 18 0 
241729 1343 1461 505 7 1282 347 6 513 2761 18 4 13 11 0 
241899 1288 1452 491 4 1331 346 8 483 2640 17 7 17 17 0 
242030 1336 1413 500 6 1282 321 3 441 2607 14 6 14 27 0 
241955 1317 1450 474 3 1311 343 9 442 2647 17 9 11 12 0 
241829 1236 1553 479 11 1354 368 6 460 2648 11 6 21 18 0 
241912 1288 1514 481 8 1319 314 5 478 2627 20 6 9 19 0 
241875 1376 1414 491 11 1309 326 7 483 2668 18 3 10 9 0 
241967 1301 1492 468 9 1320 328 5 474 2586 16 5 16 13 0 
241844 1388 1519 473 8 1265 331 4 476 2639 14 13 9 17 0 
241902 1308 1433 477 10 1312 305 3 523 2663 15 9 24 16 0 
241840 1317 1516 490 9 1311 329 2 456 2677 10 8 19 16 0 
241832 1332 1472 446 7 1352 306 8 454 2725 17 18 16 15 0 
241816 1292 1529 498 10 1287 312 13 438 2764 8 4 12 17 0 
241936 1281 1439 510 3 1317 330 10 485 2642 10 10 15 12 0 
241765 1318 1450 486 8 1369 354 11 480 2714 12 7 14 11 1 
241862 1390 1479 434 16 1303 333 8 514 2604 14 5 19 19 0 
241785 1274 1545 476 5 1322 336 9 525 2679 7 7 13 17 0 
241793 1363 1491 462 13 1377 336 11 461 2645 16 10 10 12 0 
242015 1294 1452 464 12 1322 303 5 439 2636 12 11 19 16 0 
241935 1253 1469 469 9 1316 293 6 483 2716 16 8 13 14 0 
241986 1296 1425 407 9 1291 336 9 450 2743 15 9 9 14 1 
241696 1311 1550 516 10 1375 310 10 479 2672 16 10 16 29 0 
241931 1305 1475 492 3 1354 296 8 425 2664 14 4 16 13 0 
241948 1344 1411 494 15 1310 323 7 475 2618 9 12 19 15 0 
241812 1388 1532 429 5 1281 324 8 459 2706 17 10 19 10 0 
241826 1354 1512 456 11 1349 321 6 483 2638 10 6 16 12 0 
241891 1306 1478 491 5 1386 339 5 469 2577 14 7 19 13 0 
241865 1248 1524 530 9 1281 318 4 439 2731 15 6 13 17 0 
241746 1352 1491 511 10 1293 319 5 499 2709 18 7 20 20 0 
241928 1349 1481 466 8 1312 328 4 458 2619 13 9 16 9 0 
241847 1268 1531 519 5 1348 304 8 492 2633 16 7 13 9 0 
241879 1319 1489 471 9 1376 335 4 466 2596 13 7 16 20 0 
241881 1351 1452 483 9 1322 358 5 455 2628 13 17 8 18 0 
241754 1320 1554 471 9 1308 346 5 494 2689 10 6 19 15 0 
241946 1363 1442 497 6 1276 312 3 474 2625 18 14 10 13 1 
241786 1280 1448 505 3 1353 345 5 497 2733 12 7 9 17 0 
241957 1333 1486 430 14 1329 325 9 507 2559 16 4 16 15 0 
241957 1355 1493 446 7 1319 332 13 489 2544 18 3 13 11 0 
241940 1292 1489 484 6 1342 317 4 446 2620 18 10 14 18 0 
241856 1372 1491 524 9 1310 330 6 460 2593 15 7 11 16 0 
241944 1339 1424 465 12 1345 334 4 441 2644 10 10 11 17 0 
241839 1364 1492 440 5 1282 313 7 481 2719 15 11 17 15 0 
241998 1276 1469 456 15 1365 347 2 458 2551 21 11 15 16 0 
241941 1244 1514 458 6 1294 342 5 465 2690 11 6 12 11 1 
241721 1366 1532 455 6 1319 315 5 510 2726 12 4 9 20 0 
241841 1333 1511 479 2 1328 311 7 488 2658 12 3 10 16 1 
241743 1315 1494 496 11 1350 356 4 506 2681 10 4 15 15 0 
241849 1333 1504 482 6 1270 365 10 434 2684 19 8 18 18 0 
241986 1328 1425 420 3 1335 332 8 464 2655 15 8 9 12 0 
241980 1347 1426 447 5 1315 316 15 472 2633 15 10 7 12 0 
241966 1297 1437 506 4 1323 335 7 453 2622 13 5 19 13 0 
241860 1329 1479 493 8 1293 314 8 495 2669 16 11 15 10 0 
241994 1298 1389 456 10 1324 321 6 473 2671 13 8 18 18 1 
241992 1272 1509 440 11 1323 314 10 480 2600 15 8 11 15 0 
241947 1318 1480 457 11 1294 282 5 458 2686 16 15 16 15 0 
241960 1374 1419 434 11 1305 320 9 497 2626 15 9 10 11 0 
242048 1258 1454 443 7 1345 332 8 434 2623 11 5 12 20 0 
241872 1288 1502 492 5 1287 354 6 508 2633 11 15 9 18 0 
241956 1308 1461 443 9 1361 298 3 436 2672 21 6 12 14 0 
241825 1319 1503 516 13 1333 328 5 435 2664 13 15 16 15 0 
241756 1344 1507 453 8 1349 371 7 470 2667 15 14 21 18 0 
241970 1309 1427 454 9 1354 302 11 473 2630 18 14 10 19 0 
241886 1318 1435 468 10 1324 333 8 484 2685 16 6 10 17 0 
242028 1324 1437 435 9 1243 304 7 466 2682 18 8 18 21 0 
241864 1261 1446 452 10 1367 353 2 478 2714 11 13 14 15 0 
241812 1320 1542 487 7 1282 343 5 463 2683 16 6 15 19 0 
242039 1266 1468 430 10 1303 316 5 484 2638 12 4 11 13 1 
241957 1368 1460 473 9 1298 298 7 465 2608 20 10 17 10 0 
241917 1316 1460 491 9 1289 347 9 446 2658 17 10 15 16 0 
242010 1286 1496 510 13 1267 314 9 475 2561 18 14 11 16 0 
241902 1320 1459 449 4 1387 309 4 463 2651 13 9 16 14 0 
241982 1349 1408 455 8 1296 325 7 462 2655 15 16 14 8 0 
241930 1296 1455 455 10 1299 345 8 455 2684 22 9 15 17 0 
241865 1312 1515 481 3 1328 314 7 475 2651 15 13 10 11 0 
241953 1366 1469 469 7 1316 292 4 489 2577 20 9 14 15 0 
241889 1349 1502 533 9 1319 302 7 435 2599 19 11 15 11 0 
242021 1280 1480 478 8 1274 320 10 461 2621 18 4 11 14 0 
241897 1284 1445 440 9 1284 322 16 461 2789 15 5 15 18 0 
241786 1312 1500 479 8 1342 337 4 472 2710 10 9 15 16 0 
241877 1356 1424 437 5 1370 318 4 468 2685 16 14 14 12 0 
241920 1321 1471 462 9 1313 307 10 461 2682 6 11 17 10 0 
241906 1325 1501 478 10 1311 320 10 494 2577 17 10 17 24 0 
241688 1364 1500 521 8 1340 316 7 471 2744 13 6 14 8 0 
241980 1291 1396 453 7 1393 326 8 496 2595 15 11 18 11 0 
241764 1399 1472 428 11 1349 359 7 452 2706 15 11 15 12 0 
241812 1321 1461 494 10 1405 330 7 494 2624 13 4 13 12 0 
241928 1332 1487 474 6 1252 310 5 443 2700 16 12 24 11 0 
241828 1306 1509 454 6 1292 340 4 507 2710 11 7 15 11 0 
241764 1325 1441 476 9 1350 335 9 513 2730 16 3 13 16 0 
241977 1277 1489 432 7 1398 304 3 474 2589 16 4 14 16 0 
241898 1266 1489 445 9 1319 350 5 447 2716 15 9 16 16 0 
241816 1314 1486 457 5 1366 291 4 510 2689 15 13 17 17 0 
241905 1307 1461 481 6 1285 331 6 459 2713 19 9 8 10 0 
241829 1315 1470 478 12 1375 342 3 502 2619 15 9 17 14 0 
242033 1337 1476 465 6 1283 302 2 487 2560 14 11 10 14 0 
241887 1310 1436 476 11 1368 307 10 458 2696 8 9 16 8 0 
241801 1369 1520 491 6 1277 293 6 461 2729 12 3 12 20 0 
242008 1355 1463 484 9 1258 348 6 431 2593 13 8 15 9 0 
241916 1326 1438 452 9 1247 345 4 453 2747 18 6 26 13 0 
241858 1323 1472 451 8 1347 307 7 490 2689 12 7 16 13 0 
241767 1324 1578 454 7 1328 328 4 462 2700 12 7 20 9 0 
241862 1294 1432 441 8 1323 350 6 478 2735 18 13 19 21 0 
241865 1324 1473 462 11 1326 327 4 484 2687 9 4 11 12 1 
242111 1307 1471 453 10 1307 302 6 461 2524 15 9 9 15 0 
241939 1315 1476 433 4 1280 348 11 486 2654 18 9 14 13 0 
241879 1328 1444 465 5 1403 328 4 468 2624 11 9 14 18 0 
241787 1259 1561 485 11 1310 308 7 510 2715 13 7 16 11 0 
241783 1376 1458 490 4 1313 340 8 494 2681 19 7 11 15 1 
241873 1356 1451 476 5 1360 349 7 480 2591 15 9 17 11 0 
241923 1333 1496 476 5 1269 329 8 428 2690 11 7 8 17 0 
241895 1281 1461 504 8 1330 366 6 469 2625 11 12 15 17 0 
241809 1306 1506 449 2 1359 327 6 459 2720 10 17 16 14 0 
242022 1273 1506 444 7 1280 345 7 440 2627 15 10 13 11 0 
241942 1344 1488 478 4 1284 308 6 431 2671 11 11 7 15 0 
241797 1400 1479 491 11 1336 332 2 468 2645 8 4 9 18 0 
241988 1321 1472 433 14 1355 323 7 450 2586 13 10 14 14 0 
242126 1283 1437 487 10 1322 327 9 462 2502 6 3 15 11 0 
241812 1342 1516 513 7 1289 329 12 517 2620 12 8 5 18 0 
241769 1320 1510 502 7 1343 307 6 487 2706 14 7 13 9 0 
241951 1303 1449 487 9 1350 310 5 459 2625 16 8 10 18 0 
241925 1346 1433 492 8 1332 329 10 492 2580 17 12 9 15 0 
241922 1365 1482 483 8 1311 319 7 490 2573 11 5 16 8 0 
241768 1312 1520 471 9 1303 353 3 478 2722 16 10 23 12 0 
241964 1362 1468 466 4 1320 318 9 496 2550 9 10 15 9 0 
241990 1300 1484 496 11 1300 330 4 473 2571 14 13 9 5 0 
241807 1305 1520 416 7 1315 355 6 470 2739 15 9 18 18 0 
242051 1293 1482 452 9 1297 345 6 482 2537 16 5 15 10 0 
241883 1368 1487 430 11 1325 312 2 493 2644 8 9 15 13 0 
241862 1367 1488 457 8 1309 335 10 518 2600 11 9 11 15 0 
241765 1288 1519 500 9 1373 338 6 479 2672 14 4 18 15 0 
241895 1339 1496 446 12 1244 327 6 487 2681 22 11 18 16 0 
241912 1358 1486 477 6 1307 343 3 427 2621 21 9 16 14 0 
241904 1347 1456 463 13 1369 334 7 458 2610 10 6 10 13 0 
241886 1278 1474 485 6 1370 294 1 445 2717 10 12 9 12 1 
241929 1259 1489 473 8 1322 300 9 503 2654 20 8 13 13 0 
242029 1229 1504 454 10 1350 343 11 477 2543 13 11 13 13 0 
241865 1346 1521 490 6 1346 333 5 426 2616 14 5 18 9 0 
241834 1307 1450 479 3 1301 346 10 513 2704 13 9 17 14 0 
241931 1299 1474 496 7 1310 335 4 461 2643 12 6 17 5 0 
241818 1344 1456 452 6 1368 337 7 501 2661 14 7 13 16 0 
241905 1341 1493 492 9 1321 289 8 470 2629 16 7 8 12 0 
241882 1309 1499 424 8 1362 321 5 493 2646 16 8 15 12 0 
242001 1244 1454 517 6 1352 311 8 458 2587 12 9 19 22 0 
241737 1314 1519 457 6 1353 317 7 489 2751 9 11 16 13 1 
241966 1289 1466 450 11 1364 333 4 500 2566 14 2 21 14 0 
241891 1368 1454 485 4 1357 319 10 454 2615 11 9 12 11 0 
241758 1359 1485 437 8 1340 340 4 507 2709 18 6 18 11 0 
241785 1351 1465 474 7 1328 327 8 483 2717 17 10 17 11 0 
241904 1326 1511 462 6 1343 311 5 471 2621 7 6 11 16 0 
241808 1247 1471 487 7 1383 347 6 532 2659 13 7 19 14 0 
241794 1386 1556 468 7 1315 325 7 454 2630 15 12 12 19 0 
241900 1343 1434 464 8 1303 323 4 470 2700 15 3 18 15 0 
241873 1322 1497 455 8 1306 318 8 490 2668 9 7 20 19 0 
241916 1320 1482 450 9 1303 292 9 454 2716 18 6 18 7 0 
241735 1304 1564 513 10 1345 316 4 481 2686 9 8 16 9 0 
241918 1299 1471 467 13 1340 347 4 453 2636 12 12 17 11 0 
241958 1278 1509 459 4 1308 329 6 491 2617 12 11 7 11 0 
241886 1283 1437 468 11 1389 294 5 458 2720 13 7 16 13 0 
241863 1297 1434 502 6 1358 342 5 464 2686 10 6 11 16 0 
241755 1398 1529 459 9 1349 318 8 455 2661 18 10 15 16 0 
241941 1306 1497 474 7 1317 343 4 450 2615 12 9 16 9 0 
241872 1427 1414 472 7 1273 327 7 466 2678 11 9 22 15 0 
241812 1342 1513 463 11 1290 364 8 441 2689 12 15 24 16 0 
241853 1393 1488 474 13 1282 321 6 476 2639 14 9 14 18 0 
242162 1294 1445 480 7 1304 295 3 435 2513 21 6 21 14 0 
241927 1357 1400 457 4 1326 333 4 496 2655 13 8 12 8 0 
241701 1397 1514 488 13 1305 338 7 448 2733 18 8 16 14 0 
241899 1302 1456 476 6 1332 334 5 478 2661 12 10 18 11 0 
241873 1254 1503 505 9 1315 318 4 482 2692 10 8 11 16 0 
241808 1302 1527 456 8 1281 337 5 524 2709 12 8 13 9 1 
241978 1303 1468 412 8 1320 344 12 491 2612 14 9 13 16 0 
241767 1349 1535 466 4 1350 334 2 496 2624 18 9 18 28 0 
241928 1361 1460 459 12 1303 299 8 509 2615 8 13 13 12 0 
241987 1294 1461 476 8 1349 331 9 470 2572 12 6 10 15 0 
241853 1299 1519 479 9 1291 356 10 489 2642 16 6 18 13 0 
241835 1355 1504 449 9 1275 345 10 500 2676 17 7 8 10 0 
241679 1340 1468 477 7 1407 295 7 491 2777 19 3 10 19 1 
242143 1274 1466 439 9 1304 299 8 479 2522 20 5 20 12 0 
241853 1341 1423 493 9 1406 322 7 499 2603 14 12 8 10 0 
241871 1283 1497 470 8 1369 318 10 459 2668 11 14 9 13 0 
241940 1293 1482 502 7 1321 294 9 489 2606 18 11 14 14 0 
241972 1284 1446 472 11 1316 317 11 473 2639 23 6 11 19 0 
241983 1360 1464 484 10 1312 357 5 428 2541 18 8 13 17 0 
241771 1328 1478 479 7 1291 349 10 496 2730 17 9 23 12 0 
241913 1292 1512 483 8 1317 312 7 486 2609 12 14 21 14 0 
241845 1348 1455 485 10 1326 312 4 495 2660 21 8 16 15 0 
241900 1329 1455 467 5 1308 299 3 501 2673 19 4 22 15 0 
241971 1280 1436 488 12 1317 335 4 486 2615 15 10 23 8 0 
241822 1309 1505 451 8 1325 342 8 455 2723 16 9 10 17 0 
241925 1297 1448 491 10 1293 324 3 473 2691 15 8 16 6 0 
241793 1284 1553 486 9 1364 339 5 469 2650 12 10 10 16 0 
241872 1321 1481 468 16 1273 321 8 472 2721 11 6 13 17 0 
241932 1268 1504 456 6 1280 351 8 518 2629 13 10 9 16 0 
241814 1347 1486 475 7 1387 310 3 442 2672 21 9 12 15 0 
241920 1354 1437 498 8 1322 324 5 439 2645 11 7 18 12 0 
241883 1318 1530 472 5 1335 332 11 453 2599 17 11 12 22 0 
241649 1347 1530 479 7 1376 345 12 505 2701 9 4 23 13 0 
241895 1310 1548 467 12 1308 315 5 481 2606 13 7 19 14 0 
241847 1338 1490 492 11 1324 329 6 490 2618 20 9 14 12 0 
241889 1372 1469 466 7 1315 308 3 474 2643 15 10 16 13 0 
241812 1404 1497 468 4 1303 324 7 492 2635 16 11 17 10 0 
242107 1319 1400 461 13 1304 301 3 482 2563 10 10 21 6 0 
241936 1318 1493 454 11 1335 349 10 441 2597 14 6 19 17 0 
241900 1342 1476 437 9 1345 339 7 443 2640 19 11 12 20 0 
241950 1289 1454 467 6 1324 323 8 444 2679 20 9 11 16 0 
241937 1305 1427 475 10 1290 330 6 482 2687 10 5 22 14 0 
241854 1332 1468 494 8 1265 364 5 462 2698 15 11 15 9 0 
241855 1343 1513 487 12 1335 324 6 474 2603 15 8 12 13 0 
241977 1248 1496 481 10 1363 317 9 478 2574 11 11 14 11 0 
