241907 1326 1496 431 6 1333 330 4 488 2635 13 3 16 12 0 
241880 1387 1493 429 8 1253 299 10 521 2674 19 4 14 9 0 
241920 1399 1475 427 7 1252 317 8 533 2605 15 11 17 13 1 
241920 1332 1460 422 6 1269 316 5 560 2662 8 15 13 11 1 
241785 1362 1541 435 10 1266 357 12 566 2614 14 11 13 14 0 
241755 1434 1516 451 14 1263 333 6 537 2641 11 12 15 12 0 
242001 1347 1449 379 7 1247 318 6 582 2618 15 6 12 13 0 
241822 1372 1501 385 9 1281 330 8 524 2715 15 6 20 12 0 
241857 1463 1458 423 9 1218 331 8 546 2636 15 7 8 21 0 
242000 1389 1442 434 6 1172 329 7 549 2615 19 6 16 16 0 
241839 1468 1458 443 6 1248 312 7 529 2643 14 7 12 14 0 
241937 1395 1486 392 5 1264 302 9 531 2618 21 9 17 14 0 
241839 1389 1495 451 9 1221 352 7 534 2654 19 9 14 7 0 
241788 1378 1474 415 6 1354 301 9 581 2640 15 10 15 13 1 
241947 1325 1481 424 9 1280 346 7 574 2556 16 8 20 7 0 
241684 1402 1517 428 8 1302 353 8 509 2747 12 6 11 13 0 
241906 1369 1428 390 8 1305 312 4 549 2681 13 7 16 12 0 
241948 1346 1516 384 8 1230 324 4 515 2680 11 4 19 11 0 
241959 1415 1462 388 11 1177 302 3 539 2687 15 7 13 22 0 
241857 1313 1488 400 4 1311 333 8 483 2749 23 6 12 13 0 
242010 1350 1429 419 4 1246 319 4 531 2636 20 9 12 11 0 
241814 1424 1418 409 13 1326 342 5 534 2657 16 11 13 17 1 
242049 1295 1499 386 6 1247 352 6 517 2593 16 10 9 15 0 
241703 1390 1519 447 11 1273 306 4 526 2768 17 9 12 14 1 
242017 1343 1378 407 8 1253 360 5 509 2668 15 6 14 17 0 
241880 1384 1502 391 6 1321 339 7 542 2583 10 9 15 11 0 
241849 1383 1452 402 9 1252 328 5 514 2753 19 7 15 12 0 
241836 1381 1480 431 4 1325 318 6 531 2641 16 3 9 19 0 
241717 1410 1565 406 10 1295 327 7 537 2675 14 11 9 17 0 
241923 1319 1468 377 6 1273 318 5 579 2672 19 13 10 18 0 
242033 1396 1376 423 8 1271 294 9 548 2591 20 9 13 9 0 
241846 1405 1422 442 8 1220 335 6 529 2735 13 7 17 15 0 
241890 1393 1429 408 10 1372 316 9 529 2591 15 10 13 15 0 
241908 1409 1404 404 11 1301 351 11 516 2641 15 7 15 7 0 
241795 1395 1498 394 3 1253 331 5 535 2731 12 8 22 18 0 
241956 1434 1496 395 9 1213 305 6 532 2600 16 9 17 12 0 
241860 1321 1524 438 3 1242 337 6 534 2678 11 14 18 14 0 
241738 1395 1468 426 6 1312 317 7 548 2729 16 7 17 14 0 
241987 1401 1428 381 7 1251 325 7 510 2645 19 6 22 11 0 
242015 1348 1473 397 14 1257 301 8 489 2648 16 12 13 9 0 
241863 1425 1518 376 8 1246 325 11 500 2686 10 10 8 13 1 
241812 1395 1443 410 10 1354 340 7 551 2627 13 6 10 22 0 
241919 1375 1434 414 5 1267 362 8 521 2655 10 5 16 9 0 
241813 1364 1527 391 7 1293 342 4 531 2670 20 7 17 14 0 
242018 1322 1513 394 12 1220 327 5 531 2603 12 11 20 12 0 
241887 1403 1476 381 7 1277 332 12 555 2611 11 6 27 15 0 
241888 1372 1489 421 9 1223 323 7 565 2654 11 13 13 12 0 
241982 1352 1489 438 13 1238 289 5 526 2612 20 11 7 17 1 
241864 1372 1452 421 5 1253 338 9 501 2730 19 10 17 9 0 
241899 1430 1437 395 10 1211 333 11 562 2661 19 10 9 13 0 
242032 1325 1501 448 9 1195 291 7 524 2621 15 6 16 10 0 
242086 1348 1441 419 7 1264 316 7 494 2562 23 10 13 10 0 
241834 1483 1484 427 8 1278 285 7 503 2626 20 7 20 18 0 
241929 1391 1462 431 8 1238 300 11 505 2667 14 20 10 14 0 
241918 1307 1501 409 8 1312 314 11 530 2643 17 7 9 14 0 
241762 1393 1487 442 9 1312 307 8 549 2666 19 6 24 15 1 
241865 1361 1507 399 9 1239 316 5 536 2716 18 6 13 10 0 
242046 1363 1422 401 9 1238 289 4 519 2651 18 9 20 11 0 
241829 1405 1472 442 5 1215 362 8 549 2664 12 5 17 15 0 
241834 1302 1494 406 6 1306 329 6 555 2711 17 7 17 10 0 
241833 1426 1451 442 8 1267 352 9 529 2629 12 12 14 16 0 
241917 1359 1491 409 8 1265 311 4 499 2681 19 12 15 10 0 
241917 1384 1456 425 4 1211 345 15 522 2662 17 10 12 20 0 
241764 1323 1487 427 6 1304 334 12 574 2709 18 11 19 12 0 
241844 1400 1486 463 7 1280 330 5 530 2602 16 8 14 15 0 
241803 1472 1415 441 11 1268 330 4 514 2690 10 15 12 15 0 
241860 1337 1503 452 13 1285 382 3 529 2594 16 9 6 11 0 
241999 1340 1448 422 5 1240 333 9 556 2589 17 12 19 11 0 
241988 1329 1414 416 9 1301 285 8 547 2654 14 9 11 15 0 
241895 1413 1477 423 5 1224 316 6 521 2668 16 3 13 20 0 
241859 1353 1500 411 10 1238 321 12 533 2715 19 9 9 11 0 
241879 1370 1499 406 8 1176 320 6 584 2705 14 7 13 13 0 
241826 1381 1441 403 6 1327 317 3 537 2702 15 7 18 17 0 
241929 1345 1422 411 7 1201 332 5 560 2735 16 11 12 14 0 
241796 1423 1490 404 6 1271 313 2 520 2718 18 7 18 14 0 
241750 1419 1471 401 10 1248 332 6 547 2754 18 10 20 14 0 
241885 1366 1507 435 6 1248 284 11 597 2592 23 9 21 16 0 
241970 1356 1527 397 8 1279 338 8 516 2552 9 9 19 12 0 
241958 1389 1435 396 11 1246 318 10 579 2604 15 11 11 17 0 
241804 1380 1500 438 8 1294 325 2 524 2670 22 8 13 12 0 
241937 1310 1544 426 2 1230 336 4 518 2650 9 5 14 15 0 
242083 1324 1403 412 8 1218 314 6 560 2621 16 11 21 3 0 
241818 1393 1460 424 10 1321 330 7 544 2635 22 14 13 9 0 
241950 1396 1450 426 7 1208 316 5 523 2660 13 15 13 18 0 
242031 1339 1488 412 4 1211 340 5 521 2590 21 9 13 16 0 
241953 1375 1421 423 11 1268 309 6 539 2642 22 9 11 11 0 
241835 1362 1502 416 10 1285 335 8 517 2676 14 14 11 15 0 
241791 1355 1486 397 6 1352 331 7 518 2701 26 3 15 12 0 
242083 1327 1452 371 9 1256 310 10 514 2617 12 5 19 14 1 
241808 1381 1450 450 10 1265 339 5 556 2687 13 9 11 16 0 
241899 1347 1413 381 6 1312 320 6 557 2703 15 10 18 13 0 
241920 1415 1448 422 5 1251 296 8 551 2635 11 12 9 17 0 
241771 1416 1543 382 10 1261 349 5 537 2679 17 8 10 11 1 
242028 1386 1469 456 7 1206 291 8 496 2597 17 7 11 21 0 
241851 1389 1482 430 9 1210 324 12 531 2706 9 8 21 18 0 
241901 1352 1495 408 7 1290 321 5 506 2664 19 10 9 12 1 
241705 1384 1520 410 7 1280 321 9 555 2743 20 7 23 16 0 
241919 1357 1456 416 6 1247 300 3 538 2724 18 4 3 9 0 
241835 1419 1484 419 6 1275 325 3 536 2639 18 6 18 16 1 
241827 1364 1501 384 9 1268 349 8 554 2682 14 11 14 15 0 
241754 1416 1504 416 5 1268 328 10 522 2720 16 10 15 16 0 
241987 1370 1465 385 8 1233 308 8 538 2660 14 4 7 13 0 
241840 1436 1481 398 6 1262 325 8 530 2670 14 3 6 20 1 
241755 1389 1490 420 10 1319 330 10 557 2678 15 6 14 7 0 
242026 1371 1417 433 3 1294 292 6 517 2583 16 8 18 16 0 
241868 1360 1508 417 7 1262 309 7 537 2679 17 5 10 14 0 
241769 1398 1527 401 7 1274 336 6 556 2673 19 7 11 16 0 
241873 1364 1481 393 13 1280 358 6 521 2673 13 9 9 7 0 
241796 1455 1427 454 6 1230 313 7 540 2701 26 14 15 16 0 
241675 1427 1505 421 13 1220 356 9 577 2743 19 9 8 18 0 
241944 1383 1468 393 12 1230 337 1 562 2619 9 9 18 15 0 
242005 1386 1496 366 8 1253 312 5 451 2670 19 11 8 10 0 
241908 1408 1428 434 1 1214 327 5 535 2685 26 8 11 10 0 
241790 1362 1498 406 18 1274 309 3 576 2711 20 9 14 10 0 
241917 1353 1467 402 17 1273 294 8 565 2654 11 8 17 14 0 
241715 1431 1478 463 2 1282 316 5 533 2719 17 11 14 14 0 
242014 1306 1475 413 7 1250 305 6 519 2663 12 6 9 15 0 
241778 1395 1569 376 6 1290 305 7 517 2709 16 6 17 9 0 
242056 1348 1426 426 8 1230 328 5 535 2584 17 8 16 13 0 
241727 1396 1527 425 9 1260 362 4 497 2746 15 6 13 13 0 
241975 1336 1502 400 11 1281 314 1 512 2618 12 10 17 11 0 
241974 1366 1494 402 10 1232 331 5 519 2617 14 11 11 14 0 
241956 1365 1473 402 9 1255 338 4 502 2636 11 9 20 20 0 
241722 1377 1539 427 9 1285 304 9 553 2726 20 7 11 11 0 
241860 1383 1484 410 9 1279 330 7 548 2647 13 8 11 11 0 
241929 1367 1400 464 9 1266 293 5 539 2675 16 10 15 12 0 
241931 1390 1500 404 6 1225 327 10 543 2622 11 5 17 9 0 
241905 1342 1463 423 9 1253 322 5 512 2693 24 12 18 19 0 
241897 1352 1464 433 5 1253 328 3 541 2678 16 5 10 15 0 
241963 1398 1484 415 10 1226 333 4 519 2589 30 9 10 10 0 
241828 1420 1446 426 8 1261 311 8 569 2671 17 9 17 9 0 
241822 1362 1489 436 6 1285 359 6 512 2664 15 14 17 13 0 
241725 1369 1531 409 9 1289 313 7 596 2704 10 10 17 11 0 
241928 1380 1402 415 10 1321 324 11 518 2630 22 9 15 15 0 
241842 1355 1472 397 6 1291 321 6 576 2680 10 11 21 12 0 
241775 1377 1496 445 5 1314 311 8 550 2677 8 9 14 11 0 
241829 1398 1422 413 8 1295 343 6 518 2714 22 5 12 15 0 
241852 1448 1483 405 4 1279 347 7 484 2654 5 6 18 8 0 
241935 1374 1438 394 8 1297 284 7 517 2688 21 7 17 13 0 
241780 1405 1482 437 7 1283 326 3 546 2683 12 9 14 13 0 
241818 1334 1520 407 8 1244 325 8 544 2738 16 10 15 13 0 
241860 1375 1499 436 10 1277 304 5 559 2623 15 14 10 13 0 
241860 1410 1493 381 12 1293 343 5 518 2623 18 6 13 25 0 
241779 1332 1545 430 6 1284 315 6 539 2730 13 6 6 9 0 
241987 1304 1472 355 12 1229 348 6 573 2656 17 13 17 11 0 
241898 1363 1518 417 12 1219 300 8 481 2729 14 6 16 19 0 
241996 1318 1550 364 7 1201 315 4 520 2670 18 7 16 14 0 
242078 1383 1473 415 11 1196 341 6 526 2534 11 4 11 11 0 
241968 1419 1476 423 8 1251 320 5 514 2569 18 8 12 9 0 
241915 1374 1494 429 7 1295 337 9 479 2623 11 7 13 7 0 
241812 1428 1472 436 14 1220 338 6 542 2676 14 7 20 15 0 
241978 1375 1439 443 8 1210 327 4 502 2672 7 6 14 15 0 
241926 1426 1451 404 8 1246 337 3 536 2602 11 14 19 17 0 
241837 1337 1477 455 11 1274 337 9 491 2720 16 12 10 14 0 
241879 1382 1485 379 15 1290 287 10 496 2717 18 12 19 11 0 
241978 1396 1472 398 9 1234 279 6 528 2649 13 12 17 9 0 
241995 1382 1449 420 14 1236 344 5 524 2584 16 6 10 15 0 
241892 1441 1479 382 10 1267 333 5 533 2605 19 10 12 12 0 
241910 1378 1502 422 5 1258 309 7 555 2586 14 12 21 20 1 
241868 1389 1508 401 6 1263 327 13 544 2630 18 7 10 16 0 
241790 1451 1413 411 13 1309 351 6 531 2659 23 10 23 10 0 
241739 1407 1464 403 8 1340 351 8 536 2698 20 8 9 9 0 
241925 1375 1457 422 12 1271 334 9 506 2631 13 9 21 14 1 
241731 1387 1524 416 8 1256 321 4 548 2763 15 6 12 9 0 
241883 1388 1479 453 7 1269 313 7 518 2629 17 15 10 12 0 
241980 1347 1430 379 5 1238 309 7 576 2682 17 8 12 10 0 
241974 1374 1512 401 14 1250 307 7 521 2596 10 4 14 16 0 
241958 1359 1514 380 10 1262 321 8 542 2604 14 3 13 12 0 
241666 1414 1545 432 11 1273 366 5 563 2683 12 10 14 6 0 
241979 1377 1454 403 12 1201 291 1 552 2672 20 9 19 10 0 
241892 1399 1440 424 4 1321 307 6 544 2625 13 6 12 7 0 
241901 1366 1517 413 9 1206 331 6 548 2655 14 6 13 14 1 
241850 1387 1435 407 6 1351 330 6 531 2639 15 10 15 18 0 
242107 1361 1439 393 4 1258 317 5 503 2569 12 6 13 13 0 
241906 1332 1425 423 12 1298 313 10 574 2660 6 8 14 19 0 
241915 1407 1483 394 6 1205 309 3 554 2676 13 4 16 15 0 
241809 1384 1491 417 9 1253 313 5 579 2686 15 10 15 14 0 
241817 1324 1505 445 12 1280 333 8 567 2643 19 11 20 16 0 
241740 1422 1513 400 10 1294 384 7 512 2673 15 4 9 17 0 
241935 1342 1493 416 6 1283 292 9 509 2670 17 5 15 7 1 
241901 1389 1423 396 10 1331 299 8 560 2641 5 11 13 13 0 
241988 1317 1410 435 11 1304 298 6 564 2603 15 11 24 14 0 
241818 1356 1480 430 10 1265 317 6 581 2685 19 8 14 11 0 
241886 1359 1481 390 4 1275 349 3 503 2701 18 5 10 16 0 
242054 1346 1506 389 9 1227 325 7 538 2549 12 12 15 11 0 
241922 1412 1403 432 6 1273 344 6 527 2624 16 7 14 14 0 
241752 1385 1466 412 9 1288 340 12 548 2742 12 8 18 8 0 
241822 1396 1538 445 8 1239 294 8 538 2662 17 6 13 14 0 
241981 1344 1437 400 7 1263 327 5 552 2622 23 11 13 14 1 
241794 1395 1487 395 4 1273 316 6 556 2714 20 6 20 14 0 
241937 1312 1438 415 5 1312 331 8 557 2642 11 13 10 9 0 
241779 1339 1551 417 11 1283 366 6 533 2667 13 5 21 9 0 
241900 1416 1432 426 6 1279 329 7 555 2607 17 10 9 7 0 
241924 1335 1454 433 8 1247 318 6 546 2683 17 5 13 11 0 
241890 1390 1540 397 7 1266 300 5 490 2649 22 9 19 16 0 
241843 1313 1501 414 11 1329 348 6 547 2642 12 7 19 8 0 
241902 1362 1410 415 4 1267 328 7 528 2721 17 11 15 12 1 
241889 1434 1401 430 13 1239 334 4 513 2686 17 9 17 14 0 
241786 1370 1513 438 2 1297 319 5 554 2649 20 10 17 20 0 
241818 1352 1469 425 14 1303 301 7 535 2727 15 6 13 15 0 
241899 1341 1497 402 8 1250 339 3 523 2689 15 4 18 12 0 
242049 1371 1464 426 5 1179 341 5 547 2556 16 3 17 21 0 
242071 1330 1393 402 10 1250 310 4 543 2632 12 9 15 18 1 
242022 1351 1409 438 6 1287 313 10 489 2616 22 12 12 13 0 
241915 1374 1481 422 8 1259 325 10 502 2648 17 5 21 13 0 
242015 1292 1489 444 11 1247 334 9 472 2637 19 6 14 11 0 
241844 1335 1488 405 10 1303 357 6 552 2660 8 8 10 14 0 
241932 1393 1495 412 12 1264 308 5 509 2611 17 11 17 14 0 
241885 1392 1498 410 15 1268 339 11 507 2621 15 12 11 16 0 
242051 1332 1390 414 12 1210 289 4 547 2703 11 9 16 12 0 
241990 1421 1493 395 11 1205 291 7 506 2632 14 5 15 15 0 
242096 1256 1410 414 15 1254 348 4 521 2634 19 6 9 14 0 
241901 1404 1477 404 8 1272 324 6 534 2616 13 8 16 17 0 
241905 1369 1442 447 9 1262 318 2 560 2636 13 11 16 10 0 
241915 1377 1499 414 7 1242 325 8 538 2637 18 4 6 10 0 
241754 1376 1465 407 6 1319 320 10 540 2752 21 6 12 12 0 
241911 1377 1473 394 13 1261 328 0 535 2652 14 10 15 16 1 
241687 1343 1564 445 13 1265 352 9 529 2744 8 8 12 20 1 
241836 1363 1480 394 9 1297 369 9 536 2659 16 10 10 12 0 
241864 1381 1420 438 13 1290 335 8 551 2634 21 13 15 17 0 
241993 1340 1431 394 5 1260 323 11 520 2693 12 4 4 9 1 
242017 1313 1497 375 6 1290 321 7 544 2583 13 6 13 15 0 
241868 1409 1445 424 8 1292 296 6 551 2646 20 9 14 12 0 
241943 1354 1409 402 9 1270 328 6 523 2705 16 8 16 11 0 
241861 1404 1415 435 9 1264 337 10 520 2692 9 11 19 14 0 
241870 1380 1525 397 5 1251 316 7 549 2646 20 8 13 13 0 
241963 1346 1452 396 7 1272 331 2 517 2660 17 6 15 16 0 
241848 1331 1433 441 9 1247 341 9 581 2704 20 5 14 17 0 
241738 1403 1490 424 6 1321 340 4 567 2645 15 10 19 18 0 
241876 1418 1508 400 6 1248 331 4 524 2628 19 9 14 15 0 
241854 1345 1484 381 6 1277 334 8 524 2718 22 8 15 24 0 
241673 1456 1466 423 10 1292 339 3 590 2698 15 8 13 14 0 
241973 1430 1454 426 9 1202 308 7 521 2613 17 3 20 17 0 
241838 1411 1487 406 11 1200 369 11 552 2667 10 7 11 19 1 
241915 1371 1448 421 12 1309 312 8 533 2616 19 10 15 10 1 
241837 1353 1505 415 6 1268 333 4 555 2675 18 6 11 14 0 
241793 1385 1535 374 7 1245 321 4 559 2721 12 10 22 12 0 
241896 1429 1467 418 12 1238 306 7 534 2635 18 7 18 14 1 
241817 1352 1591 420 7 1331 284 4 569 2591 10 2 14 8 0 
241858 1402 1475 426 5 1248 320 10 532 2673 10 9 16 16 0 
241990 1385 1488 428 9 1213 329 8 497 2600 18 5 17 13 0 
241944 1351 1438 405 9 1271 300 4 534 2702 9 12 13 8 0 
241857 1369 1515 394 8 1294 325 4 544 2641 12 9 12 16 0 
241819 1368 1458 445 13 1294 273 0 567 2718 13 6 12 14 0 
241839 1423 1489 399 3 1233 346 2 554 2662 16 12 13 9 0 
241819 1339 1483 425 4 1310 324 8 530 2706 13 8 19 12 0 
241903 1322 1545 401 5 1279 316 6 500 2672 10 10 16 15 0 
241946 1384 1444 408 6 1266 330 8 498 2665 11 11 8 15 0 
241784 1430 1512 389 7 1300 318 6 502 2696 19 7 14 16 0 
241940 1337 1478 403 5 1256 317 7 524 2671 15 8 26 13 0 
241730 1372 1526 437 7 1330 344 5 524 2670 20 9 12 14 0 
241833 1401 1467 415 4 1271 295 4 536 2716 20 11 21 6 0 
241879 1317 1490 431 8 1288 360 3 518 2665 12 7 12 10 0 
241775 1416 1458 446 7 1270 345 6 555 2662 15 11 17 17 0 
241930 1364 1441 438 9 1302 334 6 519 2607 10 10 15 15 0 
241971 1403 1478 429 9 1212 323 6 469 2647 15 6 15 17 0 
241894 1306 1519 444 8 1208 334 2 515 2712 17 11 13 17 0 
241807 1363 1429 486 14 1245 336 5 529 2725 20 3 18 20 0 
241931 1352 1488 414 4 1208 326 7 514 2701 19 4 16 16 0 
241976 1334 1490 393 11 1259 335 7 564 2580 17 6 15 13 0 
242044 1337 1527 361 10 1211 331 11 499 2615 15 7 12 20 0 
242033 1344 1510 392 2 1234 335 7 543 2550 14 11 13 12 0 
241934 1392 1447 388 13 1298 314 7 573 2575 17 11 17 14 0 
241967 1347 1419 414 6 1254 320 4 592 2634 13 10 11 9 0 
241811 1393 1531 430 10 1266 344 3 556 2609 11 9 14 13 0 
241961 1364 1412 411 7 1217 341 10 525 2707 11 5 18 11 0 
241661 1475 1498 437 8 1339 338 10 550 2622 13 12 24 13 0 
241909 1398 1473 414 2 1299 332 5 499 2623 12 6 13 15 0 
241896 1367 1440 420 11 1273 318 3 535 2699 12 3 12 11 0 
241939 1354 1449 387 9 1293 304 11 541 2669 17 5 9 13 0 
241896 1370 1435 432 8 1263 322 5 508 2692 19 5 25 20 0 
241914 1370 1433 434 13 1246 317 5 532 2676 10 7 18 25 0 
241822 1422 1485 464 8 1231 344 5 532 2647 11 5 16 8 0 
241911 1318 1450 394 3 1289 340 8 563 2669 13 6 12 24 0 
241878 1399 1406 416 9 1237 335 9 527 2726 22 3 15 18 0 
241776 1423 1432 402 10 1203 361 9 549 2785 13 8 16 13 0 
241840 1333 1478 389 8 1336 330 6 556 2669 24 8 11 12 0 
241747 1445 1487 417 4 1274 339 9 523 2702 10 11 23 9 0 
241840 1357 1523 437 10 1211 318 5 549 2695 15 6 24 10 0 
241944 1442 1512 431 7 1217 320 6 493 2576 17 9 14 12 0 
242018 1345 1438 423 9 1238 320 3 485 2677 12 9 12 11 0 
242024 1371 1388 384 11 1276 303 8 512 2669 11 11 15 17 0 
241829 1407 1455 410 10 1256 342 10 532 2705 10 9 17 8 0 
241871 1367 1511 378 7 1282 312 5 516 2705 14 8 14 10 0 
242024 1345 1496 384 11 1237 302 5 514 2626 15 7 16 18 0 
241999 1388 1469 405 12 1235 296 3 576 2576 6 12 14 9 0 
241842 1379 1501 426 5 1316 302 2 523 2662 14 9 6 13 0 
241756 1403 1462 423 8 1299 348 5 549 2697 13 7 20 10 0 
241898 1351 1498 431 3 1222 319 4 592 2626 19 9 15 13 0 
241842 1457 1522 418 13 1225 325 9 517 2621 17 11 16 7 0 
241933 1340 1497 414 8 1266 322 9 522 2632 19 5 16 17 0 
241908 1350 1423 422 7 1309 317 6 527 2691 11 8 11 10 0 
241887 1436 1452 386 7 1228 309 10 527 2712 15 7 13 11 0 
241934 1296 1467 407 9 1297 291 0 577 2671 16 10 11 14 0 
241784 1435 1480 435 9 1275 331 5 521 2674 13 15 8 15 0 
241813 1408 1419 409 8 1303 339 8 548 2697 14 6 14 14 0 
241934 1375 1429 417 7 1270 350 6 586 2581 13 7 11 14 0 
241818 1427 1508 400 15 1266 332 5 518 2644 16 12 22 17 0 
241967 1338 1435 433 8 1248 320 9 556 2647 11 3 13 11 1 
241712 1435 1549 388 12 1277 339 6 545 2691 13 4 16 13 0 
241902 1346 1454 410 10 1281 319 3 539 2688 15 15 9 9 0 
241987 1371 1504 437 7 1225 341 6 481 2603 11 5 10 12 0 
241877 1379 1513 434 3 1277 323 10 569 2568 14 8 14 11 0 
242066 1356 1430 385 8 1263 319 5 518 2611 13 4 14 8 0 
241891 1338 1432 413 14 1220 300 4 573 2755 16 19 16 9 0 
241942 1364 1455 427 8 1278 312 7 535 2616 22 5 12 17 0 
241899 1417 1418 426 9 1278 306 7 547 2648 16 7 11 11 0 
241694 1383 1500 439 8 1329 305 8 587 2693 18 5 13 17 1 
241999 1311 1419 437 11 1255 315 6 499 2701 13 7 13 14 0 
241822 1336 1514 403 10 1253 361 8 559 2681 13 7 17 15 1 
241797 1401 1475 409 6 1266 349 4 534 2703 16 9 13 17 1 
241911 1343 1480 398 11 1285 305 6 519 2696 18 5 14 9 0 
241672 1414 1579 439 8 1296 340 6 541 2655 17 8 14 11 0 
241965 1321 1515 418 7 1205 295 12 536 2671 19 8 15 13 0 
241812 1416 1497 447 10 1274 310 4 532 2636 15 15 19 13 0 
241985 1264 1471 407 9 1307 312 8 540 2649 11 7 16 14 0 
241808 1381 1529 419 5 1233 310 8 555 2696 12 10 18 16 0 
241924 1393 1450 412 8 1263 309 11 544 2635 13 12 13 13 0 
241642 1528 1486 375 3 1309 334 5 575 2697 19 3 8 16 0 
241766 1408 1474 436 9 1297 336 6 503 2709 20 11 9 16 0 
242108 1339 1462 416 9 1193 331 7 489 2600 13 7 12 14 0 
241789 1421 1433 426 5 1277 348 6 528 2711 16 5 22 13 0 
241807 1384 1546 458 13 1176 314 6 566 2675 21 11 12 11 0 
241882 1295 1463 382 8 1290 359 11 554 2698 18 14 16 10 0 
241822 1366 1510 397 9 1299 333 7 537 2678 14 6 10 12 0 
241913 1359 1468 426 6 1298 307 8 488 2676 17 5 10 19 0 
242068 1332 1429 393 6 1287 316 3 510 2595 15 14 17 15 0 
242023 1335 1416 431 12 1199 322 12 489 2709 21 12 8 11 0 
241887 1325 1483 420 10 1245 325 9 548 2697 9 13 15 14 0 
241877 1391 1530 412 8 1284 318 9 546 2571 22 8 17 7 0 
241932 1387 1469 385 7 1277 326 8 539 2610 18 8 19 15 0 
241885 1415 1474 405 11 1316 307 4 492 2647 13 5 11 15 0 
241712 1373 1548 432 6 1379 327 9 507 2659 13 5 15 15 0 
241870 1371 1490 437 11 1206 357 6 514 2687 18 10 16 7 0 
241937 1360 1438 398 11 1254 307 4 553 2695 7 13 11 12 0 
241911 1389 1467 363 9 1279 338 3 535 2646 21 6 21 12 0 
241859 1388 1461 417 4 1267 313 7 527 2703 24 4 15 11 0 
242005 1324 1492 394 13 1268 341 9 527 2577 7 6 16 21 0 
241844 1373 1475 400 11 1274 301 6 553 2712 16 2 15 18 0 
241915 1397 1473 396 9 1239 347 8 521 2652 15 6 7 15 0 
241933 1375 1455 431 4 1232 323 5 476 2716 13 11 9 17 0 
241982 1388 1503 383 10 1247 284 4 541 2612 15 8 7 16 0 
241846 1377 1473 399 9 1274 322 6 538 2711 19 5 12 9 0 
242074 1378 1448 371 5 1211 310 8 550 2585 12 15 21 12 0 
242029 1362 1498 364 8 1285 321 7 505 2572 22 5 12 10 0 
242055 1335 1448 363 8 1261 333 7 490 2638 15 4 22 21 0 
241747 1448 1508 442 11 1269 349 9 523 2646 15 7 11 15 0 
241930 1327 1493 406 8 1214 307 5 542 2721 19 6 8 14 0 
241840 1370 1494 412 7 1235 323 5 572 2682 22 7 11 20 0 
241860 1388 1529 415 13 1266 338 8 513 2624 10 9 14 12 1 
241942 1368 1512 424 14 1199 354 4 558 2571 19 6 13 16 0 
241828 1443 1449 434 11 1279 316 15 500 2684 13 6 12 10 0 
241937 1359 1493 376 7 1178 339 9 541 2714 15 9 8 15 0 
241880 1364 1524 398 12 1273 301 8 496 2688 16 11 14 15 0 
241971 1375 1431 424 7 1247 323 3 529 2647 13 9 12 9 0 
241978 1348 1456 442 4 1220 310 4 532 2646 19 9 16 16 0 
241808 1443 1426 402 7 1315 332 3 532 2677 17 9 14 15 0 
241809 1398 1527 404 9 1262 294 5 581 2642 20 6 29 14 0 
242081 1353 1437 396 9 1209 302 2 510 2656 16 5 16 8 0 
241804 1400 1477 434 5 1243 342 11 545 2681 19 16 11 12 0 
242021 1373 1440 408 7 1227 308 3 513 2644 19 10 14 13 0 
241879 1393 1483 427 5 1241 315 8 527 2676 16 9 12 9 0 
241818 1374 1459 435 14 1341 315 6 529 2650 20 8 15 16 0 
241928 1387 1501 441 6 1262 301 8 502 2611 20 11 12 10 0 
241959 1314 1461 398 10 1282 360 3 547 2628 11 4 14 9 0 
241827 1383 1489 436 4 1234 344 3 534 2703 16 5 14 8 0 
241848 1328 1537 390 9 1273 316 4 531 2717 11 7 13 16 0 
241855 1445 1430 416 7 1275 314 7 548 2643 20 10 18 12 0 
241932 1303 1507 417 6 1279 333 6 500 2661 19 7 16 14 0 
241858 1373 1380 435 8 1332 304 6 519 2737 15 4 7 22 0 
241739 1399 1558 436 8 1242 337 5 557 2655 17 13 16 17 1 
241776 1386 1512 414 7 1245 324 9 525 2751 13 9 19 10 0 
242090 1342 1463 452 11 1192 314 4 508 2563 24 7 9 21 0 
241830 1441 1452 442 10 1234 338 7 552 2638 20 11 12 13 0 
241862 1433 1433 427 9 1289 316 6 513 2661 19 8 9 15 0 
242029 1327 1427 391 8 1278 347 6 536 2598 20 10 8 15 0 
241774 1431 1479 399 9 1312 342 9 486 2713 14 7 15 10 0 
241617 1371 1548 440 13 1289 367 8 572 2729 9 7 14 16 0 
241864 1459 1499 419 9 1164 319 7 523 2693 10 8 16 10 0 
241956 1451 1417 420 9 1216 326 5 506 2650 17 9 7 11 0 
241821 1364 1448 412 11 1288 336 6 530 2716 20 7 22 19 0 
241693 1349 1563 427 7 1317 346 5 536 2709 14 4 14 16 0 
241848 1325 1462 440 11 1282 358 9 507 2703 11 7 21 16 0 
241824 1377 1438 429 11 1308 329 6 561 2661 26 3 14 13 0 
241781 1335 1490 421 8 1314 342 6 532 2711 18 10 18 14 0 
241893 1391 1495 405 6 1354 277 4 521 2604 15 3 17 15 0 
241783 1391 1469 451 5 1266 320 3 558 2697 18 8 16 14 1 
241820 1340 1556 394 7 1273 323 11 557 2667 12 8 16 16 0 
241900 1408 1460 384 12 1305 352 7 501 2621 11 10 16 13 0 
241950 1341 1477 407 5 1273 326 8 531 2618 23 6 18 17 0 
241891 1423 1441 406 5 1284 334 9 524 2633 13 8 12 17 0 
242047 1348 1473 393 8 1286 320 6 482 2590 22 6 13 6 0 
241829 1363 1499 416 9 1282 342 6 530 2665 14 8 14 23 0 
242027 1356 1444 420 7 1222 342 5 492 2621 15 13 21 15 0 
241837 1397 1521 407 7 1239 326 3 555 2665 18 8 8 9 0 
241946 1420 1511 433 7 1203 315 7 521 2589 11 10 19 8 0 
241766 1460 1477 428 8 1274 320 10 509 2697 12 9 15 15 0 
241831 1395 1480 364 4 1299 361 8 566 2635 12 9 17 19 0 
241945 1302 1430 398 7 1235 352 4 571 2700 14 15 15 12 0 
241874 1433 1514 432 9 1248 335 3 488 2625 14 7 8 9 1 
241998 1429 1456 383 9 1200 319 10 559 2585 14 10 14 14 0 
241812 1394 1511 444 9 1274 293 8 534 2668 14 10 13 16 0 
241916 1356 1485 389 10 1204 330 4 555 2694 17 8 17 15 0 
241998 1348 1528 390 5 1262 313 7 507 2584 21 14 12 11 0 
242095 1347 1429 398 7 1228 309 6 529 2596 17 8 18 12 1 
241997 1283 1452 425 10 1284 348 6 533 2604 15 13 12 18 0 
241740 1431 1500 422 11 1289 334 7 545 2673 17 6 12 13 0 
241904 1349 1535 428 10 1261 334 6 501 2612 14 12 21 13 0 
242110 1359 1507 399 9 1225 311 9 557 2460 16 8 22 8 0 
242066 1355 1415 400 5 1224 309 10 551 2603 25 8 15 14 0 
241790 1391 1518 429 9 1237 340 5 525 2709 15 13 10 9 0 
241980 1355 1440 426 5 1304 301 8 535 2584 17 14 17 14 0 
241851 1436 1443 404 13 1256 322 8 528 2689 15 8 13 14 0 
241947 1343 1431 437 4 1256 330 12 542 2638 14 10 17 19 0 
241976 1368 1476 422 10 1261 338 3 526 2578 16 6 9 11 0 
241852 1429 1464 422 9 1256 332 7 539 2639 12 8 16 15 0 
241918 1330 1430 425 8 1274 284 5 534 2751 9 5 12 15 0 
241852 1406 1458 384 9 1271 356 5 552 2647 17 10 19 14 0 
241871 1397 1495 421 5 1236 306 6 510 2698 20 7 17 11 0 
241826 1376 1477 425 6 1276 334 7 537 2679 25 10 11 11 0 
241949 1417 1455 436 4 1236 327 9 555 2561 11 7 10 23 0 
241955 1374 1500 448 11 1173 362 6 534 2592 13 7 12 13 0 
241693 1344 1513 433 5 1353 358 6 561 2671 22 6 20 15 0 
242022 1375 1457 424 6 1248 333 7 503 2590 10 6 8 11 0 
242001 1405 1424 431 5 1259 328 5 539 2552 14 11 11 15 0 
241972 1392 1418 414 10 1209 290 7 523 2714 16 12 11 12 0 
241846 1406 1446 391 10 1288 330 10 529 2688 18 7 15 16 0 
241907 1374 1386 411 5 1227 365 6 556 2713 14 9 15 12 0 
241793 1400 1464 404 8 1289 355 10 544 2691 14 7 12 9 0 
242084 1346 1431 415 9 1283 322 6 539 2533 6 4 9 13 0 
241967 1395 1453 409 9 1204 299 9 519 2685 16 7 19 9 0 
241829 1421 1520 405 13 1202 318 7 548 2689 11 8 19 10 0 
241841 1346 1475 400 11 1314 369 13 536 2644 9 9 11 22 0 
241784 1362 1561 412 8 1240 359 6 547 2673 11 11 13 13 0 
241839 1389 1540 385 8 1274 358 3 503 2648 10 12 16 15 0 
241705 1364 1506 436 11 1281 330 6 492 2818 10 8 18 14 1 
241989 1361 1505 432 6 1237 346 9 524 2539 16 4 16 16 0 
242006 1361 1438 410 11 1276 273 6 514 2647 13 15 17 13 0 
241835 1338 1513 403 10 1214 303 7 572 2765 12 9 11 8 0 
241772 1426 1454 427 5 1267 369 4 550 2670 12 11 17 16 0 
241856 1390 1441 404 7 1235 351 8 555 2694 14 11 19 15 0 
241983 1367 1439 442 8 1268 319 6 515 2580 24 13 18 18 0 
241899 1363 1465 434 8 1197 324 5 557 2698 21 7 8 14 0 
241898 1354 1446 410 6 1287 325 3 521 2705 13 9 13 10 0 
241824 1424 1446 443 7 1217 312 10 547 2717 24 10 11 8 0 
241999 1331 1390 423 11 1249 316 6 557 2677 14 5 12 10 0 
241956 1396 1437 440 7 1256 332 4 503 2622 15 8 11 13 0 
241943 1406 1436 396 4 1253 330 10 529 2637 16 9 17 14 0 
241940 1387 1472 419 10 1295 356 3 510 2559 17 10 10 12 0 
241993 1387 1484 412 11 1325 309 4 518 2509 14 6 12 16 0 
241871 1414 1449 418 6 1277 331 3 516 2679 12 5 11 8 0 
241779 1404 1549 429 9 1255 321 5 548 2652 12 7 17 13 0 
241990 1378 1475 398 12 1215 311 11 535 2626 13 6 15 15 0 
241653 1430 1501 424 12 1273 340 15 560 2739 17 9 19 8 0 
241899 1389 1410 431 6 1252 337 3 549 2670 22 6 13 13 0 
241829 1369 1478 408 8 1257 343 6 556 2698 17 5 12 14 0 
241933 1364 1497 428 10 1219 325 10 492 2669 15 11 16 11 0 
241789 1380 1517 467 3 1319 320 8 503 2639 17 8 17 13 0 
241998 1374 1353 435 8 1280 318 5 546 2637 16 8 13 9 0 
242002 1428 1445 403 8 1263 332 11 521 2539 14 4 13 17 0 
241843 1405 1490 437 5 1325 305 6 513 2625 16 2 14 14 0 
241885 1354 1479 400 7 1268 316 10 562 2658 12 15 22 12 0 
241838 1380 1487 417 12 1268 372 9 554 2611 19 7 7 19 0 
241885 1354 1528 442 5 1234 298 4 512 2685 12 13 14 14 0 
241811 1341 1497 450 12 1280 334 5 567 2645 15 5 22 16 0 
242065 1335 1427 377 9 1218 329 4 564 2629 15 5 12 11 0 
242047 1346 1438 398 6 1247 322 10 509 2617 24 10 15 11 0 
241878 1341 1498 397 9 1313 313 2 537 2662 13 8 13 16 0 
241985 1336 1462 411 13 1293 322 7 514 2597 17 10 21 12 0 
241708 1421 1489 477 10 1267 335 3 548 2685 13 8 15 21 0 
241893 1332 1545 385 9 1313 299 5 552 2599 19 9 20 20 0 
241956 1360 1472 447 6 1234 354 3 542 2583 13 7 15 8 0 
241852 1354 1468 393 12 1248 348 6 532 2730 17 13 12 15 0 
241775 1429 1440 410 11 1275 334 5 566 2705 18 6 7 18 1 
241779 1408 1444 429 10 1309 312 4 563 2692 11 8 15 16 0 
241691 1436 1445 412 10 1272 367 8 513 2800 17 4 14 11 0 
241843 1323 1538 420 10 1307 325 4 531 2660 11 2 14 12 0 
241884 1408 1468 443 8 1280 307 5 529 2627 11 7 13 10 0 
241842 1400 1487 402 12 1256 321 6 528 2696 15 6 14 14 1 
241869 1382 1386 405 4 1312 332 11 533 2711 13 16 14 12 0 
241839 1349 1440 419 9 1274 345 11 571 2688 18 11 14 12 0 
241920 1354 1477 407 9 1262 282 4 532 2690 12 8 21 22 0 
241824 1352 1495 437 4 1299 340 10 548 2629 15 12 19 16 0 
241919 1405 1457 415 9 1284 295 5 516 2656 16 4 12 7 0 
241934 1329 1474 428 12 1275 328 2 526 2646 15 8 11 12 0 
241814 1411 1505 440 12 1288 333 7 499 2647 12 3 11 18 0 
242042 1393 1416 422 8 1145 328 4 573 2627 13 8 14 7 0 
241913 1412 1443 433 14 1258 292 7 526 2676 6 5 8 7 0 
241904 1392 1486 406 14 1275 288 5 551 2637 13 6 16 7 0 
241904 1388 1453 416 8 1275 315 6 532 2646 22 8 15 12 0 
241871 1459 1498 391 13 1254 302 5 516 2640 16 10 14 11 0 
242037 1396 1445 391 8 1281 331 2 502 2562 17 7 9 12 0 
241974 1363 1488 365 6 1273 348 11 517 2602 13 10 16 14 0 
241948 1354 1441 425 11 1287 334 6 513 2629 16 12 11 13 0 
241864 1391 1462 466 7 1271 332 8 519 2645 12 7 5 11 0 
241904 1374 1445 416 10 1292 323 8 512 2667 17 8 14 10 0 
241749 1399 1458 438 4 1312 334 12 526 2719 15 8 15 11 0 
241984 1395 1409 417 4 1266 325 7 521 2607 22 13 13 17 0 
241752 1399 1439 406 9 1236 339 13 544 2800 18 7 17 21 0 
241703 1423 1468 407 9 1328 326 3 546 2732 16 7 18 14 0 
