241939 1459 1456 350 9 1210 321 11 557 2634 20 10 13 11 0 
241953 1377 1467 350 11 1200 322 5 599 2667 18 7 15 9 0 
241827 1440 1493 354 9 1191 372 6 583 2671 14 9 19 12 0 
241870 1420 1565 339 10 1223 310 6 643 2567 14 9 9 15 0 
241927 1357 1488 343 8 1236 358 11 571 2661 14 7 9 10 0 
241969 1471 1402 390 6 1228 318 6 547 2613 11 8 14 17 0 
241883 1439 1515 333 12 1234 327 4 553 2662 9 8 11 10 0 
241888 1406 1505 345 12 1243 333 4 567 2640 17 6 17 17 0 
241734 1453 1522 390 14 1216 343 8 596 2680 20 4 10 9 1 
241989 1372 1437 372 10 1200 346 4 593 2621 18 3 21 14 0 
241825 1451 1490 364 7 1213 362 5 551 2688 12 5 12 15 0 
241997 1413 1466 331 1 1185 331 4 623 2594 15 10 15 15 0 
241804 1439 1487 357 7 1246 346 5 580 2675 20 2 15 17 0 
241939 1450 1433 317 6 1234 326 9 606 2638 16 5 10 11 0 
241850 1465 1447 368 8 1220 325 9 609 2643 20 11 13 12 0 
241949 1394 1493 361 5 1197 301 8 564 2657 31 3 20 17 0 
241928 1475 1395 362 7 1168 300 4 601 2704 15 11 17 13 0 
241885 1402 1495 347 10 1192 346 7 595 2671 20 6 12 11 1 
241872 1438 1481 356 5 1244 309 11 583 2648 17 8 17 10 1 
241752 1497 1537 375 6 1214 322 6 582 2658 17 8 14 12 0 
241963 1391 1418 360 4 1221 318 10 580 2687 12 5 13 18 0 
241892 1462 1451 338 10 1201 302 7 604 2679 16 8 20 10 0 
241828 1345 1496 363 5 1223 348 4 645 2686 17 13 13 14 0 
241843 1438 1494 352 8 1205 323 7 593 2685 19 5 15 13 0 
241828 1485 1528 395 10 1174 273 3 549 2701 18 9 14 13 0 
241708 1366 1523 384 12 1223 333 7 633 2751 28 8 12 12 0 
241933 1404 1389 332 10 1231 331 5 564 2747 9 11 19 15 0 
241839 1484 1480 315 3 1181 315 6 616 2724 16 6 9 6 0 
241806 1505 1491 352 5 1255 334 8 598 2596 25 6 9 10 0 
241900 1424 1472 384 8 1226 295 5 614 2635 13 8 10 6 0 
242010 1441 1456 334 7 1188 286 3 631 2590 20 11 15 8 0 
241948 1428 1414 354 6 1187 341 7 582 2675 20 13 14 11 0 
241909 1452 1430 348 11 1171 325 7 621 2666 23 10 13 14 0 
241893 1432 1476 381 5 1166 344 4 559 2690 14 9 11 16 0 
241847 1432 1496 374 10 1241 338 5 619 2586 14 12 15 11 0 
241910 1433 1454 390 11 1190 322 5 599 2626 15 13 10 22 0 
241924 1405 1466 368 6 1213 332 6 592 2642 20 2 11 13 0 
241943 1371 1399 354 12 1225 331 7 552 2769 14 5 9 9 0 
241860 1413 1528 367 15 1207 306 5 571 2681 14 8 15 10 0 
241741 1477 1537 382 7 1260 291 5 662 2578 18 9 19 14 0 
241834 1479 1472 351 8 1212 310 5 585 2684 19 13 14 14 0 
241850 1482 1476 351 10 1151 289 5 605 2733 18 5 13 12 0 
241839 1485 1475 349 9 1197 305 6 608 2666 21 16 12 12 0 
241811 1446 1511 365 10 1253 339 10 560 2647 14 9 16 9 0 
241782 1479 1519 345 9 1256 302 13 578 2656 25 9 10 17 0 
242010 1444 1438 343 7 1216 312 9 581 2594 16 8 10 12 0 
241980 1426 1460 379 6 1213 326 4 577 2583 13 7 10 16 0 
241934 1434 1477 333 11 1180 336 7 598 2634 20 11 11 14 0 
241965 1436 1477 318 9 1215 336 3 559 2625 19 10 14 14 0 
241734 1533 1468 354 2 1297 338 11 575 2636 17 14 14 7 0 
241938 1434 1474 359 9 1232 302 1 568 2633 24 7 9 10 0 
241828 1429 1559 316 6 1166 335 5 573 2732 21 5 11 14 0 
241899 1469 1435 339 4 1218 314 7 608 2650 14 12 13 18 0 
241929 1354 1418 360 5 1287 344 12 597 2644 14 10 12 13 1 
241902 1432 1477 327 6 1260 348 11 586 2600 19 7 15 10 0 
241850 1455 1534 366 10 1186 334 3 609 2591 18 8 25 11 0 
241854 1492 1423 348 7 1266 301 4 583 2665 21 8 16 12 0 
241797 1483 1477 373 9 1183 313 9 576 2721 22 8 17 12 0 
241871 1420 1485 381 7 1247 334 6 576 2622 17 6 14 14 0 
241937 1439 1503 344 10 1145 329 13 598 2631 22 4 14 10 1 
242073 1436 1394 345 9 1157 326 6 591 2622 16 8 10 7 0 
241778 1491 1499 376 6 1213 297 6 568 2712 19 5 14 16 0 
241904 1388 1460 382 9 1238 316 6 606 2640 16 15 10 10 0 
241759 1463 1551 329 6 1261 302 9 580 2690 15 6 15 14 0 
241811 1444 1487 347 8 1199 336 7 606 2707 16 12 8 12 0 
241874 1434 1387 388 7 1188 299 8 563 2789 20 14 12 16 1 
241906 1472 1527 352 10 1162 309 4 580 2640 14 6 11 7 0 
241846 1457 1478 380 4 1197 329 6 615 2627 24 6 19 12 0 
241893 1411 1508 362 6 1263 327 6 603 2566 17 8 15 15 0 
241877 1449 1473 347 7 1190 373 8 633 2587 15 13 19 9 0 
241890 1389 1471 379 5 1186 338 3 648 2639 22 9 11 10 0 
241780 1429 1534 347 6 1266 335 4 634 2609 11 9 18 18 0 
241953 1426 1457 349 5 1258 315 5 605 2584 13 6 12 12 0 
241748 1497 1477 382 7 1202 310 8 604 2711 15 7 15 17 0 
241828 1460 1437 388 10 1191 331 10 601 2702 11 5 15 11 0 
242028 1444 1425 323 8 1181 309 3 597 2634 15 6 12 15 0 
241812 1468 1476 377 5 1185 357 11 564 2694 18 10 14 9 0 
241718 1430 1528 329 9 1272 329 7 595 2722 17 8 16 20 0 
241972 1377 1441 353 12 1191 312 7 590 2691 21 8 16 9 0 
241932 1386 1461 358 7 1177 348 7 570 2710 15 9 11 9 0 
241977 1461 1441 343 4 1207 313 7 621 2581 15 4 17 9 0 
242058 1429 1441 362 8 1158 325 7 585 2584 11 3 15 13 1 
242030 1433 1455 365 7 1164 317 8 583 2589 15 11 12 11 0 
241790 1456 1494 359 4 1254 340 7 558 2700 11 7 7 13 0 
241795 1464 1483 357 5 1197 337 10 567 2724 22 10 14 15 0 
241904 1447 1431 349 6 1240 342 14 608 2610 17 5 15 12 0 
241878 1403 1471 378 5 1226 358 7 583 2629 20 13 13 16 0 
241984 1369 1456 367 6 1213 329 6 602 2615 16 8 17 12 0 
241993 1386 1492 336 11 1217 333 6 550 2637 9 7 11 11 1 
241980 1379 1494 313 5 1207 347 6 557 2663 16 3 18 11 1 
241901 1434 1486 360 9 1257 302 10 603 2586 17 5 17 12 1 
241961 1434 1454 330 10 1191 305 5 545 2714 14 2 22 13 0 
241869 1450 1519 335 5 1218 325 7 598 2634 15 4 11 10 0 
241926 1379 1525 356 1 1212 332 8 591 2622 11 7 14 16 0 
241933 1382 1459 342 4 1219 343 7 629 2633 18 8 9 14 0 
241864 1487 1456 355 11 1209 342 7 591 2617 19 12 15 15 0 
241953 1459 1447 366 8 1236 304 5 550 2615 16 11 23 7 0 
241855 1462 1442 368 11 1187 364 8 587 2674 13 5 17 7 0 
241964 1451 1467 321 10 1182 316 2 553 2678 16 8 12 20 0 
241831 1438 1530 386 10 1200 336 9 572 2643 13 7 12 13 0 
241963 1455 1419 349 13 1160 328 5 587 2680 10 10 15 6 0 
241852 1464 1448 390 12 1200 316 4 561 2695 17 7 13 21 0 
241888 1408 1470 386 8 1198 318 9 592 2681 18 10 9 5 0 
241976 1405 1522 364 8 1221 317 15 584 2537 19 9 8 15 0 
241820 1446 1468 398 13 1193 346 8 583 2660 19 10 21 15 0 
241806 1516 1502 334 6 1163 293 8 584 2738 20 12 11 7 0 
241848 1402 1486 351 10 1202 339 5 582 2717 19 9 14 16 0 
241849 1484 1404 349 12 1203 339 7 658 2639 18 6 18 14 0 
241920 1477 1471 351 9 1245 338 8 580 2551 17 7 10 16 0 
241978 1435 1449 366 11 1189 314 5 607 2589 18 9 13 17 0 
241861 1482 1432 393 9 1190 297 9 640 2624 18 10 22 13 0 
241759 1453 1518 363 1 1266 318 7 560 2693 24 11 13 14 0 
241789 1451 1527 369 11 1162 325 8 575 2724 18 8 25 8 0 
241988 1423 1472 346 14 1134 308 4 592 2669 12 11 12 15 0 
241932 1425 1432 367 9 1245 338 6 538 2650 21 7 17 13 0 
241887 1441 1493 340 11 1196 320 10 585 2676 19 5 12 5 0 
241886 1404 1463 343 2 1217 352 8 600 2684 10 9 11 11 0 
241879 1389 1473 346 7 1201 364 7 579 2704 14 11 14 12 0 
241732 1452 1490 349 10 1270 327 9 583 2722 15 6 20 15 0 
241923 1442 1434 356 9 1216 358 6 544 2643 19 19 14 17 0 
241955 1421 1441 371 5 1243 321 4 601 2605 11 10 5 7 0 
241864 1369 1511 356 10 1225 320 10 607 2681 17 5 13 12 0 
241838 1419 1458 367 3 1202 321 7 621 2711 17 7 13 16 0 
241824 1477 1480 353 11 1245 300 12 611 2641 9 15 9 13 0 
241886 1414 1451 358 7 1227 329 7 603 2670 13 9 15 11 0 
241886 1400 1456 364 13 1192 359 7 615 2663 11 7 18 9 0 
241694 1468 1533 385 2 1238 316 5 620 2675 25 12 14 12 1 
241777 1457 1561 377 11 1116 328 8 589 2715 19 7 17 18 0 
241874 1459 1461 349 4 1206 342 8 579 2664 23 5 13 13 0 
241860 1412 1474 377 9 1234 308 6 603 2669 16 12 7 13 0 
241862 1466 1456 355 8 1218 322 8 559 2697 15 8 10 16 0 
241841 1418 1438 348 8 1221 331 9 610 2724 13 9 12 18 0 
241779 1487 1486 344 4 1225 312 7 606 2694 14 11 16 15 0 
241806 1465 1482 384 8 1182 333 1 590 2689 18 11 14 17 0 
241692 1434 1507 388 11 1219 368 5 601 2715 22 7 19 12 0 
241864 1402 1555 387 5 1218 314 8 594 2600 7 15 24 7 0 
241802 1439 1463 336 11 1190 360 9 631 2699 22 12 15 11 0 
241756 1475 1471 329 5 1264 326 7 641 2677 19 7 12 11 0 
241746 1465 1528 360 4 1245 325 8 567 2700 21 4 14 13 0 
241856 1438 1510 350 5 1218 314 10 604 2638 20 6 16 15 0 
241797 1363 1518 341 6 1210 328 6 610 2769 22 7 11 12 0 
241872 1502 1465 356 4 1192 363 8 575 2597 20 14 20 11 1 
242047 1476 1445 322 6 1157 314 8 555 2616 13 12 16 13 0 
241822 1384 1503 368 4 1211 347 3 584 2712 15 8 21 18 0 
241935 1386 1464 343 1 1243 336 6 610 2628 17 8 15 8 0 
241911 1386 1522 340 7 1200 337 9 569 2668 21 9 12 9 0 
241969 1479 1467 320 8 1178 308 13 586 2615 19 11 17 10 0 
241883 1419 1479 361 9 1227 335 7 591 2633 16 6 18 15 1 
241934 1478 1462 363 7 1191 311 4 582 2627 14 7 9 11 0 
241951 1432 1504 367 3 1229 300 5 562 2587 17 9 21 13 0 
242011 1442 1494 368 10 1128 321 5 598 2560 24 11 10 17 1 
241926 1399 1491 351 6 1154 325 5 576 2708 24 8 13 14 0 
241997 1486 1410 349 14 1199 328 8 570 2583 19 12 8 17 0 
241909 1373 1422 347 8 1230 320 6 607 2729 14 7 17 11 0 
241741 1456 1514 337 7 1280 347 7 615 2640 13 14 17 12 0 
241998 1393 1484 351 10 1202 320 8 572 2616 15 10 9 12 0 
241885 1442 1469 343 10 1231 310 9 592 2653 17 12 13 14 0 
242010 1426 1404 339 4 1182 329 4 575 2671 20 12 12 12 0 
241875 1427 1510 364 6 1145 354 8 566 2690 18 13 13 11 0 
241890 1441 1539 376 13 1139 314 3 576 2653 10 10 21 14 1 
241844 1433 1454 348 5 1214 327 7 564 2744 18 9 21 12 0 
241846 1401 1472 334 6 1182 363 9 614 2718 16 11 16 12 0 
241909 1406 1486 375 5 1223 301 9 581 2642 28 7 16 12 0 
241857 1368 1440 394 9 1250 329 9 595 2687 18 13 19 12 0 
241933 1430 1469 369 12 1227 311 3 575 2612 21 7 19 12 0 
241994 1396 1508 349 13 1201 313 5 553 2612 18 10 14 14 0 
241986 1392 1442 346 6 1205 310 12 612 2642 17 7 12 11 0 
241994 1402 1503 358 5 1183 308 6 591 2607 14 8 9 12 0 
241928 1464 1436 377 14 1209 294 11 563 2642 23 12 17 10 0 
241922 1415 1489 362 2 1186 338 4 586 2647 15 10 9 15 0 
241817 1478 1475 324 9 1232 286 6 593 2722 21 10 14 13 0 
242024 1483 1422 356 6 1220 325 7 619 2496 11 8 12 11 0 
241973 1470 1425 368 7 1158 316 9 584 2626 21 11 18 14 0 
241956 1443 1490 333 6 1128 338 8 588 2656 20 9 12 13 0 
241890 1389 1502 351 8 1179 340 7 605 2681 18 8 14 8 0 
241920 1365 1461 341 6 1234 314 7 625 2671 17 5 22 12 0 
241769 1483 1473 370 7 1286 335 4 560 2661 15 11 12 14 0 
241797 1424 1458 367 8 1297 336 6 603 2661 10 10 12 11 0 
241800 1453 1464 351 11 1195 316 9 615 2742 18 10 7 9 0 
241879 1449 1415 355 6 1200 303 6 603 2741 12 5 18 8 0 
241824 1454 1459 368 10 1176 358 9 622 2667 12 8 19 14 0 
241881 1398 1531 326 10 1207 323 4 585 2688 14 4 15 14 0 
241918 1443 1441 368 11 1217 333 8 595 2614 17 7 16 12 0 
241921 1452 1500 370 12 1161 342 6 592 2588 19 7 15 15 0 
241880 1518 1450 353 12 1179 324 4 623 2617 13 8 14 5 0 
241968 1411 1451 371 10 1191 311 6 593 2635 15 6 12 20 0 
241912 1453 1515 333 6 1207 323 6 588 2620 11 9 7 10 0 
241851 1455 1495 342 10 1183 324 7 614 2670 13 8 18 10 0 
241767 1449 1454 348 13 1249 311 4 616 2749 11 6 10 12 1 
241850 1414 1491 341 3 1259 327 9 602 2657 13 8 10 16 0 
241842 1440 1463 362 9 1176 353 5 581 2721 14 4 15 15 0 
241942 1444 1439 364 13 1213 319 5 596 2612 19 6 10 18 0 
241840 1468 1502 376 12 1154 307 7 580 2701 26 7 12 8 0 
241944 1419 1434 365 7 1203 349 5 552 2671 15 9 16 11 0 
241889 1402 1461 361 8 1262 353 9 580 2618 27 9 11 10 0 
241864 1466 1465 349 5 1206 328 4 588 2673 13 8 14 17 0 
241832 1412 1516 346 8 1182 320 9 625 2680 16 14 19 21 0 
241976 1462 1425 370 9 1185 344 8 563 2602 21 5 19 11 0 
241856 1447 1416 353 7 1255 300 8 630 2679 18 12 6 13 0 
241948 1463 1410 369 8 1114 341 5 626 2671 7 10 16 12 0 
242005 1397 1468 333 11 1145 322 11 585 2668 22 9 11 13 0 
241867 1424 1434 387 7 1202 332 6 624 2663 16 9 18 11 0 
241846 1493 1494 345 7 1253 292 7 572 2644 13 9 15 10 0 
241910 1404 1523 391 12 1227 350 5 610 2526 12 5 13 12 0 
241989 1396 1436 360 9 1195 323 5 583 2648 10 9 18 19 0 
241836 1494 1461 361 11 1219 351 10 580 2619 20 16 10 12 0 
242073 1414 1459 379 6 1132 335 8 577 2573 16 8 10 10 0 
242006 1392 1395 352 11 1179 306 7 614 2693 12 6 15 12 0 
241965 1460 1488 391 10 1143 337 8 556 2576 27 12 16 11 0 
241839 1436 1504 348 11 1181 345 8 634 2642 18 10 14 10 0 
241897 1417 1494 348 8 1196 342 10 564 2679 15 6 14 10 0 
242026 1393 1517 357 9 1118 300 5 562 2660 17 8 17 11 0 
241887 1459 1494 343 5 1172 337 12 570 2667 21 8 13 12 0 
241910 1435 1463 373 13 1207 290 10 541 2713 15 9 12 9 0 
241809 1419 1534 341 15 1204 318 10 633 2676 15 10 5 11 0 
241789 1416 1537 382 8 1164 309 9 633 2695 20 9 13 16 0 
241850 1401 1479 384 10 1235 326 9 620 2638 12 12 14 10 0 
241833 1438 1467 333 9 1249 325 6 567 2717 17 8 13 18 0 
241942 1413 1415 385 13 1226 334 9 625 2578 16 11 21 11 1 
241974 1411 1420 352 10 1236 308 5 603 2638 18 2 12 11 0 
241936 1408 1456 359 9 1239 334 9 591 2602 16 11 19 11 0 
241842 1496 1436 315 9 1206 287 8 584 2753 21 14 15 14 0 
241837 1446 1474 312 5 1262 326 5 616 2656 16 16 16 13 0 
241974 1391 1500 328 9 1188 320 4 587 2644 23 11 14 7 0 
241964 1399 1436 333 7 1232 302 7 620 2655 16 10 8 11 0 
242019 1423 1521 336 11 1125 302 2 575 2629 15 16 13 13 0 
241853 1411 1462 360 7 1186 330 7 635 2692 20 15 12 10 0 
241822 1435 1519 388 10 1217 299 2 630 2633 11 9 8 17 0 
241883 1445 1467 326 10 1188 344 8 594 2673 28 9 16 9 0 
241743 1479 1541 361 9 1158 341 7 591 2708 23 7 17 14 1 
241992 1457 1435 352 4 1174 328 13 569 2617 20 9 14 16 0 
241852 1427 1417 375 8 1298 318 6 593 2658 16 17 9 6 0 
241918 1456 1508 356 8 1134 300 6 594 2664 18 5 16 17 0 
241791 1463 1452 355 12 1211 318 5 609 2733 16 5 13 17 0 
241787 1467 1543 340 11 1226 358 7 555 2647 17 7 19 16 0 
241917 1388 1422 376 8 1190 315 7 618 2711 15 11 15 7 0 
241773 1472 1530 365 11 1235 327 6 589 2648 16 4 15 9 0 
242004 1397 1544 364 9 1161 344 4 592 2531 13 9 18 10 0 
241876 1505 1402 337 9 1268 331 4 586 2625 18 12 20 7 0 
242035 1413 1502 365 6 1135 279 7 547 2646 18 11 19 17 0 
241893 1429 1498 365 8 1196 309 9 580 2672 12 10 9 10 0 
241890 1432 1452 354 9 1245 334 9 601 2623 12 7 20 12 0 
241942 1450 1416 359 9 1195 316 6 580 2664 16 8 24 15 0 
242033 1396 1465 351 2 1238 293 6 569 2597 20 5 14 11 0 
241949 1442 1475 356 9 1210 305 7 576 2618 23 13 8 9 0 
241996 1368 1449 332 5 1173 343 6 572 2705 11 9 22 9 0 
241818 1426 1515 338 9 1230 327 6 582 2692 29 8 13 7 0 
241815 1447 1447 336 11 1213 341 8 577 2753 16 4 17 15 0 
241813 1485 1449 404 6 1196 318 5 601 2680 11 7 12 12 1 
241931 1436 1454 331 6 1247 332 7 603 2605 17 10 9 12 0 
241903 1487 1429 338 7 1212 326 6 619 2629 14 7 13 10 0 
241736 1462 1436 353 4 1245 350 8 614 2746 15 11 11 9 0 
241829 1517 1460 367 8 1253 305 9 591 2607 19 8 13 14 0 
242016 1437 1438 381 5 1193 316 7 520 2636 17 11 14 9 0 
241845 1495 1536 381 5 1193 319 4 590 2587 13 8 16 8 0 
241945 1431 1429 356 12 1190 333 11 621 2627 12 7 16 10 0 
241715 1471 1439 363 7 1279 332 6 622 2709 17 15 14 11 0 
241955 1373 1426 339 9 1214 280 7 596 2745 16 10 8 22 0 
241978 1401 1461 356 9 1220 313 5 590 2614 15 9 15 14 0 
241902 1395 1440 346 5 1256 325 3 572 2696 18 13 19 10 0 
241857 1410 1513 360 8 1228 341 4 617 2596 22 12 18 14 0 
241986 1455 1461 366 8 1151 338 8 575 2602 19 7 15 8 1 
241780 1437 1421 348 5 1296 330 4 580 2742 19 8 12 18 0 
241856 1431 1503 393 5 1166 315 6 579 2692 17 5 18 14 0 
242055 1435 1428 348 9 1217 326 7 547 2574 16 8 16 14 0 
241896 1438 1403 376 14 1265 337 7 593 2622 17 9 14 9 0 
242068 1404 1426 347 13 1193 310 7 568 2613 19 6 14 12 0 
241952 1439 1505 358 4 1191 282 11 585 2618 19 6 21 9 0 
241936 1448 1413 369 3 1170 333 10 590 2664 20 13 19 12 0 
241999 1364 1474 335 11 1191 322 6 589 2654 14 9 18 13 1 
241968 1402 1464 390 9 1205 327 8 541 2643 11 6 18 8 0 
241859 1445 1540 364 11 1201 312 6 583 2616 19 14 16 14 0 
241732 1449 1479 352 8 1270 333 12 569 2742 21 3 18 11 1 
241858 1516 1492 338 11 1166 314 10 573 2667 21 10 12 12 0 
242014 1479 1436 330 4 1157 322 9 579 2626 15 5 11 13 0 
241963 1472 1518 338 7 1160 311 10 618 2554 17 9 15 8 0 
241927 1475 1476 382 10 1115 312 7 582 2649 22 10 21 12 0 
241824 1421 1468 374 9 1278 307 6 572 2687 23 12 11 8 0 
241785 1490 1490 368 10 1210 315 6 577 2696 15 7 18 13 0 
241859 1466 1463 383 8 1272 336 9 547 2613 18 4 10 12 0 
242021 1406 1377 353 10 1193 340 3 590 2648 23 6 16 14 0 
242123 1429 1412 330 8 1154 314 7 589 2586 15 11 11 11 0 
242151 1438 1392 352 8 1123 333 8 555 2577 16 17 13 16 1 
241872 1464 1490 383 11 1210 369 12 554 2572 16 10 23 14 0 
241864 1442 1508 340 6 1203 302 11 572 2702 13 12 19 6 0 
241919 1464 1412 344 6 1215 294 12 615 2671 18 7 15 8 0 
241980 1388 1484 349 6 1199 332 11 577 2610 15 18 13 18 0 
241879 1446 1491 325 10 1255 311 10 557 2680 12 10 8 5 1 
241981 1408 1514 368 5 1196 335 6 560 2586 9 8 13 11 0 
241894 1423 1442 326 12 1281 315 8 619 2627 15 14 15 9 0 
241942 1413 1439 359 7 1208 322 6 592 2672 11 6 16 7 0 
241874 1425 1461 375 6 1229 315 8 610 2643 20 5 13 16 0 
241870 1489 1450 358 8 1234 300 14 596 2633 15 5 14 14 0 
241759 1495 1492 374 9 1262 347 8 608 2606 16 3 13 8 0 
241914 1462 1461 323 12 1195 320 7 627 2641 14 6 7 11 0 
242005 1385 1436 352 6 1263 293 5 607 2604 15 6 7 16 0 
241956 1452 1475 331 11 1194 330 6 576 2615 15 10 17 12 0 
241866 1433 1484 365 11 1168 342 6 604 2664 16 9 15 17 0 
241881 1413 1517 366 9 1199 313 11 591 2660 11 8 14 7 0 
241813 1477 1513 349 7 1193 320 9 654 2604 19 9 18 15 0 
241954 1462 1482 369 7 1172 307 12 564 2622 21 9 13 6 0 
241865 1399 1460 376 7 1207 340 10 587 2711 8 7 10 13 0 
241820 1433 1468 338 7 1233 352 5 597 2683 16 10 19 19 0 
241893 1499 1463 341 7 1186 314 6 569 2667 17 9 17 12 0 
241878 1457 1523 388 12 1217 325 5 557 2580 19 12 12 15 0 
241893 1477 1396 344 10 1218 325 5 628 2660 9 11 15 9 0 
241931 1472 1448 367 6 1199 310 10 607 2599 16 8 15 12 0 
241981 1436 1469 314 6 1217 334 8 625 2564 11 8 14 13 0 
241849 1470 1471 360 10 1225 304 12 595 2643 23 13 13 12 0 
241978 1431 1494 354 8 1202 321 5 597 2558 20 8 12 12 0 
242126 1409 1436 346 6 1180 320 6 546 2581 20 7 11 6 0 
241970 1401 1449 326 7 1182 329 8 620 2659 25 2 11 11 0 
241986 1429 1443 349 12 1171 319 6 600 2629 23 13 7 13 0 
241881 1463 1504 370 8 1208 309 8 579 2628 10 2 18 12 0 
241853 1403 1422 350 12 1292 319 5 626 2676 10 3 19 10 0 
241886 1452 1502 370 10 1205 332 8 593 2588 13 8 20 13 0 
241784 1488 1540 356 13 1224 328 8 583 2639 12 8 6 10 1 
241819 1437 1473 366 7 1218 328 7 585 2698 18 10 15 19 0 
241876 1448 1481 346 10 1216 324 8 605 2623 23 10 20 10 0 
242005 1390 1463 359 5 1166 274 3 612 2672 21 4 12 14 0 
241851 1451 1471 368 2 1257 353 9 577 2611 12 15 16 7 0 
241933 1406 1514 341 5 1211 308 4 586 2642 21 4 13 12 0 
241962 1412 1463 365 6 1201 307 6 590 2642 17 8 11 10 0 
241922 1453 1476 332 14 1217 323 6 590 2623 17 6 10 11 0 
241928 1381 1485 342 3 1225 318 4 567 2692 27 7 11 10 0 
241856 1422 1431 345 6 1234 326 10 578 2742 12 9 11 18 0 
241846 1486 1460 330 9 1212 345 8 610 2637 15 4 24 14 0 
241774 1475 1508 351 7 1241 331 3 628 2633 20 7 11 11 0 
241904 1442 1442 356 7 1154 345 4 577 2711 19 12 13 14 0 
241900 1431 1427 352 5 1249 300 8 629 2653 15 5 16 10 0 
241824 1452 1466 379 4 1220 315 11 587 2680 27 9 6 20 0 
241938 1388 1422 366 7 1218 322 3 583 2698 21 8 12 14 0 
241924 1423 1501 359 6 1178 347 2 569 2642 19 9 11 10 0 
241903 1436 1474 365 5 1206 312 10 598 2634 17 6 14 20 0 
241932 1440 1436 355 7 1267 288 11 582 2626 20 7 19 10 0 
241927 1428 1518 346 11 1192 321 5 608 2589 12 11 15 17 0 
241809 1386 1509 344 5 1256 333 9 610 2686 18 6 15 14 0 
242013 1433 1412 388 6 1187 316 6 597 2592 12 9 14 15 0 
241861 1422 1474 331 7 1252 321 12 579 2669 32 12 13 15 0 
241969 1383 1503 361 6 1167 300 8 600 2654 16 10 9 14 0 
241819 1472 1500 313 16 1220 341 7 601 2656 13 7 22 13 0 
241831 1414 1509 358 6 1202 330 5 577 2712 16 8 18 14 0 
241835 1459 1460 302 14 1221 316 4 606 2729 16 7 14 17 0 
241946 1419 1464 350 7 1183 322 7 587 2653 20 9 23 10 0 
241813 1399 1484 348 12 1234 385 6 565 2687 17 14 22 14 0 
241816 1436 1451 348 8 1240 308 2 584 2768 12 6 12 9 0 
241751 1416 1538 347 6 1270 307 8 600 2698 22 7 15 15 0 
242067 1441 1390 361 13 1159 348 3 575 2604 16 2 12 9 0 
241940 1448 1405 369 11 1251 299 5 577 2644 19 8 13 11 0 
242028 1449 1478 368 11 1192 340 6 530 2542 18 11 16 11 0 
241817 1454 1478 375 9 1173 336 8 617 2678 11 15 19 10 0 
242061 1446 1414 339 14 1204 327 9 595 2544 8 9 20 10 0 
242018 1438 1444 359 11 1137 307 3 600 2623 19 9 23 9 0 
241989 1464 1430 362 7 1159 333 8 565 2633 15 6 18 11 0 
241821 1414 1503 341 13 1227 335 12 596 2684 18 11 14 11 0 
241863 1444 1478 334 10 1196 324 9 581 2721 21 4 6 9 0 
241927 1461 1503 347 3 1224 346 2 509 2617 13 15 15 17 1 
241737 1439 1460 354 10 1239 356 4 579 2755 22 12 16 17 0 
241906 1402 1443 362 7 1187 348 6 624 2680 8 8 14 5 0 
241996 1425 1496 397 7 1148 307 5 532 2625 15 10 20 17 0 
241947 1429 1488 349 8 1180 309 5 593 2639 12 8 17 16 0 
241983 1406 1450 351 6 1184 298 8 562 2683 24 14 17 14 0 
241951 1403 1473 346 8 1187 281 6 588 2709 17 8 12 11 0 
242019 1407 1503 392 8 1139 305 3 583 2593 17 9 11 10 1 
242021 1408 1507 328 9 1165 324 5 589 2595 14 5 17 13 0 
241935 1406 1496 344 11 1181 339 8 617 2613 20 9 12 9 0 
241909 1418 1424 377 8 1197 339 5 566 2700 19 12 17 9 0 
242040 1437 1446 332 7 1144 300 3 601 2643 10 10 18 9 0 
241855 1400 1503 365 5 1221 332 9 637 2629 20 2 12 10 0 
241886 1475 1452 353 13 1143 337 7 578 2713 9 9 13 12 0 
241794 1457 1490 371 7 1248 346 11 589 2645 13 10 12 7 0 
241853 1396 1457 376 6 1185 355 9 596 2725 10 7 15 9 1 
241872 1402 1486 360 9 1238 289 6 588 2688 18 6 16 22 0 
241952 1404 1437 345 8 1248 329 6 557 2668 14 7 15 10 0 
241829 1508 1501 361 11 1180 341 4 611 2598 25 10 8 13 0 
241836 1466 1464 347 8 1241 321 7 604 2635 25 10 15 20 1 
241942 1364 1468 334 9 1232 322 8 579 2688 15 11 15 13 0 
241924 1454 1488 330 10 1231 322 2 581 2610 13 10 15 10 0 
241977 1404 1480 339 5 1217 297 5 616 2607 18 9 16 10 0 
241959 1428 1437 347 9 1204 334 7 604 2606 23 10 18 14 0 
241742 1462 1487 361 9 1178 343 11 606 2743 13 14 15 16 0 
241934 1440 1426 370 6 1182 340 7 578 2673 11 12 14 7 0 
241913 1411 1506 351 5 1170 343 4 607 2632 15 10 22 11 0 
241917 1429 1473 389 16 1171 326 7 603 2618 17 11 14 9 0 
241828 1370 1564 369 6 1179 335 8 598 2693 10 9 19 12 0 
241969 1373 1498 351 9 1199 318 3 594 2638 13 9 14 12 0 
241676 1507 1448 370 7 1279 311 5 609 2734 19 11 15 9 0 
241903 1462 1504 350 10 1187 314 8 614 2592 24 7 9 16 0 
241759 1452 1455 384 5 1186 320 11 644 2737 12 8 9 18 0 
241650 1505 1546 352 10 1310 312 5 629 2631 21 3 15 11 0 
241794 1433 1501 384 10 1221 341 8 596 2634 24 10 19 25 0 
242110 1363 1376 350 4 1201 338 5 575 2630 16 8 8 16 0 
241927 1399 1432 323 7 1271 302 6 606 2656 26 14 10 21 0 
241940 1455 1439 349 14 1210 313 9 582 2647 15 6 10 10 1 
241928 1409 1505 365 6 1232 308 7 596 2601 12 8 14 9 0 
241971 1420 1450 354 10 1214 304 4 561 2663 20 7 12 10 0 
241995 1426 1469 347 4 1174 299 8 563 2647 22 9 18 19 0 
241984 1495 1468 340 5 1175 299 4 598 2570 18 16 14 14 0 
241778 1432 1491 323 6 1240 340 10 584 2733 24 10 15 14 0 
241800 1483 1419 387 4 1208 330 7 615 2691 18 4 12 22 0 
241852 1431 1466 383 7 1191 353 6 581 2685 16 6 15 8 0 
241994 1437 1452 324 11 1202 324 7 549 2651 15 9 16 9 0 
241926 1454 1469 375 11 1207 349 5 553 2585 21 12 20 13 0 
241888 1421 1495 332 8 1227 333 6 605 2635 16 8 17 9 0 
241976 1430 1443 363 6 1182 320 4 574 2654 11 8 13 16 0 
241816 1401 1510 383 9 1217 339 3 574 2699 11 11 13 14 0 
241898 1419 1468 361 7 1242 315 5 601 2629 22 6 16 11 0 
242112 1440 1400 345 8 1248 313 3 579 2508 12 11 11 10 0 
241801 1389 1474 373 8 1256 328 2 606 2713 15 8 13 14 0 
241831 1431 1517 355 13 1243 350 3 607 2601 10 9 19 11 0 
241960 1534 1409 344 13 1169 323 8 548 2654 13 4 8 13 0 
241874 1557 1451 327 7 1169 318 5 615 2627 9 11 18 12 0 
241915 1439 1476 352 10 1147 333 5 568 2706 15 8 9 17 0 
241778 1478 1479 389 9 1194 345 6 614 2659 21 8 12 8 0 
241696 1512 1471 347 11 1269 360 6 594 2673 20 8 15 18 0 
241945 1468 1453 364 9 1203 316 5 588 2602 17 7 16 7 0 
241869 1431 1501 348 11 1196 321 10 597 2653 17 22 12 12 0 
241959 1438 1469 367 12 1192 316 5 585 2605 15 9 16 12 0 
241831 1395 1438 363 9 1222 321 9 613 2735 21 16 11 16 0 
241895 1426 1441 343 11 1233 334 6 619 2638 13 9 19 13 0 
241830 1391 1463 360 13 1235 330 5 568 2758 13 15 10 9 0 
241793 1436 1467 343 8 1262 325 3 635 2668 14 11 21 13 1 
241903 1414 1471 391 7 1220 327 9 614 2585 20 5 19 15 0 
241766 1393 1501 357 4 1243 337 9 579 2756 13 10 21 11 0 
241871 1448 1468 370 6 1239 339 8 608 2575 19 10 17 22 0 
241919 1478 1444 325 5 1210 325 7 569 2660 21 9 17 11 0 
241820 1381 1465 378 6 1252 340 8 614 2686 18 9 8 15 0 
241836 1454 1480 396 10 1168 305 11 612 2654 25 11 20 18 0 
241796 1421 1493 366 7 1165 343 3 616 2736 15 10 16 13 0 
241877 1424 1509 344 2 1207 310 8 568 2704 21 6 12 8 0 
241939 1399 1428 369 6 1205 305 6 613 2674 17 10 9 20 0 
242026 1409 1475 337 10 1195 313 6 592 2596 16 9 11 5 0 
241908 1447 1528 336 10 1176 306 9 620 2604 10 11 15 20 0 
242022 1431 1451 362 12 1194 300 2 593 2576 15 15 15 12 0 
241736 1464 1502 323 7 1236 322 4 589 2773 17 6 11 10 0 
241759 1461 1470 355 10 1235 361 5 620 2665 18 11 19 11 0 
242085 1338 1478 370 15 1188 310 8 584 2577 13 7 11 16 0 
241969 1397 1471 349 8 1224 315 2 591 2631 20 6 13 4 0 
241906 1472 1489 317 6 1193 329 6 580 2659 12 9 11 11 0 
241747 1407 1548 376 8 1319 334 4 587 2618 17 9 14 12 0 
241926 1411 1476 363 5 1191 313 10 579 2669 16 12 15 14 0 
241866 1459 1422 360 13 1242 314 4 581 2676 24 8 16 15 0 
242074 1444 1437 347 5 1179 357 4 545 2548 14 12 19 14 1 
241854 1484 1459 372 5 1201 294 6 568 2709 17 5 18 8 0 
242007 1430 1462 309 3 1182 320 3 603 2633 17 7 12 12 0 
241837 1454 1486 365 6 1205 330 4 613 2657 14 8 10 11 0 
241911 1454 1455 336 8 1235 272 8 588 2679 22 5 17 10 0 
241879 1467 1476 389 9 1168 298 5 623 2630 15 9 16 16 0 
241849 1415 1423 384 9 1220 336 8 597 2696 17 11 15 20 0 
241961 1386 1481 366 7 1221 299 4 576 2637 21 7 25 9 0 
241966 1375 1483 367 12 1147 337 6 592 2659 19 11 17 9 0 
241968 1420 1420 358 12 1224 337 4 609 2583 19 6 20 19 1 
241842 1408 1538 377 7 1172 330 6 616 2654 16 10 13 11 0 
241776 1431 1493 309 9 1256 322 9 631 2721 15 9 11 8 0 
241879 1398 1516 357 9 1269 278 9 555 2673 17 11 15 14 0 
241865 1448 1461 343 6 1224 332 14 618 2640 21 4 10 14 0 
241906 1421 1464 388 5 1197 369 11 589 2585 22 9 21 13 0 
241730 1456 1534 352 7 1293 329 6 635 2592 21 9 20 16 0 
241748 1429 1500 371 11 1256 329 8 578 2718 15 6 20 11 0 
241994 1420 1435 368 7 1166 338 10 602 2606 19 6 18 11 0 
241947 1414 1474 371 7 1226 324 8 610 2573 13 3 16 13 1 
242217 1329 1398 334 3 1183 309 7 598 2572 17 8 12 13 0 
241935 1377 1474 370 5 1211 336 8 612 2620 19 9 12 12 0 
241852 1480 1492 337 5 1216 326 6 577 2662 8 7 16 16 0 
241851 1442 1483 332 4 1247 310 5 630 2649 15 13 11 8 0 
241648 1520 1499 391 3 1260 332 7 588 2684 17 14 20 17 0 
241869 1459 1484 375 4 1187 354 7 605 2619 12 2 9 14 0 
241870 1471 1480 317 6 1285 304 8 540 2652 14 12 19 22 0 
241914 1466 1482 361 7 1203 305 6 590 2621 11 7 13 14 0 
241998 1427 1422 360 11 1202 333 9 564 2635 10 5 11 13 0 
241993 1447 1402 334 11 1150 307 7 597 2703 18 1 9 21 0 
241912 1481 1459 353 9 1202 316 6 559 2650 19 12 16 6 0 
241707 1493 1468 343 6 1207 344 9 638 2723 24 5 19 14 0 
241945 1425 1474 324 5 1205 350 4 586 2624 26 8 12 12 0 
241826 1449 1489 401 5 1166 341 12 566 2704 15 4 15 7 0 
241788 1419 1508 356 8 1184 329 9 600 2743 17 6 18 15 0 
241912 1454 1434 343 4 1196 297 9 609 2683 18 9 17 15 0 
241900 1394 1494 367 10 1189 335 4 583 2676 17 7 13 11 0 
241903 1431 1445 353 8 1194 345 5 586 2682 23 7 12 6 0 
241926 1428 1451 343 5 1249 332 5 602 2606 13 11 18 11 0 
241879 1483 1476 322 4 1191 326 9 604 2652 13 7 22 12 0 
241958 1404 1487 325 11 1153 329 7 597 2683 17 7 9 13 0 
241902 1401 1505 357 8 1186 323 6 600 2664 16 6 13 13 0 
241856 1443 1493 361 4 1167 311 3 602 2707 14 4 20 15 0 
241792 1421 1499 338 9 1222 336 4 622 2702 25 9 14 7 0 
241794 1405 1537 359 5 1233 343 9 610 2657 16 15 10 7 0 
241820 1455 1466 335 12 1224 336 7 653 2650 16 6 9 11 0 
241864 1462 1502 363 11 1187 307 6 556 2683 25 7 11 16 0 
241992 1429 1454 383 6 1208 310 7 582 2580 16 11 11 11 0 
241910 1416 1492 344 11 1165 354 4 525 2710 26 7 19 17 0 
241846 1393 1524 354 10 1186 348 5 596 2682 24 11 14 7 0 
242020 1420 1502 335 12 1157 306 9 598 2586 19 12 12 12 0 
241885 1440 1455 389 11 1185 311 3 622 2651 23 5 7 13 0 
241731 1498 1494 365 8 1207 318 2 616 2718 13 11 11 8 0 
241943 1412 1479 350 8 1183 318 7 561 2686 21 11 13 8 0 
241949 1385 1467 356 7 1223 352 6 589 2608 18 9 16 15 0 
241824 1456 1469 320 20 1218 331 10 629 2669 22 5 17 10 0 
241878 1410 1429 362 9 1196 319 6 612 2724 19 7 16 12 1 
241809 1459 1525 355 5 1181 351 2 540 2711 26 5 18 13 0 
241914 1442 1466 346 13 1257 309 7 590 2594 18 10 18 16 0 
