95161 1257 606 105 9 603 119 15 326 1743 32 5 9 10 0 
94950 1335 598 117 5 660 130 7 361 1779 26 6 11 15 0 
95114 1289 593 126 8 588 101 6 349 1775 23 5 13 10 0 
95042 1347 598 112 5 616 100 7 329 1794 24 6 8 11 1 
95102 1331 633 111 9 581 98 6 337 1758 18 5 7 4 0 
95044 1381 572 124 6 616 112 9 347 1749 21 2 7 10 0 
95124 1355 596 137 6 589 131 5 309 1700 18 10 11 9 0 
95176 1283 593 115 5 606 110 2 368 1685 26 9 10 12 0 
95124 1316 611 127 12 561 108 7 369 1721 18 7 9 10 0 
95015 1304 578 120 1 626 97 9 340 1845 29 7 14 15 0 
95212 1242 576 135 5 595 96 8 326 1748 27 5 10 14 1 
95045 1345 615 110 10 591 100 5 360 1763 26 5 12 13 0 
95089 1335 594 115 5 590 121 6 339 1768 22 4 5 7 0 
95153 1306 610 118 6 571 92 3 343 1745 26 5 12 10 0 
95087 1387 569 116 3 619 124 10 335 1705 21 6 10 8 0 
95108 1382 596 109 11 579 124 8 351 1689 23 7 8 5 0 
95099 1322 606 111 6 598 101 6 365 1747 22 3 6 8 0 
95150 1321 596 112 4 538 105 5 377 1731 31 5 11 14 0 
95049 1345 629 112 8 578 125 9 383 1721 23 7 4 7 0 
94976 1391 603 116 5 618 109 8 356 1766 26 5 13 8 0 
95097 1321 633 122 11 613 106 5 350 1694 22 6 10 10 0 
95218 1287 605 97 11 571 102 9 348 1707 19 4 11 11 0 
95192 1293 613 124 4 559 131 2 364 1675 22 3 8 9 1 
95101 1355 623 106 14 573 124 8 355 1690 23 3 13 12 0 
95155 1289 561 102 10 617 108 5 364 1744 22 6 10 6 1 
95149 1336 597 115 4 563 116 7 369 1702 20 1 11 10 0 
95116 1346 585 113 9 621 110 14 352 1682 29 3 8 12 0 
95163 1334 596 109 3 641 114 9 336 1658 21 5 6 5 0 
95089 1292 648 111 3 605 106 6 363 1720 36 7 8 6 0 
95082 1336 605 83 7 586 112 9 330 1812 17 4 11 6 0 
95133 1352 613 103 11 576 94 5 357 1709 20 3 15 9 0 
95114 1317 591 123 5 618 106 5 359 1717 17 4 11 13 0 
95086 1335 634 126 6 620 112 6 326 1706 22 6 11 4 0 
95037 1324 650 128 4 579 116 5 356 1750 32 6 5 8 0 
95104 1275 586 107 8 602 121 5 382 1766 20 6 7 11 0 
95138 1310 589 98 11 554 110 7 334 1785 29 6 13 16 0 
95085 1347 623 118 8 598 103 12 346 1706 23 6 10 15 0 
95083 1368 611 109 5 602 123 9 313 1732 28 2 7 8 0 
95153 1308 589 91 4 611 108 1 352 1731 30 5 10 7 0 
95128 1344 587 110 4 612 117 7 338 1707 21 9 7 8 1 
95250 1294 576 95 10 614 103 4 334 1676 15 4 13 12 0 
95095 1270 621 103 5 602 116 4 352 1783 23 4 8 14 0 
95109 1335 593 114 4 569 120 8 368 1732 28 3 13 4 0 
95211 1316 549 129 5 590 119 3 365 1669 20 4 10 10 0 
95144 1341 583 116 3 600 112 5 345 1693 27 12 10 9 0 
95083 1300 553 105 9 615 94 7 369 1823 22 5 9 6 0 
95062 1305 663 111 3 574 104 3 355 1776 15 3 14 12 0 
95093 1269 557 116 6 600 122 13 336 1824 33 5 9 17 0 
95146 1330 595 111 4 571 106 7 334 1758 20 0 12 6 0 
95087 1358 575 116 4 632 116 5 328 1719 33 11 11 5 0 
95163 1270 610 118 6 631 111 8 337 1700 25 4 7 10 0 
95201 1328 572 105 6 599 89 9 345 1699 25 0 8 14 0 
94919 1368 635 124 5 613 91 6 351 1822 37 7 12 10 0 
95256 1294 563 97 5 598 108 5 334 1691 21 8 9 11 0 
95082 1308 624 111 5 569 103 6 334 1807 27 4 7 13 0 
95076 1363 600 113 6 619 112 12 339 1713 26 6 12 3 0 
95018 1349 590 106 7 609 132 7 363 1785 16 5 6 7 0 
95189 1296 554 91 4 630 101 3 316 1768 24 5 7 12 0 
95020 1360 648 113 5 621 97 7 343 1742 21 7 8 8 0 
95122 1314 577 119 5 643 104 6 354 1714 20 4 8 10 0 
95162 1292 593 118 7 613 102 7 357 1703 27 1 7 11 0 
95040 1383 602 107 3 579 127 7 335 1750 38 5 10 14 0 
95043 1387 593 124 6 587 92 8 357 1750 28 4 8 13 0 
95104 1350 586 120 4 607 122 5 343 1712 24 5 11 7 0 
95194 1316 593 119 6 570 114 4 343 1701 13 6 14 7 0 
95137 1342 619 122 8 587 117 5 331 1686 27 1 10 8 0 
95011 1356 615 110 7 645 113 6 349 1722 30 9 14 13 0 
95121 1360 547 126 10 582 131 8 358 1711 26 5 4 11 0 
95046 1365 637 117 7 572 100 4 362 1732 29 5 13 11 0 
95100 1320 606 98 5 589 116 5 362 1748 29 7 7 8 0 
95014 1360 648 119 4 621 99 3 347 1731 28 6 11 9 0 
95127 1329 592 120 9 588 130 8 347 1690 30 7 11 12 0 
95198 1307 565 91 10 586 121 6 338 1736 20 4 10 8 0 
95095 1329 552 114 9 615 104 3 404 1742 19 5 5 4 0 
95069 1299 596 115 6 653 105 5 376 1732 27 4 7 6 0 
94998 1332 616 98 8 620 126 8 336 1805 33 2 6 12 0 
95172 1282 594 111 3 569 101 7 333 1771 39 1 12 5 0 
95150 1308 657 99 5 572 105 4 399 1654 17 5 8 17 0 
95097 1333 572 118 6 584 116 9 383 1741 21 3 7 10 0 
95110 1324 618 113 4 551 102 5 375 1751 23 6 10 7 1 
95089 1303 582 112 13 637 113 5 350 1759 19 3 8 7 0 
95065 1378 578 110 7 568 109 8 358 1774 26 3 7 9 0 
95090 1336 621 100 3 572 114 8 352 1762 18 7 6 11 0 
95184 1252 577 114 6 574 119 8 371 1743 30 2 11 9 0 
94989 1316 617 119 9 647 131 7 349 1761 29 8 10 8 0 
95106 1272 592 141 8 605 128 9 319 1771 26 8 8 7 0 
95084 1337 627 112 2 589 112 8 353 1732 23 5 8 7 1 
95134 1331 636 100 5 572 101 7 368 1700 26 4 4 12 0 
95160 1368 628 105 2 586 118 5 370 1599 33 5 13 8 0 
95135 1344 624 103 4 590 126 4 355 1668 20 6 5 16 0 
95150 1278 589 97 3 619 128 12 343 1736 25 4 7 9 0 
95182 1230 611 108 10 602 105 7 369 1739 17 3 9 8 0 
95122 1324 555 88 8 596 118 7 371 1756 28 8 8 11 0 
95137 1310 570 123 10 588 123 7 338 1743 26 6 9 10 0 
95069 1325 570 105 12 628 107 11 368 1767 19 3 10 6 0 
95206 1298 581 96 8 583 92 6 329 1758 20 5 12 5 1 
95203 1292 586 106 5 618 87 9 331 1710 25 4 8 16 0 
95068 1350 619 87 6 605 107 9 349 1751 25 4 9 10 1 
95108 1345 588 115 6 627 108 6 382 1666 27 8 10 4 0 
95116 1310 534 104 5 619 113 6 367 1779 25 1 4 17 0 
95173 1328 587 101 8 551 125 9 334 1741 20 2 11 10 0 
95063 1410 575 99 1 599 126 5 368 1710 21 5 9 9 0 
95104 1311 578 113 7 631 106 6 376 1724 24 3 12 5 0 
95257 1296 568 113 5 587 113 5 346 1659 28 7 8 8 0 
95090 1331 620 113 8 584 117 7 332 1734 34 7 10 12 1 
95232 1289 587 95 7 603 104 7 325 1706 28 3 7 7 0 
94975 1345 645 94 7 603 121 7 368 1788 22 6 10 9 0 
95245 1287 543 105 9 595 111 6 336 1722 13 9 9 10 0 
94942 1409 644 106 11 602 100 10 378 1753 28 4 8 5 0 
95056 1397 591 109 9 640 103 4 334 1705 30 3 11 8 0 
94977 1415 574 126 12 598 117 9 343 1784 23 1 12 9 0 
95161 1366 589 96 15 583 117 5 321 1694 27 3 17 6 0 
95081 1290 621 111 8 618 99 9 345 1777 20 8 6 7 0 
95156 1311 590 106 10 580 118 8 360 1728 18 4 7 4 0 
95132 1297 608 107 7 629 107 3 318 1744 23 8 11 6 0 
95151 1238 616 119 8 600 100 8 338 1780 22 2 6 12 0 
95148 1322 551 125 9 647 105 5 361 1685 22 6 5 9 0 
95216 1258 588 99 7 622 103 6 340 1719 21 6 10 5 0 
95053 1343 621 134 12 594 103 8 370 1716 22 5 9 10 0 
95026 1350 586 127 6 610 126 6 358 1750 28 8 9 10 0 
95083 1362 601 102 5 594 124 11 327 1743 22 8 7 11 0 
95048 1347 596 111 9 581 110 11 368 1770 30 5 6 8 0 
95089 1321 623 85 5 577 105 8 333 1805 25 9 8 7 0 
95222 1329 545 124 4 582 104 7 296 1733 29 5 9 11 0 
95033 1340 607 100 7 581 92 9 350 1824 29 6 11 11 0 
95110 1334 555 98 5 643 129 11 359 1705 26 4 9 12 0 
94985 1314 608 121 5 589 108 7 372 1851 25 1 5 9 0 
95113 1281 629 141 3 624 114 9 355 1684 24 4 12 7 0 
95056 1335 595 123 6 601 127 4 366 1731 32 6 10 8 0 
95145 1368 566 95 4 550 112 8 346 1751 17 3 16 17 2 
95152 1297 601 119 6 613 98 6 329 1735 24 5 11 4 0 
94972 1392 583 102 8 577 129 9 380 1793 28 8 9 10 0 
95079 1313 592 127 7 588 106 7 396 1737 24 7 9 8 0 
95039 1300 610 101 5 609 103 5 392 1791 23 4 10 8 0 
95150 1327 547 110 5 581 116 8 351 1758 29 4 6 7 1 
95210 1312 602 99 9 575 107 7 329 1698 32 2 10 7 1 
95153 1317 561 114 6 583 122 8 343 1740 26 8 6 13 0 
95062 1323 579 120 8 597 108 6 369 1788 23 2 8 7 0 
95173 1325 552 116 7 594 98 7 332 1758 23 2 7 6 0 
95203 1261 552 132 7 575 121 6 313 1783 23 6 6 12 0 
94968 1324 610 128 9 614 115 7 377 1797 22 5 10 14 0 
95145 1310 622 105 9 592 115 7 340 1708 25 4 8 10 0 
95012 1389 607 110 9 539 113 8 329 1844 22 6 9 3 0 
95093 1301 563 114 8 583 104 3 390 1792 28 6 6 9 0 
95079 1371 603 119 3 586 106 5 341 1745 22 3 9 8 0 
95298 1230 553 118 14 612 97 7 364 1661 21 5 11 9 0 
95091 1330 595 115 9 638 117 8 329 1728 22 5 4 9 0 
95069 1375 607 127 8 602 107 7 328 1730 23 3 8 6 0 
95204 1237 576 134 9 623 96 7 351 1718 24 5 9 7 0 
95078 1307 632 115 9 614 119 6 361 1702 27 6 16 8 0 
95085 1329 583 115 10 645 99 4 341 1737 22 5 14 11 0 
95122 1329 627 111 7 588 112 12 356 1703 19 3 7 4 0 
95042 1316 588 126 11 627 101 12 324 1812 22 4 9 6 0 
95038 1285 599 113 10 567 108 10 344 1879 32 3 9 3 0 
95118 1364 576 84 6 596 133 5 377 1685 30 4 10 12 0 
94990 1312 592 125 10 638 109 7 360 1811 26 6 8 6 0 
94997 1307 619 115 10 633 119 9 361 1776 26 4 14 10 0 
95160 1333 599 108 6 583 102 6 355 1698 28 4 8 10 0 
95038 1312 611 115 4 600 113 2 386 1774 29 1 8 7 0 
95124 1311 594 89 5 645 112 5 370 1702 16 5 9 13 0 
95098 1324 601 123 10 604 98 3 353 1726 34 6 9 11 0 
95042 1349 614 115 2 560 121 6 342 1800 23 8 6 11 1 
95058 1295 619 122 4 591 113 9 369 1780 19 5 13 3 0 
95125 1315 638 107 6 581 113 6 350 1720 21 2 9 7 0 
95142 1342 585 104 10 612 103 9 334 1711 21 8 11 8 0 
95072 1328 590 105 10 644 123 10 345 1729 20 5 7 12 0 
94969 1338 639 144 7 568 110 5 364 1810 21 5 9 11 0 
95174 1280 596 103 5 577 118 6 344 1753 27 0 10 7 0 
95088 1305 582 105 4 608 116 7 354 1786 26 4 8 7 0 
95125 1283 609 135 1 550 127 4 342 1774 22 9 13 6 0 
95190 1319 580 104 12 593 96 10 323 1714 26 8 15 10 0 
95107 1314 624 101 12 612 116 11 363 1688 25 1 16 10 0 
95114 1361 589 120 10 562 110 6 358 1727 22 5 8 8 0 
95098 1369 617 94 9 569 101 9 374 1720 21 3 7 9 0 
95165 1344 528 130 11 597 118 4 358 1687 23 3 19 12 1 
95078 1297 646 112 6 593 126 5 343 1747 17 5 11 12 2 
95028 1323 621 102 4 658 111 8 348 1740 27 7 14 9 0 
95044 1396 612 86 9 593 129 11 355 1724 22 6 6 7 0 
95094 1305 574 98 6 598 121 8 394 1752 22 5 10 13 0 
95073 1329 574 116 7 611 126 9 349 1769 22 3 4 8 0 
95042 1307 602 117 7 653 110 4 350 1767 20 2 12 7 0 
95033 1315 595 116 6 588 110 11 378 1791 33 6 11 7 0 
95018 1288 644 102 9 588 118 5 347 1833 24 2 11 10 1 
95058 1294 601 114 10 600 108 9 385 1769 26 4 7 15 0 
95152 1317 553 101 8 613 117 9 393 1691 18 7 13 8 0 
95136 1265 624 124 7 605 117 7 334 1720 28 3 15 14 1 
95031 1361 620 108 9 623 100 8 369 1726 21 9 7 8 0 
95135 1281 572 107 6 647 115 10 352 1733 21 4 9 8 0 
95065 1356 629 119 4 618 133 4 363 1660 30 5 9 5 0 
95016 1364 584 115 4 614 103 8 381 1771 18 6 11 5 0 
95121 1296 570 118 7 631 113 5 330 1759 23 9 7 11 0 
95006 1336 596 108 8 582 104 7 366 1836 30 2 11 8 0 
95084 1366 634 99 11 567 103 7 345 1740 22 3 9 10 0 
94996 1330 627 136 9 574 83 8 370 1814 24 8 9 12 0 
95036 1347 581 108 9 610 113 6 355 1791 23 5 11 5 0 
95091 1298 610 114 10 605 100 2 365 1751 30 2 8 14 0 
94896 1397 597 107 10 599 116 7 356 1867 28 5 7 8 0 
95162 1319 600 121 6 579 109 9 348 1708 19 7 7 6 0 
95169 1320 557 105 7 631 92 7 356 1712 23 5 6 10 0 
95151 1325 568 126 6 598 110 5 330 1742 14 3 9 12 1 
95104 1356 635 95 7 547 92 2 358 1754 17 5 16 10 2 
95085 1354 619 113 6 607 103 12 361 1695 24 5 8 8 0 
95036 1363 582 115 14 584 117 4 381 1762 14 9 12 7 0 
95143 1290 574 114 6 590 113 10 384 1735 23 7 6 4 1 
94945 1389 591 120 7 606 127 9 341 1820 24 5 7 9 0 
95188 1307 569 98 8 582 111 3 352 1734 23 7 7 11 0 
94948 1353 612 130 11 608 113 8 392 1786 15 7 7 10 0 
95061 1363 613 97 6 605 109 6 340 1760 19 3 11 7 0 
95126 1298 631 113 8 571 99 5 367 1741 26 4 5 6 0 
95109 1323 578 107 5 600 124 10 339 1748 26 7 11 13 0 
95108 1390 637 95 5 587 107 7 318 1701 28 3 5 9 0 
95258 1314 584 94 8 584 101 7 344 1664 20 3 8 11 0 
95075 1296 594 132 6 587 102 11 371 1784 28 9 2 3 0 
95193 1337 545 102 4 588 114 7 344 1714 29 7 5 11 0 
95148 1342 581 112 6 617 101 5 341 1702 23 4 9 8 1 
95149 1300 581 109 7 589 96 12 343 1767 23 4 9 11 0 
95120 1319 589 109 10 557 116 3 362 1770 24 5 6 10 0 
95114 1333 577 110 6 613 119 5 348 1730 21 5 8 11 0 
95109 1331 632 109 9 609 110 7 342 1695 21 4 10 12 0 
95115 1307 603 129 8 563 103 13 379 1739 22 0 10 9 0 
95065 1307 564 125 5 600 125 5 341 1813 20 6 11 13 0 
95162 1269 591 98 6 614 94 3 350 1764 25 3 14 7 0 
95054 1344 595 95 9 626 101 4 356 1765 27 5 10 9 0 
94980 1334 639 126 12 616 112 9 360 1768 25 4 10 5 0 
95124 1280 589 117 6 632 97 10 340 1763 22 8 6 6 0 
94969 1362 626 109 7 547 126 4 348 1866 23 1 5 7 0 
95057 1370 618 99 11 570 103 6 346 1780 24 4 9 3 0 
95095 1308 596 110 6 603 105 5 318 1798 29 8 9 10 0 
95051 1392 606 123 6 561 107 3 343 1747 22 9 16 14 0 
95138 1297 587 106 2 635 106 4 359 1728 23 2 7 6 0 
94919 1334 615 118 9 624 111 7 357 1847 28 7 15 9 0 
95134 1316 609 101 4 619 114 10 357 1689 19 7 12 9 0 
95076 1342 614 112 11 605 107 9 369 1707 22 4 13 9 0 
95058 1352 607 101 10 590 109 9 356 1766 23 1 7 11 0 
95088 1359 639 121 8 544 104 5 354 1736 21 4 10 7 0 
94938 1404 600 123 7 613 113 10 306 1841 20 4 12 9 0 
95060 1296 614 117 13 613 131 7 312 1784 27 4 10 12 0 
95104 1297 587 123 5 601 108 5 362 1762 22 7 8 9 0 
95115 1275 607 104 8 611 117 10 361 1745 29 2 8 7 1 
95009 1332 565 108 6 621 126 10 365 1805 31 6 12 4 0 
95144 1312 582 100 8 609 107 2 362 1718 24 10 11 11 0 
95135 1376 561 113 9 608 101 14 344 1696 22 7 7 7 0 
95138 1323 601 115 9 587 105 5 336 1737 27 2 6 9 0 
95203 1304 590 115 12 584 108 15 347 1668 28 3 16 6 1 
95229 1277 574 121 8 578 108 6 352 1703 17 3 11 13 0 
95147 1322 601 95 4 586 116 6 354 1707 32 9 12 9 0 
95099 1293 598 100 7 603 118 6 351 1767 31 8 11 7 1 
95134 1271 621 108 6 575 111 4 325 1808 18 4 10 5 0 
95103 1307 586 105 7 566 106 7 358 1807 20 6 9 13 0 
95086 1334 603 122 7 579 142 11 349 1715 28 5 9 10 0 
95212 1236 566 122 9 560 118 7 358 1757 25 11 12 7 0 
95160 1387 581 120 8 551 110 7 361 1668 24 4 7 12 0 
95180 1327 537 96 9 583 106 6 326 1778 19 7 13 13 0 
95116 1263 602 121 15 587 131 10 362 1763 15 3 7 5 0 
95078 1362 604 107 9 572 116 4 344 1749 25 7 12 11 0 
95133 1324 570 99 6 602 95 11 352 1756 19 9 14 10 0 
95134 1342 595 123 9 589 131 9 346 1680 22 1 8 11 0 
95060 1333 570 119 3 605 118 10 368 1758 26 6 10 14 0 
95130 1331 589 95 7 590 123 3 369 1721 20 7 10 5 0 
94979 1368 570 116 5 616 102 7 334 1861 19 6 6 10 1 
95135 1335 612 130 6 568 99 10 338 1720 26 6 10 5 0 
95034 1354 630 97 10 584 132 8 366 1734 25 6 9 11 0 
95016 1338 603 105 17 570 111 7 348 1826 23 5 11 20 0 
95006 1350 604 110 6 573 96 7 352 1842 30 6 11 7 0 
95129 1402 568 98 3 609 109 5 327 1700 21 10 10 9 0 
95073 1343 624 118 9 622 125 7 332 1703 25 6 8 5 0 
95210 1343 572 106 7 579 104 8 332 1686 27 8 8 10 0 
95193 1276 612 100 4 566 117 9 364 1718 24 4 5 8 0 
95049 1321 602 132 6 591 119 10 344 1778 21 6 3 18 0 
95146 1304 584 119 6 586 127 6 313 1764 28 1 8 8 0 
95140 1310 580 99 9 606 109 2 311 1796 21 3 7 7 0 
94991 1305 591 119 7 655 110 13 366 1798 26 7 5 7 0 
95051 1300 608 94 11 621 105 8 357 1809 20 5 5 6 0 
95047 1345 591 93 10 605 124 5 309 1828 22 2 9 10 0 
95124 1317 583 103 5 629 116 7 375 1697 29 4 6 5 0 
95206 1373 601 113 9 548 104 7 310 1682 27 3 10 7 0 
95139 1294 612 96 5 579 117 4 349 1739 38 4 16 8 0 
95139 1344 570 109 6 618 107 11 358 1684 30 10 5 9 0 
95157 1312 583 126 8 582 113 5 343 1720 23 5 13 10 0 
95198 1295 600 113 8 569 130 8 316 1721 20 4 9 9 0 
95165 1333 598 105 6 578 109 4 363 1689 25 2 14 9 0 
95162 1340 570 92 4 607 109 3 370 1706 21 1 6 9 0 
95064 1313 571 112 8 558 123 8 379 1816 32 2 7 7 0 
95128 1262 562 113 10 594 120 8 382 1766 27 5 10 13 0 
95135 1350 562 105 4 579 108 5 352 1759 24 4 7 6 0 
95109 1350 599 105 5 627 96 7 333 1724 22 3 11 9 0 
95076 1367 584 94 6 591 108 5 323 1803 24 10 4 4 1 
95224 1274 572 113 5 609 120 11 333 1692 21 5 12 8 1 
95108 1407 556 114 7 569 104 3 340 1732 36 3 11 10 0 
95132 1338 625 109 6 570 97 7 363 1712 27 4 3 7 0 
95171 1325 573 110 10 577 117 10 326 1738 20 2 9 12 0 
95094 1261 634 101 4 637 111 3 367 1748 18 5 11 6 0 
95183 1293 645 97 9 566 99 12 355 1688 29 5 11 8 0 
95035 1337 615 113 7 582 117 11 340 1795 19 7 16 6 0 
95088 1387 649 102 6 581 106 10 334 1692 20 10 8 7 0 
94988 1355 652 108 7 625 105 9 349 1751 24 4 11 12 0 
95133 1253 586 101 7 603 120 7 348 1798 26 4 6 7 1 
95131 1234 603 110 5 628 128 7 370 1741 25 5 5 8 0 
95096 1325 601 92 12 614 102 6 336 1767 28 1 12 8 0 
95191 1234 615 112 6 580 96 8 354 1763 21 3 12 5 0 
95033 1350 627 118 9 591 114 6 361 1756 13 1 10 11 0 
95029 1338 593 109 8 635 132 7 366 1738 20 1 10 14 0 
95077 1393 601 128 11 563 102 7 350 1733 22 7 3 3 0 
95168 1270 618 122 12 554 118 8 349 1734 22 7 7 11 0 
95102 1312 579 97 10 635 96 6 358 1755 32 4 9 5 0 
95039 1311 629 131 5 647 118 7 362 1711 19 5 10 6 0 
95082 1362 633 109 5 626 104 7 337 1691 23 4 9 8 0 
95042 1332 593 106 7 569 101 5 358 1832 27 3 11 14 0 
95129 1303 592 114 8 590 108 12 350 1747 28 6 9 4 0 
95075 1358 594 114 7 623 130 9 329 1715 21 4 14 7 0 
95067 1336 588 133 12 569 97 5 337 1804 23 10 13 6 0 
95104 1373 625 134 8 559 100 1 351 1703 22 4 11 5 0 
95123 1305 579 112 7 647 114 8 340 1720 22 2 12 9 0 
95120 1343 539 95 8 590 103 5 369 1784 18 3 12 11 0 
95177 1407 568 97 10 574 111 11 323 1672 31 5 8 5 1 
95093 1336 543 105 8 649 116 1 332 1767 28 7 7 8 0 
94914 1361 620 106 8 621 121 8 322 1855 34 7 10 13 0 
95128 1294 564 103 7 598 97 10 365 1778 27 10 9 10 0 
95046 1266 621 97 9 583 109 13 360 1838 31 5 9 13 0 
95083 1312 638 119 6 604 117 10 359 1707 25 4 8 8 0 
95135 1249 599 122 12 598 136 9 340 1747 23 5 12 13 0 
95022 1327 616 117 6 603 105 10 377 1768 20 6 7 16 0 
95102 1318 586 94 3 570 99 10 382 1786 30 5 8 7 0 
95002 1333 591 116 6 646 106 8 383 1756 28 6 10 9 0 
95200 1288 554 96 4 609 130 4 346 1718 26 7 7 10 1 
95146 1273 637 114 13 575 94 2 340 1752 22 6 12 14 0 
95157 1346 587 99 10 631 91 5 360 1664 26 2 7 15 0 
94968 1425 616 107 5 566 116 12 360 1774 26 11 7 7 0 
95022 1316 612 108 2 600 112 4 405 1764 31 5 10 9 0 
95161 1298 601 92 4 615 118 6 354 1700 28 0 11 12 0 
94999 1364 627 106 3 600 110 6 342 1795 21 7 8 12 0 
95102 1283 630 100 6 609 117 9 381 1726 17 6 7 7 0 
95141 1347 602 118 7 597 118 8 348 1661 31 3 10 8 1 
95158 1317 612 83 4 611 92 8 320 1732 29 10 10 14 0 
95144 1309 599 101 9 640 103 8 348 1696 19 7 6 11 0 
95067 1342 602 108 7 598 98 9 350 1774 22 5 9 9 0 
95058 1317 587 106 7 578 122 5 361 1817 21 7 4 9 1 
95038 1415 630 94 6 564 134 8 357 1700 27 3 11 13 0 
95157 1290 615 114 6 567 91 8 361 1745 22 9 8 7 0 
95079 1302 627 113 7 627 120 4 336 1733 24 7 15 6 0 
95025 1325 573 100 11 615 126 6 354 1811 31 6 9 8 0 
95196 1356 561 108 4 511 110 6 355 1754 17 0 9 13 0 
94969 1419 599 127 5 611 109 10 339 1764 25 4 9 10 0 
94982 1401 649 108 6 622 109 9 332 1729 26 7 10 10 0 
95122 1269 592 130 5 643 124 2 345 1738 14 2 6 8 0 
95150 1336 630 109 6 586 103 4 329 1709 19 5 4 10 0 
95167 1348 615 103 4 561 121 8 306 1718 26 6 11 6 0 
95066 1323 571 112 6 606 122 10 350 1787 20 7 13 7 0 
95168 1338 620 111 9 590 95 3 362 1654 26 4 9 11 0 
95190 1322 571 108 3 632 104 16 343 1673 18 1 7 12 0 
95082 1357 612 108 8 582 110 6 327 1758 21 3 9 17 0 
95047 1299 613 99 6 619 113 5 371 1774 22 5 11 15 1 
95019 1383 561 120 5 537 111 7 384 1828 17 6 10 12 0 
95168 1261 634 116 7 557 95 8 350 1762 18 3 7 14 0 
95182 1273 593 99 7 630 120 5 334 1704 31 5 10 7 0 
95024 1320 583 122 8 595 103 6 365 1830 23 5 4 12 0 
95124 1321 572 120 7 566 118 7 342 1761 31 8 14 9 0 
95098 1292 619 128 6 615 91 3 361 1733 32 7 7 8 0 
95115 1386 576 113 6 580 111 6 360 1691 23 9 12 12 0 
95155 1317 575 117 7 592 101 7 334 1764 15 3 9 4 0 
95104 1339 639 101 4 606 120 11 353 1683 21 5 4 10 0 
95113 1344 595 96 3 598 118 7 325 1767 20 8 2 4 0 
95100 1370 615 108 7 612 112 6 348 1688 16 1 8 9 0 
95059 1369 601 93 13 591 110 9 351 1751 26 3 15 9 0 
95071 1309 635 116 4 609 105 8 352 1732 28 8 13 10 0 
95093 1376 587 107 5 604 115 6 335 1733 21 3 7 8 0 
95120 1364 646 112 6 557 117 4 334 1679 27 6 12 16 0 
95107 1359 582 92 4 608 100 9 395 1717 17 1 2 7 0 
95079 1361 568 106 12 621 96 4 376 1734 23 5 5 10 0 
95172 1326 554 111 9 558 111 9 357 1746 30 3 7 7 0 
95178 1337 522 117 9 632 105 5 344 1699 28 7 4 13 0 
95134 1334 559 117 5 587 109 9 346 1753 20 3 11 13 0 
95148 1341 586 114 8 577 129 10 341 1702 24 5 6 9 0 
95104 1311 629 123 8 627 106 6 346 1700 24 0 12 4 0 
95111 1292 572 121 9 599 115 10 389 1729 31 5 10 7 0 
95072 1327 609 140 13 605 107 4 347 1731 22 4 12 7 0 
95041 1340 572 108 7 603 102 14 360 1812 22 3 7 9 0 
95121 1391 581 100 9 559 107 9 335 1747 25 2 4 9 1 
95065 1331 577 127 4 636 97 5 342 1767 24 6 8 11 0 
95207 1320 552 98 6 580 109 6 348 1724 16 6 17 11 0 
94996 1382 610 110 7 647 109 9 336 1753 23 4 6 8 0 
95104 1310 617 116 7 620 93 3 313 1762 30 7 7 11 0 
95054 1380 619 98 4 580 117 4 340 1764 24 3 7 6 0 
95179 1284 530 98 4 587 114 8 361 1792 19 3 15 6 0 
95110 1338 578 106 10 581 123 3 345 1752 34 7 7 6 0 
95118 1320 633 90 6 560 106 7 380 1725 28 5 9 13 0 
95071 1304 615 95 5 644 128 8 379 1696 33 3 9 10 0 
94994 1329 572 133 3 594 121 5 373 1822 28 6 13 7 0 
94967 1398 613 91 8 612 120 6 356 1779 24 6 12 8 0 
95125 1315 570 103 2 607 117 2 320 1778 37 4 10 10 0 
95139 1317 577 116 6 573 99 3 358 1770 18 3 10 11 0 
95114 1317 600 126 9 592 109 12 340 1738 27 3 4 9 0 
95176 1309 617 92 10 606 121 4 322 1687 26 6 9 15 0 
95188 1298 579 126 7 580 120 5 330 1703 31 7 10 15 1 
95197 1304 595 109 11 620 105 4 328 1669 30 7 9 12 0 
95205 1338 616 99 7 535 98 3 311 1739 26 5 10 8 0 
95182 1245 580 126 6 585 109 10 346 1762 23 6 10 10 0 
95068 1345 592 135 2 625 116 5 343 1728 20 5 6 10 0 
95160 1311 605 113 6 628 112 4 345 1672 20 4 5 15 0 
95142 1335 592 114 4 567 109 5 352 1726 32 5 7 10 0 
95008 1452 573 107 10 667 87 8 317 1729 23 4 9 6 0 
95034 1321 589 117 11 625 126 7 358 1759 30 5 11 7 0 
95114 1380 603 91 9 569 102 8 341 1733 20 6 13 11 0 
95144 1349 537 108 7 554 125 9 338 1782 23 7 8 9 0 
95017 1310 648 110 7 636 125 6 339 1767 15 5 6 9 0 
95161 1315 560 96 4 618 121 9 370 1706 21 5 7 7 0 
95115 1316 618 110 7 610 105 10 325 1729 26 9 9 11 0 
95170 1348 542 107 3 587 119 4 332 1744 21 6 6 11 0 
95002 1361 570 135 9 648 98 8 366 1750 24 7 11 10 1 
95132 1272 642 103 5 604 129 8 354 1705 24 3 8 11 0 
95118 1273 569 116 4 594 121 4 396 1749 30 3 9 14 0 
95244 1285 587 107 6 566 115 7 349 1694 19 2 8 11 0 
95093 1259 623 116 9 562 111 8 384 1779 27 8 13 8 0 
94929 1360 603 119 7 642 102 8 368 1806 24 6 14 12 0 
95079 1388 589 121 6 615 112 5 360 1664 34 6 12 9 0 
94987 1384 582 122 9 600 115 6 373 1771 27 8 10 6 0 
95133 1313 573 110 3 627 115 3 363 1715 24 3 7 11 0 
95149 1333 589 113 9 572 117 6 338 1724 29 7 9 5 0 
95029 1383 635 99 8 592 100 13 379 1712 26 5 9 10 0 
95059 1314 569 115 8 645 100 6 353 1764 34 7 13 13 0 
95091 1393 555 110 10 615 118 9 355 1697 22 4 13 7 1 
95076 1379 619 119 16 628 106 10 325 1670 28 6 9 9 0 
95102 1317 620 112 11 629 112 5 371 1676 19 6 9 10 1 
95155 1285 609 94 4 594 119 7 320 1760 28 3 12 10 0 
95118 1323 583 110 4 594 109 6 358 1738 29 6 11 11 0 
94923 1397 610 118 13 560 129 13 371 1818 24 5 8 11 0 
94961 1354 647 98 4 641 115 9 367 1753 23 5 12 11 0 
95217 1320 574 104 8 573 110 5 379 1665 28 3 9 5 0 
95121 1312 576 130 7 615 99 11 337 1742 23 6 9 12 0 
95056 1354 634 114 7 591 109 12 331 1751 19 3 9 10 0 
95098 1321 554 112 11 612 106 7 378 1751 27 3 10 10 0 
95045 1368 637 105 14 564 111 4 338 1769 22 6 8 9 0 
95143 1335 628 102 8 557 115 5 352 1707 25 5 10 8 0 
95093 1317 606 123 4 613 110 8 355 1722 24 8 8 9 0 
95073 1324 598 106 7 586 103 7 373 1773 22 8 9 11 0 
95298 1253 563 105 6 570 120 9 329 1689 31 4 13 9 1 
95183 1330 543 113 7 573 101 7 356 1744 21 4 7 11 0 
94986 1356 590 117 4 607 109 7 381 1791 20 7 11 13 1 
95002 1315 622 103 4 612 108 4 368 1812 26 4 7 13 0 
95057 1344 611 114 7 590 109 6 333 1780 21 4 14 10 0 
95159 1342 616 116 9 567 109 7 350 1674 24 5 7 15 0 
95115 1292 589 107 3 629 100 8 358 1751 22 6 10 10 0 
95095 1385 604 112 6 590 111 3 304 1746 21 4 5 14 0 
95021 1426 624 111 4 596 113 2 318 1734 28 3 10 10 0 
95131 1285 589 105 5 601 117 8 359 1755 28 3 7 7 0 
95225 1296 595 106 5 600 102 7 345 1667 25 10 4 12 1 
95019 1395 620 109 6 578 101 11 354 1765 16 3 10 13 0 
95121 1280 591 124 6 574 118 7 357 1778 21 4 11 8 0 
94988 1344 594 128 8 618 109 4 347 1818 20 5 9 8 0 
95154 1331 597 117 4 540 100 2 357 1739 30 3 10 16 0 
95056 1375 618 95 6 575 111 6 334 1758 37 8 9 12 0 
95231 1257 599 94 7 612 119 7 338 1686 24 5 14 7 0 
95149 1356 533 104 4 575 118 7 361 1751 26 2 8 6 0 
95147 1203 608 124 7 589 99 5 339 1827 19 5 15 13 0 
95170 1276 613 115 8 600 117 7 348 1701 22 4 11 7 1 
95056 1362 652 116 4 608 109 5 350 1680 36 4 6 12 0 
95107 1339 582 109 6 575 125 5 350 1745 30 5 11 11 0 
95000 1318 632 117 4 617 122 8 357 1780 27 3 6 9 0 
95122 1310 611 93 7 594 117 7 360 1735 30 5 6 3 0 
95225 1329 605 100 4 566 97 7 363 1654 25 1 12 12 0 
94942 1391 617 134 7 605 133 8 364 1738 39 6 7 9 0 
95105 1300 614 118 12 622 121 9 328 1724 23 7 10 7 0 
95085 1338 583 104 5 592 98 5 407 1734 19 4 9 17 0 
95141 1302 604 109 9 543 108 8 350 1773 28 5 10 10 0 
95143 1346 610 106 4 585 124 12 345 1682 22 9 4 8 0 
95143 1283 615 116 4 602 103 6 366 1727 18 1 12 4 0 
95134 1309 595 116 9 607 98 4 363 1714 18 6 13 14 0 
95041 1314 648 122 1 637 127 9 351 1698 30 8 5 9 0 
94951 1327 662 106 11 626 106 5 356 1799 29 3 9 10 0 
95102 1352 602 117 9 553 105 3 364 1747 19 9 7 11 0 
95135 1286 591 105 10 577 102 9 352 1791 20 4 7 11 0 
95212 1364 553 108 4 566 100 6 317 1721 21 8 10 10 0 
95087 1351 588 112 3 617 115 9 362 1707 25 5 7 12 0 
95041 1348 545 120 9 589 98 5 310 1888 24 5 7 11 0 
95052 1274 616 124 3 632 147 7 380 1727 19 7 4 8 0 
94969 1375 591 115 8 609 104 5 406 1777 16 6 6 13 0 
95141 1322 618 127 5 594 109 6 337 1687 26 7 9 12 0 
95270 1285 553 112 6 570 106 6 353 1697 20 2 12 8 0 
95062 1373 641 119 3 589 102 5 370 1676 31 11 6 12 0 
95139 1356 561 96 3 575 115 4 353 1767 14 4 8 5 0 
95143 1252 604 110 8 616 103 2 348 1778 16 8 5 7 0 
95072 1327 612 118 9 605 95 7 341 1761 28 6 10 9 0 
94999 1337 613 109 6 649 123 11 344 1771 19 4 9 6 0 
95164 1310 586 124 7 622 155 4 332 1656 18 10 3 9 0 
95230 1302 590 112 5 564 124 6 339 1673 25 6 9 14 1 
94976 1372 606 103 4 643 108 6 336 1799 30 3 7 7 0 
95023 1353 575 122 5 655 86 8 367 1762 26 6 9 3 0 
95126 1331 570 127 7 595 113 6 341 1748 17 5 9 5 0 
95114 1259 599 129 2 604 114 6 363 1761 18 6 17 8 0 
95063 1348 624 109 5 599 93 4 362 1747 27 4 5 10 0 
95193 1322 593 98 6 584 118 6 352 1680 17 6 12 13 0 
95035 1394 543 102 7 583 123 10 363 1780 34 3 12 11 0 
95078 1338 627 116 2 590 121 6 349 1716 31 3 8 15 0 
95095 1296 581 120 5 617 125 4 371 1733 22 6 12 13 0 
94985 1337 628 111 7 588 101 9 355 1825 27 7 8 11 1 
95114 1270 626 102 5 617 118 5 346 1756 24 5 6 6 0 
95158 1317 573 119 7 537 108 8 357 1779 22 4 6 5 0 
95103 1278 621 116 6 582 95 5 360 1783 25 4 14 8 0 
95114 1374 566 103 10 578 119 15 314 1757 20 4 15 11 0 
95082 1327 602 98 12 599 113 10 349 1751 34 4 10 9 0 
