95193 1116 615 199 9 718 123 4 240 1744 18 2 10 9 0 
95192 1146 580 203 7 692 115 9 287 1711 19 7 10 22 0 
95152 1122 627 214 9 649 125 7 237 1813 21 4 12 8 0 
95254 1117 613 176 3 672 103 6 257 1752 20 5 10 11 1 
95230 1121 605 209 8 683 114 9 246 1738 16 3 6 12 0 
95142 1167 605 228 4 720 102 10 279 1688 20 3 16 16 0 
95266 1117 574 181 7 664 89 6 272 1782 23 7 6 6 0 
95328 1059 599 178 11 685 109 9 269 1712 13 8 10 10 0 
95182 1150 607 214 6 715 120 7 239 1710 18 3 13 16 0 
95112 1177 609 225 6 695 103 9 264 1742 31 4 7 16 0 
95225 1108 612 217 8 693 114 5 260 1704 16 5 9 24 0 
95155 1173 654 231 5 660 103 8 283 1682 20 7 8 11 0 
95111 1105 631 244 7 708 108 5 259 1777 17 3 10 15 0 
95315 1124 584 179 2 718 114 3 224 1687 21 4 9 16 0 
95283 1118 608 197 6 681 94 1 285 1686 17 2 9 13 0 
95180 1122 558 226 10 686 103 8 271 1784 18 5 10 19 0 
95364 1084 559 227 9 691 105 4 237 1673 22 5 7 13 0 
95235 1165 610 215 11 665 87 4 263 1703 12 7 11 12 0 
95268 1111 593 180 7 706 114 13 237 1728 18 9 7 9 0 
95226 1054 614 187 15 663 128 6 265 1802 17 2 10 11 0 
95072 1179 588 204 5 698 126 5 268 1803 21 5 11 15 0 
95138 1139 574 177 4 758 108 10 254 1787 25 5 11 10 0 
95235 1112 591 207 3 702 123 6 261 1707 23 1 8 21 0 
95207 1120 615 193 9 690 124 6 249 1745 14 9 8 11 0 
95284 1038 588 234 8 732 114 9 244 1700 19 6 13 11 0 
95029 1200 633 219 5 660 114 7 272 1814 20 5 6 16 0 
95186 1183 562 193 11 739 120 6 254 1699 22 3 10 12 0 
95222 1121 562 209 6 693 122 7 257 1752 20 3 11 15 0 
95241 1133 615 194 7 663 95 4 244 1767 16 4 5 12 0 
95037 1197 594 210 7 667 117 3 281 1855 15 1 8 8 0 
95233 1151 570 184 4 674 101 9 242 1780 23 3 14 12 0 
95226 1148 610 182 7 709 115 4 233 1721 21 5 10 9 0 
95174 1150 619 197 5 670 117 4 253 1771 14 4 7 15 0 
95208 1140 612 190 7 668 120 6 274 1742 16 2 4 11 0 
95209 1110 581 183 5 685 124 8 294 1748 22 5 15 11 0 
95294 1119 618 199 11 668 103 7 245 1684 14 6 14 18 0 
95319 1168 575 190 3 637 115 7 240 1701 17 4 6 18 0 
95204 1088 598 219 7 722 116 9 249 1744 17 6 10 10 1 
95205 1143 623 202 4 737 104 5 251 1691 12 6 7 10 0 
95287 1091 564 194 10 699 95 5 265 1743 17 8 9 13 0 
95140 1104 627 211 8 712 113 6 261 1777 18 5 8 10 0 
95156 1131 590 216 9 720 105 4 264 1758 22 6 12 7 0 
95243 1134 625 203 5 667 100 5 253 1719 16 4 10 16 0 
95265 1123 585 200 6 683 110 12 237 1729 25 4 7 14 0 
95189 1167 583 222 7 679 110 7 278 1713 25 5 7 8 0 
95168 1124 592 217 6 702 102 8 253 1778 22 2 13 13 0 
95204 1180 578 202 4 666 110 3 246 1770 16 2 7 12 0 
95205 1114 600 200 4 687 105 3 269 1778 14 3 13 5 0 
95136 1131 637 216 3 712 99 6 253 1756 26 4 9 12 0 
95205 1130 574 234 8 710 116 5 228 1743 24 4 5 14 0 
95195 1124 600 202 13 703 116 11 263 1724 15 5 17 12 0 
95334 1127 579 191 4 664 117 10 247 1685 19 6 7 10 0 
95186 1155 595 233 9 661 99 6 265 1753 19 4 8 7 0 
95102 1193 607 212 5 686 135 10 212 1793 19 5 9 12 0 
95119 1140 609 194 7 702 112 8 289 1780 16 1 12 11 0 
95174 1128 636 227 8 668 94 8 252 1754 19 3 12 17 0 
95142 1116 614 209 8 717 106 8 255 1781 21 5 4 14 0 
95238 1093 570 201 4 690 119 7 251 1775 27 5 9 11 0 
95305 1124 612 181 8 651 107 5 249 1710 21 4 9 12 2 
95300 1055 612 205 7 691 117 4 254 1713 15 3 9 15 0 
95293 1107 583 204 6 666 97 8 244 1754 19 3 3 13 0 
95078 1136 614 200 6 741 113 6 239 1824 16 5 7 15 0 
95254 1099 603 195 6 727 125 8 269 1669 22 7 8 8 0 
95155 1201 528 200 1 741 116 9 269 1725 24 10 11 10 0 
95184 1126 589 209 8 698 126 10 269 1735 9 9 10 17 1 
95206 1105 597 210 7 719 103 5 253 1747 23 2 9 14 0 
95192 1106 597 239 6 701 104 9 252 1753 15 6 7 13 0 
95249 1093 603 192 9 669 109 12 257 1769 17 5 10 6 0 
95274 1125 556 211 9 694 102 5 244 1734 22 6 7 11 0 
94992 1170 624 236 6 704 127 4 265 1816 24 4 9 19 0 
95247 1122 592 190 6 715 107 5 286 1689 20 2 9 9 1 
95184 1133 631 204 4 668 110 5 258 1751 20 8 12 12 0 
95223 1132 611 203 7 691 98 5 234 1744 23 5 17 6 1 
95273 1096 604 219 9 690 100 8 242 1710 12 6 10 21 0 
95232 1149 600 212 6 656 125 5 232 1731 20 9 11 12 0 
95170 1144 562 218 9 704 113 9 259 1766 15 6 13 12 0 
95116 1163 653 204 6 703 117 6 261 1726 20 5 12 8 0 
95125 1103 588 225 12 712 116 3 264 1807 24 5 6 10 0 
95127 1134 617 192 4 680 121 6 266 1792 20 7 19 15 0 
95200 1109 603 200 6 704 105 4 290 1725 20 2 14 18 0 
95264 1161 571 192 13 670 117 10 256 1694 21 5 11 15 0 
95151 1084 568 228 6 742 107 9 263 1798 22 5 4 13 0 
95171 1175 575 200 16 711 128 11 275 1693 16 8 7 14 0 
95319 1124 540 215 4 681 99 10 251 1703 19 6 15 12 2 
95236 1106 606 206 8 702 107 5 293 1688 13 5 9 16 0 
95347 1105 555 194 10 692 113 4 241 1695 18 9 10 7 0 
95056 1163 619 217 7 701 124 7 265 1801 15 6 9 10 0 
95185 1122 638 219 5 678 107 2 261 1735 25 8 5 10 0 
95227 1157 557 217 3 673 97 6 218 1799 22 4 7 13 0 
95221 1124 614 206 10 662 127 2 242 1725 35 5 15 12 0 
95174 1100 652 207 7 686 104 7 263 1747 17 3 15 17 1 
95181 1112 637 190 12 722 105 6 269 1717 21 7 9 12 0 
95092 1158 602 205 6 724 127 8 263 1767 17 7 9 14 1 
95119 1128 640 192 11 692 101 3 243 1834 18 5 8 6 0 
95261 1133 604 187 8 667 91 8 248 1739 20 7 15 12 0 
95226 1150 581 196 6 695 128 8 246 1714 16 3 11 20 0 
95262 1065 604 216 5 699 117 7 245 1732 20 11 7 10 0 
95146 1166 632 222 10 665 96 9 259 1748 21 3 10 13 0 
95389 1054 561 176 1 653 118 7 254 1743 16 2 12 14 0 
95221 1162 595 196 8 691 113 7 253 1723 12 1 5 13 0 
95246 1086 644 208 5 676 124 13 257 1693 24 8 4 12 0 
95260 1184 568 202 10 692 110 6 253 1679 11 8 7 10 0 
95212 1130 581 195 7 664 121 9 268 1766 18 6 9 14 0 
95304 1098 588 186 9 650 105 7 284 1716 18 4 17 14 0 
95187 1083 636 201 9 730 121 2 263 1737 15 6 6 4 0 
95170 1138 571 203 10 720 108 7 276 1758 17 6 8 8 0 
95290 1071 574 190 6 684 115 5 234 1794 13 5 7 12 0 
95079 1137 624 203 10 753 135 7 271 1738 26 2 4 11 0 
95172 1147 614 188 6 704 125 7 263 1730 21 5 9 9 0 
95229 1100 613 223 5 689 99 5 254 1741 18 6 6 12 0 
95208 1165 635 197 5 682 115 6 230 1720 15 6 6 10 0 
95221 1080 593 195 11 636 107 6 256 1847 24 4 6 13 1 
95346 1106 583 191 5 659 104 7 244 1721 13 3 11 7 0 
95175 1152 607 221 5 677 114 6 246 1747 22 6 7 15 0 
95108 1138 623 235 8 693 119 9 264 1761 19 0 6 17 0 
95124 1188 580 222 11 686 103 7 257 1777 21 4 10 10 0 
95236 1160 592 192 7 684 114 6 229 1734 15 10 6 15 0 
95283 1097 581 184 6 685 125 8 249 1737 18 6 10 11 0 
95229 1118 619 187 7 662 114 3 244 1764 16 9 11 17 0 
95310 1084 580 216 7 690 112 5 260 1688 22 7 6 13 0 
95210 1123 599 188 9 716 103 7 242 1752 24 1 12 14 0 
95140 1145 609 189 5 706 116 10 256 1778 17 6 12 11 0 
95303 1059 595 184 7 684 102 6 245 1771 11 5 17 11 0 
95166 1152 606 194 10 695 114 3 256 1748 20 6 13 17 0 
95078 1247 612 206 3 692 99 5 251 1760 18 5 7 17 0 
95237 1114 610 190 7 674 126 8 240 1731 27 6 11 19 0 
95153 1121 642 209 11 679 101 3 282 1762 7 6 9 15 0 
95172 1097 616 182 6 710 102 5 271 1791 22 6 10 10 0 
95241 1106 559 198 10 686 118 6 276 1751 19 6 10 14 0 
95202 1087 615 237 10 647 122 13 256 1760 18 6 10 17 0 
95155 1148 627 200 7 670 120 6 240 1798 12 4 8 5 0 
95130 1134 606 208 8 722 113 4 254 1784 20 4 8 5 0 
95190 1147 587 198 6 688 117 10 244 1757 23 6 11 16 0 
95251 1082 632 191 8 691 96 5 277 1718 24 4 7 14 0 
95136 1160 594 205 5 677 103 9 252 1812 25 5 5 12 0 
95144 1138 598 188 2 697 107 9 257 1807 22 8 7 15 1 
95140 1149 652 208 5 699 88 7 241 1767 16 4 13 10 1 
95247 1088 639 187 11 693 127 8 237 1712 26 4 8 13 0 
95220 1080 608 208 4 717 130 4 238 1737 21 1 11 21 0 
95259 1061 588 232 6 668 115 4 262 1770 12 8 4 11 0 
95204 1167 621 210 5 671 114 7 247 1702 24 5 7 15 1 
95211 1113 596 217 10 672 119 6 261 1754 19 4 9 9 0 
95120 1075 638 224 8 698 127 11 274 1773 18 7 9 17 1 
95115 1203 587 222 9 695 120 10 252 1749 13 4 10 11 0 
95114 1205 638 215 9 710 89 7 236 1728 21 6 10 12 0 
95315 1068 576 211 8 708 104 9 274 1681 20 5 12 9 0 
95248 1115 578 195 8 718 110 5 257 1720 18 6 12 10 0 
95123 1192 583 217 3 686 125 6 255 1760 20 7 11 12 0 
95286 1089 594 195 2 666 121 10 280 1704 25 4 11 13 0 
95184 1145 630 219 6 736 110 13 263 1659 19 4 2 10 0 
95176 1135 641 198 8 644 117 8 261 1758 24 7 11 12 0 
95317 1076 620 220 4 697 102 7 220 1701 17 2 8 9 0 
95235 1129 587 209 12 688 110 8 245 1733 20 4 7 13 0 
95176 1162 597 201 4 670 97 12 265 1780 18 8 2 8 0 
95119 1200 640 228 7 682 114 6 269 1689 16 5 11 14 0 
95200 1121 624 192 7 673 97 8 245 1791 19 2 10 10 1 
95260 1129 599 182 6 674 116 6 254 1732 15 7 9 11 0 
95245 1121 570 199 5 695 113 8 238 1763 13 5 8 17 0 
95279 1073 582 201 7 725 92 4 245 1741 18 6 11 16 0 
95108 1215 633 216 7 696 98 3 257 1721 22 5 4 15 0 
95173 1168 605 187 3 726 102 4 260 1715 21 4 13 19 0 
95223 1091 607 218 4 708 116 10 266 1711 20 4 12 10 0 
95155 1144 638 219 8 679 112 11 278 1706 19 10 11 10 0 
95164 1112 630 210 4 678 117 5 269 1764 21 6 10 10 0 
95150 1095 596 190 5 690 96 10 275 1854 14 2 13 10 0 
95110 1142 654 204 9 711 123 7 256 1745 20 8 6 5 0 
95341 1057 590 171 8 713 117 7 255 1703 19 4 5 10 0 
95249 1091 592 194 3 703 101 6 277 1735 18 7 7 17 0 
95193 1130 571 203 7 681 104 6 258 1804 17 6 12 8 0 
95192 1150 610 205 8 684 118 8 261 1719 18 4 5 18 0 
95267 1098 583 184 5 683 109 6 265 1755 17 8 7 13 0 
95181 1114 594 221 4 650 118 6 228 1837 14 7 10 16 0 
95125 1093 634 209 6 702 124 8 251 1805 20 0 12 11 0 
95261 1122 568 189 8 677 104 2 240 1777 23 6 6 17 0 
95186 1113 590 212 6 675 95 5 275 1792 21 9 9 12 0 
95266 1101 637 194 8 651 100 6 245 1731 25 8 16 12 0 
95221 1129 613 191 6 706 106 4 253 1728 21 5 9 8 0 
95119 1174 600 218 6 677 112 5 251 1799 12 2 7 18 0 
95190 1166 584 200 8 679 118 10 272 1738 16 2 4 13 0 
95240 1087 567 196 5 692 107 8 232 1820 23 5 9 9 0 
95345 1133 597 178 8 664 101 7 215 1695 25 3 14 15 0 
95259 1148 615 180 6 690 118 7 251 1687 15 3 9 12 0 
95158 1099 571 222 7 706 109 6 285 1797 28 0 6 5 1 
95261 1159 556 190 4 686 97 4 269 1726 14 5 13 16 0 
95188 1162 587 211 13 696 128 6 264 1698 26 5 7 9 0 
95219 1171 545 213 5 675 124 14 253 1730 24 7 10 10 0 
95262 1125 576 191 7 689 105 4 280 1711 17 7 11 15 0 
95152 1142 620 196 6 666 114 10 261 1790 20 5 4 14 0 
95124 1163 607 216 7 692 110 6 256 1780 12 7 7 13 0 
95330 1096 589 190 11 665 116 9 268 1680 18 9 7 12 0 
95214 1070 592 210 5 699 94 7 287 1771 25 4 11 11 0 
95204 1164 569 195 8 703 88 6 299 1719 19 2 9 15 0 
95227 1110 612 200 7 680 105 6 251 1757 17 5 8 15 0 
95229 1143 617 211 5 709 111 3 254 1675 15 5 12 11 0 
95172 1087 623 214 5 738 108 2 245 1764 18 2 11 11 0 
95247 1131 603 191 7 725 121 4 253 1681 17 3 4 13 0 
95162 1120 586 201 9 709 129 8 226 1807 16 3 12 12 0 
95242 1093 592 211 9 694 126 4 239 1737 28 6 6 13 0 
95129 1100 645 215 7 691 111 10 261 1787 17 5 11 10 1 
95295 1154 585 204 9 662 131 4 223 1692 22 5 5 9 0 
95145 1142 609 203 5 726 123 3 250 1751 17 6 5 14 1 
95107 1153 605 209 10 685 123 7 252 1802 20 3 9 15 0 
95145 1147 606 221 5 693 116 4 252 1760 17 8 9 17 0 
95140 1150 569 221 6 713 112 12 268 1768 15 4 7 14 1 
95214 1160 635 197 5 697 116 6 228 1705 19 1 10 7 0 
95193 1156 573 183 6 727 97 7 238 1775 19 2 10 14 0 
95226 1138 569 218 8 694 119 3 249 1732 19 9 7 9 0 
95321 1130 615 198 6 670 96 7 224 1692 19 6 7 9 0 
95293 1112 579 205 11 658 131 11 244 1707 28 3 6 12 0 
95117 1184 589 243 6 719 94 8 265 1736 20 3 9 7 0 
95315 1065 608 212 8 664 124 4 276 1683 17 2 8 14 0 
95214 1111 625 220 13 678 107 5 237 1750 15 3 11 11 0 
95257 1083 575 195 9 717 113 10 273 1727 21 5 6 9 0 
95134 1109 649 208 8 705 108 6 254 1779 22 4 5 9 0 
95270 1078 598 206 10 707 116 12 259 1704 15 3 7 15 0 
95264 1124 608 200 8 685 108 2 241 1704 24 5 11 16 0 
95184 1146 576 228 3 711 110 10 248 1722 29 6 14 13 0 
95114 1171 615 188 3 711 113 5 251 1783 23 7 5 11 0 
95306 1124 616 192 8 672 106 3 243 1686 15 3 11 15 0 
95243 1086 561 213 5 654 114 6 246 1819 25 7 7 14 0 
95194 1113 637 206 12 683 113 2 271 1729 15 3 8 14 0 
95140 1168 573 233 4 699 101 4 268 1762 18 8 11 11 0 
95198 1122 595 213 10 714 102 11 273 1720 18 6 7 11 0 
95180 1116 590 202 5 697 98 8 249 1806 19 5 9 16 0 
95235 1146 619 211 12 682 122 5 229 1696 15 3 11 14 0 
95324 1069 589 195 3 704 103 7 229 1735 17 4 8 13 0 
95115 1107 630 213 9 670 115 7 259 1815 27 8 17 8 0 
95250 1146 559 216 6 688 108 6 227 1740 28 4 9 13 0 
95173 1154 582 230 2 689 118 4 241 1753 19 4 10 20 1 
95037 1209 618 213 6 708 122 7 235 1803 16 5 9 12 0 
95209 1165 571 184 9 718 110 10 250 1729 21 6 6 12 0 
95108 1145 641 214 9 750 105 7 272 1694 24 3 11 17 0 
95243 1125 643 199 11 687 123 7 264 1663 13 2 10 10 0 
95258 1092 606 216 5 710 109 4 219 1733 27 3 8 10 0 
95113 1173 641 198 4 702 125 8 226 1768 15 4 11 12 0 
95212 1184 610 212 8 656 104 10 264 1708 15 2 9 6 0 
95177 1155 609 203 9 682 116 8 235 1770 13 8 10 5 0 
95256 1058 631 185 5 703 111 6 231 1769 21 5 10 9 0 
95103 1171 581 217 7 679 116 9 278 1786 27 2 10 14 0 
95227 1176 577 174 10 719 102 4 250 1713 23 4 12 9 0 
95018 1150 616 191 2 749 110 2 255 1854 20 5 18 10 0 
95204 1189 583 204 5 706 90 2 252 1711 17 7 11 18 1 
95278 1133 604 198 12 671 104 6 259 1699 20 2 5 9 0 
95181 1164 604 201 8 663 108 2 256 1761 21 5 8 18 0 
95228 1134 621 177 6 707 129 4 213 1736 18 4 12 11 0 
95245 1116 557 197 4 703 104 5 247 1769 15 10 17 10 1 
95225 1131 623 217 6 699 111 9 251 1672 29 6 7 13 1 
95205 1136 612 203 8 723 106 1 237 1729 18 5 8 9 0 
95209 1123 561 189 8 719 107 5 303 1723 14 5 11 23 0 
95317 1139 622 189 6 669 105 7 245 1656 23 5 10 7 0 
95237 1148 539 196 6 644 105 7 244 1823 19 6 10 16 0 
95283 1108 592 222 9 689 101 9 265 1672 23 7 9 11 0 
95083 1159 578 204 4 722 140 8 286 1754 29 6 12 15 0 
95166 1170 570 190 6 691 128 5 244 1782 12 3 11 22 0 
95180 1083 633 194 6 667 124 8 289 1760 24 10 6 16 0 
95077 1154 602 242 4 704 111 3 274 1782 23 6 9 9 0 
95134 1136 589 174 4 754 132 12 251 1767 15 5 11 16 0 
95338 1047 573 225 7 686 104 2 275 1696 17 6 11 13 0 
95300 1079 588 200 1 685 117 2 236 1747 15 3 13 14 0 
95211 1074 612 194 3 699 112 5 257 1778 28 4 8 15 0 
95131 1102 603 227 8 740 115 9 253 1760 25 4 12 11 0 
95112 1155 602 226 7 718 98 8 272 1746 24 5 13 14 0 
95198 1128 614 216 5 728 116 7 225 1713 19 4 11 16 0 
95212 1070 602 167 5 708 117 14 251 1807 27 5 5 10 0 
95161 1111 612 218 12 720 119 10 271 1714 17 6 11 18 0 
95172 1115 601 188 4 719 112 5 249 1804 12 2 8 9 0 
95179 1124 565 209 3 687 113 7 275 1780 20 3 15 20 0 
95147 1120 610 210 11 715 105 10 263 1756 21 6 12 14 0 
95351 1091 558 192 8 742 113 8 268 1630 19 4 7 9 0 
95269 1084 616 198 5 677 114 3 239 1755 22 2 5 11 0 
95350 1068 597 192 4 671 113 9 271 1681 19 6 9 10 0 
95206 1146 596 219 4 709 108 7 239 1722 16 6 11 11 0 
95262 1097 592 181 11 672 106 6 240 1800 18 2 7 6 0 
95298 1106 576 193 7 685 114 6 248 1709 22 10 9 17 0 
95216 1158 597 215 6 702 98 8 251 1705 16 7 10 11 0 
95160 1091 634 227 7 701 127 4 251 1745 24 5 10 14 0 
95116 1132 674 211 8 712 105 7 253 1735 19 7 7 14 0 
95239 1104 577 191 6 677 93 8 267 1787 20 6 13 12 0 
95111 1113 643 229 7 696 99 3 263 1787 14 6 12 17 0 
95279 1115 599 204 3 678 123 5 271 1677 17 9 12 8 0 
95154 1140 632 195 7 687 119 5 226 1784 26 4 9 12 0 
95178 1137 586 210 7 692 131 10 276 1723 19 2 13 16 0 
95278 1145 556 190 5 664 130 6 247 1740 15 3 7 14 0 
95245 1123 569 198 4 705 105 6 242 1760 18 4 10 11 0 
95286 1059 648 191 6 697 94 3 238 1738 15 1 7 17 0 
95193 1137 599 192 6 687 113 12 263 1738 25 10 11 14 0 
95117 1151 598 209 9 680 119 6 280 1775 27 9 9 11 0 
95099 1177 595 185 8 715 112 6 235 1821 19 8 11 9 0 
95172 1128 599 193 9 701 143 10 231 1765 19 5 14 10 1 
95282 1097 584 192 5 672 117 3 244 1752 25 6 10 11 0 
95108 1151 663 213 13 704 124 2 254 1739 13 1 7 8 0 
95258 1125 580 178 5 687 114 6 246 1757 23 4 10 7 0 
95200 1106 595 206 6 700 109 10 267 1768 18 2 3 10 0 
95297 1093 582 208 7 661 113 5 225 1756 26 6 5 14 2 
95181 1104 612 218 7 733 102 3 272 1727 19 3 8 10 1 
95118 1159 639 199 6 707 95 10 264 1753 21 5 13 11 0 
95210 1147 576 220 3 702 105 7 257 1730 20 2 9 12 0 
95101 1102 595 196 10 751 115 6 258 1808 22 10 12 13 1 
95260 1065 594 219 4 677 97 7 287 1737 19 9 10 15 0 
95158 1120 581 223 9 688 119 8 240 1802 22 4 10 16 0 
95230 1104 613 216 12 699 105 9 268 1696 24 7 8 9 0 
95346 1108 578 201 3 639 115 5 244 1715 18 3 10 15 0 
95283 1074 564 203 11 678 119 6 259 1755 22 2 11 13 0 
95171 1117 653 188 4 724 101 4 242 1737 30 4 8 17 0 
95228 1117 593 199 9 661 133 8 242 1764 20 5 13 8 0 
95117 1150 655 199 8 691 139 6 207 1774 22 4 12 16 0 
95211 1139 552 214 4 681 111 12 248 1788 15 5 6 14 0 
95122 1150 648 194 6 669 105 5 267 1788 21 3 7 15 0 
95223 1114 606 202 2 673 113 8 254 1757 13 10 10 15 0 
95174 1105 603 244 9 708 107 9 248 1755 12 0 14 12 0 
95221 1131 564 194 7 724 104 4 272 1736 18 3 10 12 0 
95279 1109 563 207 8 718 108 8 231 1729 23 0 8 9 0 
95244 1155 595 209 5 642 104 6 254 1734 22 8 7 15 0 
95301 1168 547 200 3 697 91 7 250 1685 22 9 7 13 0 
95234 1131 571 207 4 729 117 5 246 1696 33 6 13 8 0 
95172 1138 609 202 6 698 101 8 236 1787 13 5 9 16 0 
95144 1133 595 216 10 741 111 5 248 1758 15 4 12 8 0 
95174 1158 615 193 8 711 117 12 260 1716 13 5 8 10 0 
95318 1060 607 187 6 696 109 4 237 1733 16 6 14 7 0 
95205 1115 579 203 8 711 103 7 282 1742 21 1 13 10 0 
95106 1160 595 204 10 675 112 8 262 1818 22 7 9 12 0 
95077 1167 588 211 5 734 109 11 251 1793 20 9 13 12 0 
95192 1138 589 202 7 654 110 4 247 1808 23 4 9 13 0 
95174 1125 598 193 4 708 104 6 275 1772 13 7 9 12 0 
95105 1146 624 219 7 710 107 7 246 1776 25 5 10 13 0 
95159 1122 635 199 9 667 118 8 284 1757 19 7 3 13 0 
95283 1069 604 194 8 657 110 11 243 1772 21 6 8 14 0 
95245 1143 617 214 6 680 102 7 279 1666 17 6 10 8 0 
95244 1072 581 203 1 735 99 7 255 1772 17 4 3 7 0 
95179 1175 577 208 5 687 105 5 287 1727 17 5 13 10 0 
95308 1096 572 180 7 691 100 10 251 1738 16 10 6 15 0 
95221 1119 619 185 6 689 101 6 269 1743 25 3 6 8 0 
95274 1147 599 210 7 639 114 5 246 1716 20 8 8 7 0 
95125 1196 637 181 4 702 94 10 272 1730 22 3 11 13 0 
95118 1181 594 201 10 676 125 4 240 1799 24 6 7 15 0 
95177 1161 619 172 12 696 127 7 205 1790 17 5 6 6 0 
95076 1137 625 197 7 733 111 10 243 1813 23 6 7 12 0 
95138 1127 592 217 10 702 126 6 275 1775 9 4 7 12 0 
95196 1204 581 213 10 661 87 6 254 1732 23 10 8 15 0 
95124 1150 565 184 6 698 113 5 269 1829 20 8 16 13 0 
95296 1081 587 187 8 701 121 6 243 1722 22 5 9 12 0 
95318 1105 584 199 11 660 100 9 245 1725 16 9 9 9 1 
95202 1070 619 215 5 704 110 8 247 1771 24 4 11 10 0 
95125 1140 580 210 4 753 113 6 254 1776 14 2 13 10 0 
95114 1160 590 221 5 687 118 6 255 1794 15 12 9 14 0 
95179 1110 673 176 10 694 109 5 275 1732 16 2 7 12 0 
95334 1107 592 196 5 708 107 5 232 1663 21 3 13 14 0 
95172 1089 582 211 7 736 111 7 248 1793 17 7 8 12 0 
95269 1119 599 207 10 641 121 10 257 1727 14 6 7 13 0 
95292 1091 600 186 3 665 104 7 265 1745 17 7 8 10 0 
95292 1122 594 197 10 711 117 11 217 1693 13 2 8 12 1 
95328 1098 552 211 9 694 114 2 240 1709 20 4 11 8 0 
95098 1180 601 185 7 728 109 6 261 1780 13 6 12 14 0 
95078 1166 644 211 10 716 108 7 255 1754 28 1 8 14 0 
95258 1086 600 184 7 701 100 4 240 1782 14 3 11 8 2 
95275 1154 598 186 5 689 102 7 246 1692 15 4 10 16 1 
95292 1045 603 189 10 673 133 7 235 1765 20 4 8 16 0 
95128 1194 603 200 4 708 95 5 275 1743 21 7 7 10 0 
95206 1094 614 188 5 680 114 8 275 1775 10 8 10 13 0 
95203 1107 608 217 4 698 111 5 235 1770 19 4 10 8 1 
95278 1168 559 190 7 685 112 6 230 1708 24 6 11 16 0 
95056 1160 636 210 10 729 125 5 242 1764 25 3 14 19 2 
95313 1074 599 202 6 682 98 8 264 1711 16 7 10 10 0 
95085 1146 636 220 9 718 116 4 271 1752 19 5 8 11 0 
95249 1104 602 219 6 693 97 12 275 1702 16 1 8 16 0 
95300 1090 583 174 9 678 107 8 289 1726 15 4 6 11 0 
95172 1128 615 202 4 715 106 4 232 1767 21 5 13 15 1 
95120 1123 595 220 8 721 118 6 259 1790 11 4 11 14 0 
95103 1151 620 191 7 749 118 7 228 1788 12 8 8 10 0 
95195 1095 589 206 5 744 125 7 238 1748 23 2 10 13 0 
95207 1135 583 219 9 723 109 2 270 1706 17 4 6 10 0 
95134 1159 627 195 6 731 123 4 248 1727 21 6 9 10 0 
95297 1094 597 213 5 708 126 7 250 1663 18 3 7 11 1 
95056 1194 627 218 10 681 113 7 277 1770 24 5 6 12 0 
95201 1058 624 186 7 684 116 8 251 1810 28 7 5 15 0 
95319 1053 573 212 10 668 109 6 268 1729 22 3 11 17 0 
95186 1216 601 209 4 655 104 7 244 1726 20 3 6 18 1 
95362 1125 561 203 6 644 112 6 241 1696 20 4 12 8 0 
95213 1097 602 191 5 723 102 9 246 1771 15 5 7 14 0 
95117 1163 627 230 11 679 109 4 253 1753 19 4 14 17 0 
95247 1130 608 198 6 653 115 6 265 1721 21 5 11 14 0 
95152 1105 628 206 5 726 114 1 251 1764 16 7 14 11 0 
95130 1164 554 224 6 706 117 6 226 1830 13 2 13 9 0 
95200 1126 593 212 5 706 116 5 252 1737 16 1 13 18 0 
95237 1106 602 218 7 703 100 1 254 1715 29 3 12 13 0 
95242 1067 640 201 6 668 121 5 259 1742 24 3 12 10 0 
95169 1190 604 186 8 678 116 4 292 1693 28 4 14 13 1 
95305 1092 547 217 8 663 123 4 269 1728 18 3 10 12 1 
95138 1188 588 195 8 728 77 3 254 1774 19 5 8 15 0 
95150 1131 655 222 10 676 104 3 261 1728 25 6 8 21 0 
95142 1146 584 209 5 769 120 6 235 1750 15 2 9 8 0 
95329 1100 594 194 10 699 110 6 237 1687 18 4 4 8 0 
95288 1067 589 223 7 712 105 7 244 1709 18 9 9 13 0 
95250 1079 578 199 7 702 129 6 253 1756 18 2 9 12 0 
95175 1180 646 192 8 722 114 6 220 1694 18 2 8 15 0 
95250 1099 657 214 7 690 119 6 273 1638 17 7 11 12 0 
95100 1129 619 203 16 741 115 11 238 1783 23 4 6 11 1 
95298 1158 583 202 4 685 114 9 223 1669 27 9 9 10 0 
95095 1098 631 219 8 707 109 6 257 1829 16 7 12 5 1 
95136 1114 606 197 3 723 105 11 272 1781 28 3 9 12 0 
95280 1096 572 189 4 677 133 8 261 1729 19 5 12 15 0 
95200 1140 612 201 8 703 117 5 249 1716 23 3 13 10 0 
95143 1179 586 222 4 699 114 10 285 1701 25 4 8 20 0 
95253 1117 577 200 7 705 109 5 286 1700 10 5 10 16 0 
95167 1124 602 215 1 720 137 1 220 1766 20 4 5 18 0 
95192 1120 603 214 5 689 106 2 278 1753 16 3 5 14 0 
95283 1102 583 215 4 662 113 8 247 1740 20 2 11 10 0 
95149 1130 642 199 8 677 110 6 258 1776 19 4 9 13 0 
95110 1180 615 201 11 719 120 10 260 1737 17 4 4 12 0 
95268 1120 588 190 9 701 111 2 257 1709 15 7 9 14 0 
95176 1146 615 223 7 669 112 11 240 1754 13 6 10 18 0 
95274 1076 633 185 4 672 111 5 248 1746 15 8 7 16 0 
95105 1077 640 209 11 724 105 6 233 1832 26 8 11 13 0 
95162 1122 621 238 7 701 108 8 258 1722 22 5 9 17 0 
95148 1144 623 208 8 717 109 5 261 1734 18 7 7 11 0 
95218 1107 573 208 9 724 112 9 274 1726 16 4 6 14 0 
95254 1154 562 177 5 700 106 6 247 1741 21 7 9 11 0 
95252 1121 586 202 7 702 111 6 273 1699 17 4 12 8 0 
95167 1108 589 205 9 672 119 8 266 1804 29 5 7 11 1 
95180 1172 634 201 8 668 98 5 233 1752 22 7 10 10 0 
95150 1065 624 195 6 738 121 2 254 1807 16 5 4 13 0 
95203 1120 579 207 6 679 113 5 240 1807 19 4 8 10 0 
95225 1145 581 178 9 678 97 4 237 1803 16 3 9 15 0 
95274 1139 555 191 5 705 100 3 232 1754 19 1 14 7 1 
95262 1082 598 222 15 636 128 7 274 1721 25 4 12 14 0 
95164 1189 598 185 6 695 119 8 270 1711 22 9 9 15 0 
95074 1162 601 218 6 742 112 11 238 1790 16 2 11 17 0 
95299 1069 608 201 11 678 114 7 259 1702 17 6 13 16 0 
95256 1069 581 213 5 736 102 7 232 1756 18 8 8 9 0 
95235 1135 629 199 6 663 94 9 249 1744 13 3 14 7 0 
95155 1162 633 198 6 708 105 13 251 1725 23 2 9 10 0 
95245 1106 549 214 12 671 100 9 293 1756 19 5 6 15 0 
95146 1180 604 198 5 676 121 10 232 1789 15 2 12 10 0 
95219 1114 590 194 14 639 118 8 258 1796 15 6 15 14 0 
95223 1109 611 202 4 683 119 4 248 1748 21 7 8 13 0 
95241 1157 575 226 7 677 108 4 233 1730 22 9 2 9 0 
95144 1066 614 199 3 746 93 10 273 1807 24 5 5 11 0 
95084 1195 631 223 7 706 108 6 251 1736 27 5 12 9 0 
95105 1181 587 220 4 700 130 8 265 1761 14 1 8 16 0 
95188 1092 653 192 6 719 114 6 262 1709 22 6 12 19 0 
95151 1119 613 211 9 676 115 4 279 1787 18 2 8 8 0 
95268 1118 573 227 9 666 120 5 263 1712 14 3 11 11 0 
95174 1118 662 209 5 702 116 9 257 1706 23 5 6 8 0 
95237 1096 591 193 10 683 97 2 262 1794 12 5 9 9 0 
95165 1134 600 184 7 707 105 12 254 1787 21 4 10 10 0 
95138 1199 587 211 7 693 113 6 237 1756 22 3 10 17 1 
95088 1204 603 193 9 664 100 11 242 1831 23 9 9 14 0 
95207 1148 622 179 10 710 112 2 243 1711 18 4 18 16 0 
95184 1138 617 192 3 739 138 5 235 1713 16 4 6 10 0 
95179 1142 596 203 10 722 119 3 252 1728 19 3 11 13 0 
95025 1168 669 189 4 718 128 8 268 1777 18 6 10 12 0 
95159 1084 608 188 4 713 116 6 283 1802 22 3 4 7 1 
95101 1193 621 211 4 730 98 5 253 1735 17 8 15 9 0 
95184 1080 606 214 4 705 108 7 254 1783 31 6 9 9 0 
95274 1133 591 212 9 648 97 5 284 1698 23 11 7 8 0 
95229 1122 577 208 9 703 103 8 234 1757 19 5 9 17 0 
95191 1153 615 219 6 654 109 6 259 1734 24 3 12 15 0 
95182 1124 601 226 6 697 112 9 244 1759 19 4 8 9 0 
95236 1151 610 192 5 700 110 5 263 1691 14 4 8 11 0 
95148 1096 571 221 3 708 96 7 240 1870 13 3 10 14 0 
95204 1118 608 215 8 714 101 7 264 1724 9 2 16 10 0 
95221 1147 605 214 3 690 122 3 255 1676 26 6 12 20 0 
95137 1164 572 182 4 737 124 7 259 1772 12 3 16 11 0 
95201 1117 595 199 8 705 118 5 239 1764 14 7 12 16 0 
95156 1125 609 197 7 702 108 10 236 1800 23 9 4 14 0 
95301 1147 613 184 8 644 88 6 262 1699 25 2 6 15 0 
95188 1058 670 194 9 720 124 7 243 1745 19 3 7 13 0 
94985 1151 661 224 7 738 133 9 255 1787 20 5 11 14 0 
95241 1119 602 194 9 684 122 6 252 1720 24 6 8 13 0 
95211 1116 601 194 7 702 103 7 293 1724 17 6 7 12 0 
95115 1188 634 195 8 729 107 4 244 1734 19 7 5 11 0 
95050 1144 632 213 5 721 106 7 262 1812 24 4 11 9 0 
95151 1128 622 182 8 702 119 10 241 1790 14 7 12 14 0 
95177 1178 553 195 5 690 103 4 237 1816 17 6 5 14 0 
95234 1108 610 203 10 662 112 7 259 1745 26 4 7 13 0 
95204 1114 631 235 3 673 105 3 270 1720 25 5 10 2 0 
95145 1148 574 212 12 702 111 5 282 1771 17 5 8 8 0 
95169 1194 594 216 3 653 99 4 242 1785 14 4 12 11 0 
95146 1135 600 205 10 706 120 2 234 1799 16 9 12 6 0 
95145 1135 618 230 6 728 109 4 261 1722 22 2 10 8 0 
95310 1085 572 188 4 696 107 8 257 1728 17 3 11 14 0 
95116 1144 582 206 6 735 116 7 269 1773 19 4 9 14 0 
95262 1093 621 217 8 693 112 14 237 1707 13 1 11 11 0 
95280 1081 574 187 8 708 122 5 248 1729 23 9 12 14 0 
95125 1169 577 213 5 681 116 10 242 1806 18 5 13 19 1 
95070 1196 627 204 10 700 118 8 256 1771 22 3 6 9 0 
95211 1146 591 197 6 659 113 6 243 1774 22 7 9 15 1 
95199 1159 609 211 1 660 95 4 280 1734 19 1 11 16 1 
95105 1106 664 198 4 675 131 14 257 1802 9 6 16 13 0 
95215 1171 563 223 8 674 94 12 238 1743 24 5 16 14 0 
95179 1134 601 213 8 680 117 7 251 1769 14 3 11 13 0 
95249 1159 564 211 6 649 97 3 286 1729 13 7 15 12 0 
95169 1115 617 205 8 679 122 10 236 1798 17 6 10 8 0 
95253 1112 622 189 11 679 100 3 241 1740 20 3 12 15 0 
95140 1149 623 219 8 730 108 6 274 1706 17 1 9 10 0 
95121 1165 590 186 6 718 120 7 290 1753 13 6 11 14 0 
95012 1175 645 194 11 746 120 8 284 1752 22 4 13 14 0 
95279 1103 572 210 11 680 127 6 262 1700 24 1 12 12 1 
95263 1108 606 188 12 702 125 5 267 1680 20 4 5 15 0 
95123 1148 619 206 5 732 118 8 271 1727 15 6 8 14 0 
