95090 1275 603 141 7 580 114 6 364 1763 26 7 13 11 0 
95146 1209 580 163 7 571 93 8 329 1847 20 6 11 10 0 
95132 1255 614 128 9 653 108 4 313 1744 23 6 7 4 0 
95200 1261 594 141 5 623 117 11 297 1697 31 6 11 6 0 
95124 1287 583 131 6 660 115 10 291 1753 17 7 5 11 0 
94999 1304 626 152 13 639 110 5 339 1768 22 4 9 10 0 
95110 1287 616 128 9 623 111 5 322 1737 23 7 11 11 0 
95148 1230 610 152 6 603 115 9 283 1789 34 3 6 11 1 
95141 1257 619 134 9 634 91 9 332 1730 23 4 11 6 0 
95202 1251 620 128 11 623 108 5 321 1694 23 4 7 3 0 
95138 1354 592 118 4 603 110 2 293 1740 20 6 9 11 0 
95094 1233 623 140 7 615 116 5 330 1792 22 9 6 8 0 
95227 1297 578 112 6 600 113 3 304 1724 17 5 10 4 0 
95111 1282 612 142 8 626 107 6 339 1728 20 6 5 8 0 
95230 1305 602 127 11 561 109 4 301 1691 22 9 17 11 0 
95125 1223 607 148 12 606 108 8 282 1828 22 8 14 9 0 
95147 1304 557 151 6 606 99 9 332 1743 25 6 8 7 0 
95260 1219 608 119 10 605 105 14 320 1691 25 3 10 11 0 
95107 1210 647 152 8 657 116 4 309 1755 18 3 8 6 0 
95098 1259 613 149 10 643 106 12 328 1745 16 4 5 11 1 
95143 1254 616 131 10 605 100 6 350 1731 31 4 9 10 0 
95021 1302 610 121 6 674 121 7 344 1737 21 6 14 16 0 
95200 1276 600 145 5 575 106 8 307 1735 17 7 7 12 0 
95112 1272 618 120 7 611 122 10 302 1782 27 5 7 5 0 
95096 1288 623 145 8 595 103 5 338 1754 17 4 11 13 0 
95170 1271 594 116 9 610 97 8 343 1734 23 4 9 12 0 
95004 1315 588 147 8 680 114 4 318 1772 23 8 12 7 0 
95241 1267 598 138 5 605 108 4 319 1679 17 3 10 6 0 
95123 1250 580 134 8 652 126 7 334 1742 22 3 7 12 0 
95051 1299 610 126 11 626 108 8 356 1754 31 3 9 8 0 
95170 1273 576 139 7 622 132 6 364 1671 19 6 7 8 0 
95068 1286 577 144 9 630 114 7 317 1799 27 3 9 10 0 
95004 1331 650 134 4 600 103 10 310 1796 28 12 9 9 0 
95198 1273 563 129 10 584 125 5 299 1761 22 5 12 14 0 
95091 1310 614 124 8 622 119 6 335 1718 30 6 5 12 0 
95194 1197 617 140 4 576 112 7 326 1773 24 6 15 9 0 
95087 1273 623 134 7 598 124 6 344 1744 28 8 17 7 0 
95058 1272 628 137 5 629 89 10 358 1771 26 4 7 6 0 
95145 1255 620 145 9 602 123 7 337 1709 29 5 7 7 0 
95080 1333 588 122 6 623 106 5 319 1764 29 7 7 11 0 
95052 1205 635 121 9 687 105 11 350 1779 19 9 8 10 0 
95146 1253 573 142 10 624 113 7 346 1746 20 3 8 9 0 
95084 1267 606 143 4 634 105 5 350 1756 19 2 14 11 0 
95164 1287 572 123 4 642 115 7 334 1711 21 6 7 7 0 
94932 1312 612 146 5 623 141 4 307 1875 25 3 3 12 0 
95190 1258 602 126 9 629 104 5 317 1707 24 4 16 9 0 
95140 1247 619 126 11 581 126 4 318 1773 30 2 12 10 1 
95034 1318 582 137 6 658 127 9 315 1762 25 5 12 10 0 
95323 1176 614 135 6 595 111 3 330 1662 21 3 4 17 0 
95059 1330 631 147 15 612 125 7 314 1713 24 7 9 7 0 
95098 1262 610 152 10 614 125 6 318 1761 16 9 9 10 0 
95128 1234 606 145 3 598 96 7 355 1779 24 3 8 14 0 
95222 1203 577 130 9 633 132 8 342 1684 25 1 20 14 0 
95134 1312 575 148 5 599 95 9 325 1753 23 5 3 14 0 
95143 1324 567 128 7 588 102 6 336 1749 26 5 6 13 0 
95113 1316 592 118 9 639 118 7 315 1719 32 6 4 12 0 
95100 1305 570 133 6 620 124 8 304 1785 24 6 5 10 0 
95179 1264 569 144 6 618 109 3 340 1715 23 6 13 11 0 
95210 1235 586 144 13 604 106 6 336 1713 22 7 7 11 0 
95055 1318 597 139 5 641 106 5 356 1725 19 6 11 17 0 
95069 1262 589 132 7 645 130 4 339 1780 20 4 7 12 0 
95147 1256 607 136 9 622 124 4 303 1743 25 1 10 13 0 
95096 1308 623 129 7 611 123 8 315 1729 22 5 12 12 0 
95096 1258 589 145 10 671 106 5 317 1758 16 7 7 15 0 
94988 1320 602 152 6 623 113 3 331 1812 21 5 6 18 0 
95157 1239 638 117 7 624 108 4 336 1727 21 6 7 9 0 
95068 1275 643 133 8 625 103 4 344 1734 29 12 11 11 0 
95001 1356 610 142 8 664 92 5 333 1749 22 3 10 5 0 
95074 1298 583 117 6 653 118 2 306 1795 26 7 9 6 0 
95250 1275 616 133 8 572 114 9 292 1688 17 5 10 11 0 
95185 1230 610 135 8 609 113 7 309 1751 18 5 12 8 0 
95151 1274 605 127 9 601 96 9 317 1763 20 8 9 10 1 
95262 1261 573 106 10 610 88 6 332 1704 19 4 8 17 0 
95128 1247 599 125 5 640 96 5 343 1760 22 6 14 10 0 
95159 1280 634 135 5 619 115 6 334 1673 15 7 11 7 0 
95126 1297 609 133 5 634 111 4 323 1711 19 4 9 14 1 
95180 1207 578 133 7 623 106 8 319 1799 18 4 8 10 0 
95272 1267 580 137 10 618 97 5 290 1669 24 5 10 16 0 
95205 1256 552 129 11 602 114 6 306 1769 26 4 8 12 0 
95232 1260 563 117 5 630 101 8 322 1721 23 5 7 6 0 
95185 1243 565 146 10 621 104 9 337 1729 21 8 8 14 0 
95072 1301 587 131 12 650 88 12 341 1758 24 3 9 12 0 
95183 1296 536 146 8 584 90 4 339 1774 16 2 10 12 0 
95227 1282 554 149 6 608 105 5 309 1710 19 2 15 9 0 
95133 1282 619 127 8 641 103 7 306 1729 19 6 7 13 0 
95238 1263 564 121 6 613 109 9 311 1708 32 3 11 12 0 
95127 1254 598 138 6 609 120 8 331 1767 14 5 12 11 0 
95042 1302 570 134 8 634 102 2 356 1800 25 4 10 11 0 
95162 1285 583 119 5 639 92 6 320 1739 25 5 11 9 0 
95134 1253 622 140 3 664 95 11 314 1721 18 5 11 9 0 
95052 1346 595 132 6 635 125 3 305 1750 24 7 6 14 0 
95189 1255 611 151 6 622 116 4 320 1684 20 5 10 7 0 
95097 1301 582 130 7 621 123 5 335 1753 15 5 9 17 0 
95062 1250 602 116 8 660 130 8 312 1807 21 3 14 7 0 
95022 1306 619 140 8 670 103 9 354 1713 26 2 12 16 0 
95216 1330 576 135 4 617 89 8 341 1641 23 5 7 8 0 
95119 1257 613 154 9 588 109 8 329 1766 16 3 16 13 0 
95156 1298 601 140 4 603 112 8 309 1707 35 6 6 15 0 
95141 1259 603 141 9 601 108 8 348 1736 20 5 11 10 0 
95128 1296 628 149 10 607 119 7 304 1700 29 4 11 8 0 
95068 1275 604 127 6 624 113 9 323 1801 29 8 8 5 0 
94993 1306 568 125 8 600 135 6 349 1869 24 3 3 11 0 
95096 1275 652 131 8 649 109 9 287 1741 20 8 7 8 0 
95145 1281 562 131 9 632 106 5 295 1791 18 5 9 11 0 
95104 1232 611 135 8 630 94 7 313 1825 20 2 6 13 0 
95180 1331 625 136 7 593 119 4 311 1649 23 4 9 8 1 
94988 1300 635 140 7 603 121 9 325 1821 24 2 14 11 0 
95099 1283 629 136 9 605 115 6 348 1719 25 2 9 14 1 
95063 1271 615 139 3 610 115 8 310 1828 14 4 10 10 0 
95101 1213 603 144 9 650 96 4 327 1801 30 4 12 6 0 
95225 1243 618 132 8 607 99 6 309 1695 30 7 13 8 0 
95071 1268 573 133 7 651 117 5 318 1808 20 6 11 12 0 
95292 1272 615 142 7 577 93 10 310 1642 22 6 7 5 0 
95049 1278 591 157 1 622 108 9 340 1797 24 6 6 12 0 
95157 1265 592 151 5 633 105 2 364 1679 21 2 12 12 0 
95124 1298 605 129 5 609 115 7 331 1721 28 6 6 16 0 
94982 1328 631 136 7 667 103 11 327 1749 30 7 11 10 1 
95100 1273 579 145 2 654 126 6 329 1733 22 4 11 16 0 
95211 1292 600 128 5 593 102 10 298 1718 17 5 14 7 0 
95143 1291 576 131 10 621 114 5 324 1741 17 6 12 9 0 
95156 1238 596 129 8 650 112 9 337 1728 15 6 7 9 0 
95155 1301 602 115 6 614 129 6 327 1688 28 4 10 14 1 
95157 1293 583 133 8 579 110 8 314 1774 21 7 7 6 0 
95028 1326 601 148 4 649 110 10 319 1751 21 5 12 16 0 
95173 1239 592 128 8 619 110 6 350 1734 23 7 5 6 0 
95165 1277 613 120 3 640 109 4 316 1701 32 4 6 10 0 
95202 1237 562 131 11 633 96 5 309 1769 21 5 8 11 0 
95187 1207 626 138 11 616 121 10 331 1702 28 4 6 13 0 
95065 1329 581 150 13 636 118 3 343 1724 20 9 4 5 0 
95197 1276 600 119 5 623 112 0 319 1699 27 4 7 12 0 
95138 1291 603 137 3 585 110 3 342 1739 34 1 5 9 0 
95042 1284 599 139 9 627 107 11 330 1808 25 2 9 7 1 
95106 1303 578 149 4 568 109 6 316 1820 15 4 12 10 0 
95154 1260 602 141 8 617 102 8 309 1748 27 5 11 8 0 
95055 1348 566 140 4 605 101 7 348 1776 33 4 6 7 0 
95053 1299 624 143 7 629 116 4 345 1742 15 1 12 10 0 
95074 1304 613 138 3 598 124 8 336 1754 20 3 13 12 0 
95099 1303 628 142 11 608 111 4 318 1733 23 4 7 9 0 
95064 1255 650 139 3 603 118 9 325 1794 16 5 12 7 0 
95064 1305 595 159 4 630 111 3 323 1763 15 6 12 10 0 
95156 1267 606 139 8 577 107 6 302 1791 25 6 5 5 0 
95214 1279 567 113 6 615 102 6 324 1721 22 8 9 13 1 
95204 1283 571 123 7 637 115 4 310 1683 35 10 5 13 0 
95172 1212 612 143 6 612 103 5 325 1754 23 5 12 16 0 
95048 1235 632 139 6 630 107 10 340 1805 22 3 10 13 0 
95174 1251 585 131 5 599 129 6 290 1787 25 4 6 8 0 
95194 1286 641 111 12 580 112 6 304 1705 25 5 6 13 0 
95061 1277 621 136 8 649 93 7 317 1770 24 6 16 15 0 
95242 1215 578 136 7 606 105 5 332 1738 21 1 6 8 0 
95151 1221 610 154 13 617 103 6 339 1743 27 1 7 8 0 
95171 1259 610 143 8 645 113 6 300 1694 19 4 8 20 0 
95133 1293 587 121 12 591 108 8 318 1787 23 3 7 9 0 
95104 1246 607 134 7 591 101 7 332 1823 19 4 13 12 0 
95175 1260 595 150 8 623 117 9 326 1697 19 4 8 9 0 
95166 1263 609 128 8 598 122 6 362 1699 21 6 5 7 0 
95172 1300 602 149 8 607 117 6 322 1680 12 4 10 11 0 
95046 1272 613 139 8 643 102 14 322 1793 25 2 7 13 1 
95102 1300 582 150 1 639 114 6 301 1770 17 2 9 7 0 
95126 1276 608 127 11 616 108 8 335 1731 35 1 9 9 0 
95152 1293 575 117 6 641 124 9 326 1711 24 3 9 10 0 
95160 1293 575 136 8 634 125 12 299 1718 21 3 6 10 0 
95154 1294 606 122 7 584 117 7 349 1720 16 4 11 9 0 
95091 1269 628 149 3 638 95 7 329 1742 25 7 7 10 0 
95196 1299 618 123 9 619 125 3 325 1634 17 7 16 9 0 
95050 1307 557 121 7 618 103 13 327 1849 24 8 12 4 0 
95188 1290 554 151 4 594 107 11 330 1720 26 5 11 9 0 
94971 1319 616 137 6 618 113 9 332 1836 19 4 10 10 0 
95096 1288 580 111 5 651 121 7 338 1761 21 8 3 10 0 
95142 1280 606 133 5 595 101 3 319 1764 21 5 12 14 0 
95030 1335 639 145 8 633 118 7 324 1722 14 4 13 8 0 
95173 1232 593 131 10 578 110 11 332 1787 17 6 7 13 0 
95111 1259 599 147 7 658 131 9 321 1699 33 4 8 14 0 
95174 1265 621 141 6 614 90 9 334 1695 23 4 10 13 1 
95113 1245 608 122 5 623 123 9 341 1767 15 8 10 11 0 
95094 1299 585 136 9 606 105 7 342 1777 20 3 9 8 0 
95116 1269 594 131 10 607 114 7 327 1778 21 5 8 13 0 
95088 1294 580 133 5 630 95 6 340 1773 27 8 8 13 0 
95100 1283 577 152 5 630 93 8 329 1771 27 6 5 14 0 
95155 1306 584 128 7 619 98 7 322 1722 23 10 13 6 0 
95189 1215 606 134 5 588 128 8 291 1794 17 8 9 8 0 
94993 1332 582 138 3 661 110 7 337 1792 24 2 6 13 0 
95205 1207 588 118 10 623 124 8 344 1740 14 6 7 6 0 
95069 1297 589 142 7 641 109 3 353 1748 27 4 6 5 0 
95050 1300 586 118 10 626 116 7 326 1809 21 6 14 11 0 
95155 1258 603 124 5 637 108 5 333 1733 18 5 10 6 0 
95132 1239 588 148 7 611 99 7 319 1792 24 9 11 14 0 
95183 1266 578 141 4 655 108 5 334 1691 18 7 1 8 1 
95172 1272 601 137 9 620 116 4 339 1676 28 7 7 12 0 
95154 1287 621 119 9 608 105 9 315 1726 15 9 8 15 0 
95099 1359 592 131 8 607 118 8 321 1707 20 6 15 9 0 
95133 1285 609 124 7 613 108 8 354 1701 24 10 7 16 1 
95146 1277 585 125 7 645 119 4 319 1736 14 2 5 16 0 
95128 1244 590 145 14 633 109 5 333 1755 19 3 9 13 0 
95121 1265 570 117 9 639 108 8 323 1803 18 2 11 6 0 
95172 1239 606 152 9 604 121 9 339 1690 31 4 13 11 0 
95155 1251 597 117 8 634 109 7 339 1730 28 6 8 11 0 
95101 1325 587 137 8 598 132 8 331 1723 23 8 7 12 0 
95200 1288 601 144 6 594 122 10 304 1675 29 3 12 12 0 
95071 1317 580 136 9 637 122 8 325 1742 29 8 5 11 0 
95085 1290 566 146 8 641 99 8 333 1760 31 2 19 12 0 
95126 1269 583 122 11 642 106 4 340 1737 28 11 7 14 0 
95124 1297 588 123 7 671 119 7 305 1709 15 9 12 14 0 
95277 1277 613 128 10 560 105 8 313 1667 20 2 10 9 1 
95133 1272 609 125 7 627 105 3 318 1761 18 1 9 12 0 
95103 1306 607 131 5 564 109 5 318 1802 29 4 11 6 0 
95308 1219 590 138 6 618 138 6 345 1593 16 3 9 11 0 
95091 1271 603 149 11 609 94 8 317 1791 27 2 10 17 0 
95129 1281 562 144 11 591 97 10 329 1790 23 5 12 16 0 
95202 1231 591 138 11 610 113 10 323 1729 18 9 9 6 0 
95175 1263 557 137 12 644 104 15 311 1735 12 7 11 17 0 
95203 1250 588 136 11 599 106 13 342 1686 26 10 13 16 1 
95161 1221 627 138 8 639 94 9 330 1725 19 7 10 12 0 
95129 1303 633 119 4 603 91 6 337 1745 14 4 4 8 0 
95037 1308 599 143 8 645 108 6 344 1750 20 2 10 20 0 
95133 1275 584 143 4 634 111 8 339 1717 21 9 7 15 0 
95038 1290 614 142 5 618 97 3 337 1813 21 4 10 8 0 
95150 1237 577 115 7 627 119 9 320 1798 23 6 3 9 0 
95228 1195 601 144 6 597 135 8 337 1694 28 3 15 9 0 
95140 1230 553 127 7 647 97 6 346 1796 23 10 7 11 0 
94982 1338 619 136 7 577 116 9 326 1838 25 5 11 11 0 
95074 1302 623 104 8 626 122 5 302 1772 29 8 13 11 1 
95242 1274 547 141 7 615 99 4 335 1690 23 3 11 9 0 
95048 1235 620 139 10 659 115 5 329 1796 22 5 10 7 0 
95067 1286 599 138 7 643 111 14 317 1778 20 5 9 6 0 
95100 1224 622 118 6 615 99 8 347 1814 24 6 8 9 0 
95119 1291 641 143 8 604 103 8 332 1702 24 6 9 10 0 
95090 1374 598 140 6 580 112 5 302 1739 20 5 5 24 0 
94982 1327 562 162 5 662 107 4 341 1791 24 10 10 13 0 
95074 1270 613 119 8 626 110 6 314 1804 27 4 12 13 0 
95114 1287 653 122 4 598 115 6 317 1734 25 3 9 13 0 
95042 1250 652 143 7 645 131 5 318 1758 27 4 10 8 0 
95047 1285 630 148 7 619 92 13 327 1776 23 6 10 15 2 
95056 1258 615 134 9 686 120 10 308 1753 27 8 7 9 0 
94958 1276 616 130 10 600 110 10 318 1920 23 7 7 15 0 
95093 1265 628 149 6 633 115 7 328 1734 24 4 5 9 0 
95156 1299 632 129 3 618 110 8 323 1679 20 3 8 12 0 
94961 1309 591 119 4 676 115 8 351 1825 19 2 9 11 0 
95194 1229 584 133 3 599 118 6 349 1728 22 7 14 14 0 
95105 1265 584 139 7 597 106 7 339 1799 26 4 7 15 0 
95062 1252 635 142 9 636 106 4 343 1757 25 9 11 9 0 
95252 1258 598 135 5 596 127 8 300 1676 23 2 11 9 0 
95068 1310 602 119 6 622 106 8 348 1768 15 5 10 13 0 
95036 1252 634 133 8 635 105 0 329 1817 27 10 6 8 0 
95101 1344 569 124 10 628 122 8 307 1732 27 3 12 13 0 
94990 1317 658 140 8 654 104 2 333 1745 25 6 10 8 0 
95197 1255 572 122 5 651 94 6 337 1712 20 3 13 13 0 
95036 1272 588 117 6 616 134 10 338 1832 31 6 10 4 0 
95141 1254 598 131 5 632 113 9 331 1734 26 7 11 8 0 
95070 1268 602 126 8 693 108 10 347 1721 17 5 14 11 0 
95059 1279 585 159 1 648 127 6 332 1752 26 2 4 20 0 
95143 1281 612 127 4 596 107 9 318 1756 23 4 10 10 0 
95099 1279 633 148 6 628 114 9 327 1701 28 8 11 9 0 
95197 1220 549 147 4 624 118 5 318 1776 22 3 10 6 1 
94978 1323 586 153 7 631 105 7 327 1835 23 3 11 11 0 
95093 1318 622 110 5 589 108 8 333 1768 23 2 9 12 0 
95090 1251 608 121 5 656 98 5 327 1774 34 5 13 13 0 
95174 1278 584 136 9 596 120 12 317 1728 23 6 5 11 1 
95099 1278 591 135 8 594 94 8 318 1827 22 9 8 9 0 
94917 1337 623 155 12 650 120 7 325 1808 21 7 11 7 0 
95140 1270 577 138 8 638 116 7 327 1733 26 3 10 7 0 
95088 1315 580 143 10 588 113 11 322 1790 17 9 6 8 0 
95131 1244 587 128 6 646 103 9 364 1740 17 5 9 11 0 
94934 1324 624 130 6 663 119 10 348 1802 22 7 5 6 0 
95156 1315 581 126 5 628 116 7 323 1693 25 9 9 7 0 
95273 1253 538 131 4 636 119 10 296 1703 14 6 9 8 0 
95099 1281 633 117 8 613 109 8 298 1791 19 8 5 11 0 
95202 1258 581 128 10 595 132 3 337 1713 22 4 7 8 0 
95100 1185 591 143 6 677 115 11 349 1756 33 7 12 15 0 
95136 1271 620 137 14 664 117 7 313 1670 25 3 12 11 0 
95186 1249 599 141 6 652 96 3 292 1723 25 7 13 8 0 
95204 1254 602 127 5 566 100 8 305 1783 21 5 6 14 0 
95190 1278 640 113 5 606 117 12 324 1665 21 8 10 11 0 
95256 1196 580 141 9 609 103 9 348 1707 22 2 6 12 0 
95116 1258 636 153 4 602 112 12 317 1754 11 3 9 13 0 
95067 1276 624 120 8 612 111 4 349 1780 27 6 7 9 0 
95076 1348 616 124 5 596 112 5 329 1745 20 5 3 16 0 
95136 1275 642 132 10 642 124 9 311 1673 24 6 3 13 0 
95096 1235 618 141 4 674 109 5 320 1749 26 5 6 12 0 
94991 1324 613 141 6 611 112 10 348 1798 21 3 12 10 0 
95081 1298 583 117 8 662 125 3 351 1716 23 8 13 12 0 
95047 1314 629 130 7 587 115 9 343 1772 23 9 7 8 0 
95112 1235 575 123 7 632 106 10 327 1819 27 6 10 11 0 
95013 1318 576 137 10 618 114 3 328 1829 19 9 13 13 0 
95155 1231 567 143 2 652 116 5 296 1780 27 6 6 14 0 
95105 1299 617 134 4 601 120 6 299 1772 18 8 9 8 0 
95143 1226 598 135 7 659 119 3 341 1721 25 3 7 13 0 
95107 1276 619 137 9 624 111 9 354 1707 21 7 12 7 0 
95063 1312 597 126 3 621 118 5 309 1782 26 10 19 9 0 
95006 1267 621 146 7 651 119 5 331 1796 25 2 14 10 0 
95146 1293 579 145 5 623 102 8 334 1732 15 5 4 9 0 
95132 1317 612 144 6 568 110 7 306 1751 19 7 11 10 0 
95041 1287 598 127 6 635 118 12 333 1790 22 5 11 15 0 
95086 1336 566 129 8 629 112 5 340 1742 25 8 6 7 1 
95075 1300 591 122 6 617 115 6 338 1787 23 5 7 8 0 
95096 1201 593 115 7 606 122 9 348 1850 23 12 7 11 0 
95045 1342 597 127 4 654 116 11 314 1742 22 5 7 14 0 
95090 1338 578 121 8 615 117 5 310 1777 21 4 12 4 0 
95090 1268 599 142 5 670 110 7 325 1729 25 7 13 10 0 
95025 1279 595 149 3 627 113 11 344 1794 26 13 10 11 0 
95164 1318 595 115 7 614 116 3 333 1688 30 1 8 8 0 
95017 1333 589 134 9 631 105 5 357 1769 21 5 14 11 0 
95046 1249 587 129 4 660 111 5 327 1832 20 4 16 10 0 
95228 1244 571 124 6 597 96 6 306 1765 20 4 18 15 0 
95122 1238 586 140 6 643 98 6 346 1776 21 5 6 7 0 
95075 1299 599 141 6 641 115 8 347 1717 23 5 12 12 0 
95127 1315 622 131 5 620 106 5 333 1696 18 4 9 9 0 
95137 1232 614 140 7 633 102 4 357 1731 16 5 11 11 0 
95156 1314 606 120 6 585 108 8 329 1711 27 5 14 11 0 
95099 1287 601 127 6 680 104 9 352 1687 25 5 10 8 0 
95268 1194 550 121 3 611 124 7 328 1734 24 11 14 11 0 
95094 1312 590 115 8 645 124 6 292 1776 23 2 6 7 0 
95110 1263 588 122 9 592 113 9 340 1811 24 4 9 6 0 
95059 1221 658 132 13 641 112 4 328 1792 19 8 2 11 0 
95140 1261 608 135 6 610 120 12 327 1725 24 5 12 15 0 
95136 1334 601 123 9 620 100 3 319 1708 24 7 4 12 0 
95136 1250 586 136 8 606 110 11 363 1744 22 4 15 9 0 
95114 1307 563 116 6 599 96 8 308 1807 39 8 18 11 0 
95137 1244 579 125 7 636 126 9 318 1772 26 5 7 9 0 
95179 1235 581 143 8 620 116 3 317 1748 25 0 10 15 0 
95115 1305 552 125 5 655 115 8 320 1749 28 6 9 8 0 
95138 1295 638 133 5 601 113 7 334 1686 25 4 6 15 0 
95062 1296 643 155 6 574 106 5 360 1742 23 7 11 10 0 
95107 1313 613 118 8 643 124 11 318 1693 28 2 9 13 0 
95217 1259 599 130 3 629 111 5 312 1691 21 4 8 10 1 
95227 1282 586 116 8 609 97 7 323 1697 20 5 11 12 0 
95187 1244 573 136 8 623 108 9 338 1734 22 6 5 7 0 
95051 1262 593 149 2 669 103 9 332 1768 30 3 11 18 0 
95006 1352 590 130 7 637 119 7 323 1786 21 5 10 7 0 
95038 1282 662 129 5 635 109 7 327 1750 28 5 16 7 0 
95126 1261 569 128 5 590 113 5 325 1826 22 6 11 13 0 
95039 1295 601 154 6 598 116 5 328 1804 27 5 13 9 0 
95157 1272 569 135 6 636 95 8 357 1719 18 3 14 11 0 
95142 1237 611 127 2 592 105 7 328 1791 27 7 12 12 0 
95239 1253 573 138 6 607 98 5 321 1703 19 8 17 13 0 
95064 1258 594 152 8 638 104 12 352 1767 22 4 13 11 1 
95195 1263 643 135 10 594 104 11 332 1667 24 5 8 9 0 
95068 1291 592 117 7 600 104 9 347 1811 26 6 14 8 0 
95181 1251 597 150 6 602 115 11 342 1697 22 7 8 10 1 
95110 1283 589 133 7 607 108 1 352 1760 25 2 9 13 1 
95065 1281 627 134 8 598 122 3 345 1774 24 8 2 9 0 
95045 1353 598 151 10 579 87 4 340 1775 24 7 8 19 0 
95293 1235 550 133 5 586 117 6 325 1701 18 6 12 13 0 
95078 1284 608 150 6 666 106 6 327 1714 28 6 7 14 0 
95050 1352 566 155 9 612 113 3 327 1776 19 2 10 6 0 
94979 1245 640 142 7 664 117 7 357 1795 23 5 9 10 0 
95125 1276 621 102 6 613 102 10 325 1773 24 6 11 6 0 
95163 1219 572 147 12 630 101 10 316 1772 24 7 13 14 0 
95108 1281 614 134 4 603 111 7 306 1779 27 8 8 10 0 
95090 1342 600 131 7 630 112 6 314 1721 23 8 9 7 0 
95054 1255 613 134 6 633 101 3 350 1800 20 5 16 10 0 
95051 1314 614 128 5 623 114 8 356 1742 20 4 14 7 0 
95089 1289 610 164 4 631 119 3 356 1685 32 4 6 8 0 
95232 1191 605 127 9 581 105 4 339 1747 27 10 13 10 0 
94997 1280 631 142 3 647 113 5 344 1788 26 4 14 6 0 
95124 1300 591 139 7 676 110 7 320 1668 25 5 18 10 0 
95153 1252 613 139 10 614 102 5 317 1749 29 3 8 6 0 
95191 1298 601 137 5 611 98 7 352 1646 22 8 10 14 0 
95088 1284 619 149 7 644 112 7 301 1736 20 9 7 17 0 
95062 1310 616 140 6 650 95 7 319 1734 26 9 14 12 0 
95045 1292 591 141 6 625 115 7 337 1807 18 4 7 4 1 
95260 1225 590 109 5 629 105 4 352 1683 17 9 4 8 0 
95151 1228 635 125 7 607 111 8 352 1726 23 5 12 10 0 
95089 1341 565 119 15 646 116 5 315 1748 22 2 9 8 0 
95113 1279 613 126 7 622 133 8 289 1760 22 3 9 16 0 
95059 1308 660 150 9 616 101 9 337 1715 19 2 5 10 0 
95082 1348 569 138 4 642 98 3 305 1769 21 4 8 9 0 
94927 1325 662 119 10 629 129 11 347 1806 14 3 11 7 0 
95073 1305 605 153 3 644 105 3 316 1736 25 4 12 16 0 
95135 1293 614 137 9 622 111 3 310 1720 25 3 8 10 0 
95171 1222 575 117 7 662 110 8 301 1791 16 4 8 8 0 
95155 1232 559 138 2 633 97 11 344 1781 24 8 10 6 0 
95169 1261 604 139 7 609 114 9 343 1700 22 6 10 7 0 
95131 1320 589 139 12 633 83 5 333 1708 22 6 8 11 0 
95065 1258 620 126 9 633 112 5 320 1811 22 3 8 8 0 
95131 1295 579 130 12 593 125 8 321 1764 19 3 9 10 1 
95178 1277 557 137 4 637 120 16 289 1751 16 2 7 9 0 
95099 1309 588 125 5 613 113 6 306 1784 24 3 13 12 0 
95175 1295 599 119 4 584 110 1 349 1725 17 4 8 10 0 
94997 1260 618 157 4 646 127 5 297 1829 28 7 9 16 0 
95253 1211 614 151 16 611 107 8 313 1673 25 4 7 7 0 
94992 1296 630 145 8 676 106 10 335 1758 23 3 8 10 0 
95222 1230 543 136 6 608 114 12 333 1737 24 6 15 14 0 
95166 1261 625 148 6 612 117 6 293 1721 23 3 10 9 0 
95052 1320 601 134 6 618 104 4 321 1789 24 5 9 12 1 
95110 1280 616 132 8 643 100 8 322 1738 19 8 7 9 0 
95052 1313 592 139 5 623 118 7 323 1777 23 2 10 16 0 
95163 1286 568 146 7 601 103 1 331 1740 19 3 15 17 0 
95130 1295 616 148 6 626 103 5 329 1699 18 6 12 7 0 
95038 1338 593 136 5 638 112 9 316 1780 15 3 10 7 0 
95147 1289 566 128 12 632 102 6 318 1755 20 7 6 12 0 
95092 1313 599 126 1 611 89 3 355 1777 20 1 7 6 0 
95177 1242 610 153 4 647 90 7 288 1731 21 6 9 15 0 
95177 1221 585 132 6 621 91 8 334 1777 25 3 12 8 0 
95080 1246 664 133 9 615 88 6 318 1791 25 5 11 9 0 
95097 1263 601 134 10 641 115 4 310 1776 24 3 12 10 0 
95125 1313 599 142 8 625 121 6 296 1710 25 4 18 8 0 
95076 1243 652 154 4 681 105 9 314 1722 18 5 9 8 0 
95112 1284 600 128 3 593 106 10 346 1766 29 8 8 7 0 
95186 1294 594 128 10 587 111 9 325 1720 22 2 5 7 0 
95160 1224 558 123 8 615 106 5 316 1843 17 8 7 10 0 
95163 1251 597 138 7 630 116 8 343 1709 17 7 8 6 0 
95167 1265 582 139 7 628 119 6 310 1738 20 3 9 7 0 
95155 1271 600 114 16 641 95 5 344 1715 20 5 7 12 0 
95100 1335 647 132 5 611 89 12 356 1656 22 7 15 13 0 
95101 1244 626 134 6 624 148 7 329 1732 23 9 9 8 0 
95143 1235 626 127 7 641 100 5 320 1750 26 2 7 11 0 
95149 1302 614 129 8 644 108 8 311 1675 25 5 11 11 0 
95069 1272 648 142 7 608 106 4 325 1766 19 11 10 13 0 
95131 1311 590 128 9 612 111 7 330 1730 21 7 8 5 0 
95069 1324 597 129 6 639 135 8 308 1730 29 7 12 7 0 
95143 1216 567 132 7 658 113 5 335 1759 28 10 13 14 0 
95131 1291 605 141 3 619 115 4 289 1752 27 5 7 11 0 
95089 1287 595 138 9 635 109 2 328 1762 24 6 4 12 0 
95034 1299 589 121 8 648 106 8 341 1795 26 6 7 12 0 
95105 1297 622 124 6 594 123 2 328 1758 17 7 10 7 0 
95149 1230 650 137 4 597 108 7 368 1695 26 6 13 10 0 
95189 1230 601 148 5 603 89 1 320 1769 27 1 8 9 0 
95154 1241 605 136 11 634 116 7 341 1706 25 7 7 10 0 
95172 1292 599 148 2 620 121 9 323 1674 20 8 4 8 0 
95094 1296 599 157 5 583 99 7 348 1764 24 4 9 11 0 
95111 1258 589 125 6 654 100 13 350 1740 21 5 12 16 0 
95167 1290 558 143 10 643 109 11 330 1691 25 5 8 9 1 
95243 1245 582 124 13 619 110 5 325 1684 20 7 13 10 0 
95125 1222 626 154 10 593 118 9 341 1749 26 4 14 9 0 
95100 1293 605 133 7 593 108 8 323 1775 31 5 11 8 0 
95099 1259 622 138 8 649 122 12 332 1710 26 5 12 6 0 
95210 1262 625 129 7 593 102 8 331 1683 24 9 6 11 0 
95195 1289 571 114 6 653 113 4 340 1670 19 9 12 5 0 
95238 1207 577 131 4 608 114 8 310 1748 26 7 10 12 0 
95074 1316 569 127 7 629 120 3 337 1768 26 4 10 10 0 
95089 1245 615 143 8 618 113 9 298 1809 23 9 9 12 0 
95132 1282 603 155 7 588 118 3 301 1757 26 8 10 10 0 
95177 1243 569 159 5 599 102 12 326 1766 18 5 4 15 0 
95166 1267 611 109 7 658 114 9 292 1718 19 6 9 15 0 
95081 1229 646 123 5 618 108 6 339 1800 21 3 6 15 0 
95144 1266 590 134 7 589 114 3 331 1769 25 4 13 10 1 
95130 1263 632 126 6 630 112 7 362 1677 27 6 6 16 0 
94991 1337 587 113 9 611 106 5 331 1850 33 5 14 8 0 
95078 1329 612 152 12 645 111 6 316 1695 22 2 7 13 0 
95155 1277 606 166 7 617 96 6 286 1726 36 2 11 9 0 
95045 1253 611 119 6 652 101 10 343 1821 22 5 7 5 0 
95094 1306 551 152 11 599 108 7 343 1794 17 0 10 8 0 
95027 1290 609 158 6 690 117 7 299 1745 31 4 8 9 0 
94901 1321 607 127 9 666 112 7 351 1848 22 6 8 15 0 
95212 1249 638 131 7 585 105 5 310 1718 21 6 6 7 0 
95281 1244 530 144 7 609 119 6 295 1730 15 3 9 8 0 
95141 1313 590 137 10 616 92 9 324 1720 21 8 11 7 1 
95097 1286 602 141 6 589 118 7 344 1774 19 5 4 8 0 
95156 1282 580 130 8 606 115 5 314 1751 30 2 7 14 0 
95129 1259 590 130 12 639 121 5 336 1736 29 0 4 9 1 
95098 1299 565 117 7 626 115 7 347 1771 22 6 9 11 0 
95112 1257 627 160 3 624 96 7 295 1771 28 6 7 7 0 
95042 1291 563 147 4 667 103 6 314 1816 22 7 5 13 0 
95174 1275 575 141 4 624 113 5 336 1718 14 7 7 7 0 
95158 1260 577 116 9 702 102 6 302 1726 19 4 5 14 0 
95081 1299 600 153 3 644 113 5 326 1716 26 9 12 12 1 
95145 1312 609 118 5 632 106 5 350 1680 16 5 9 8 0 
95235 1245 613 123 6 589 110 6 321 1701 21 4 13 13 0 
95133 1295 566 128 6 648 126 11 330 1712 15 9 12 9 0 
95105 1334 575 121 9 671 118 4 340 1687 19 2 7 8 0 
95223 1254 577 138 4 590 126 12 314 1726 13 4 11 8 0 
95102 1254 587 119 5 655 113 5 309 1815 16 6 8 6 0 
95097 1302 627 138 6 595 117 10 336 1721 23 3 13 12 0 
95196 1237 609 130 5 600 110 3 316 1751 17 3 14 9 0 
95155 1274 616 130 3 632 126 7 285 1718 26 5 9 14 0 
95128 1301 612 129 10 588 128 7 339 1714 18 11 8 7 0 
95101 1293 629 119 3 622 102 3 363 1726 18 3 10 8 0 
95124 1283 566 128 10 671 114 10 334 1714 25 7 6 8 0 
95173 1305 578 137 7 609 119 3 347 1682 19 4 10 7 0 
95232 1252 589 141 4 616 93 6 304 1721 16 7 11 8 0 
94992 1318 586 156 5 610 108 6 315 1846 30 7 10 11 0 
95120 1278 605 130 11 643 118 7 319 1713 23 8 13 12 0 
95133 1319 595 137 10 591 109 9 311 1739 23 5 11 8 0 
95121 1251 609 152 12 650 102 8 307 1741 20 4 9 14 0 
95110 1225 615 135 10 608 124 7 350 1766 29 3 10 8 0 
95184 1305 571 156 7 594 98 10 334 1685 33 3 9 11 0 
95115 1257 560 128 10 656 127 6 328 1766 29 2 7 9 0 
95163 1257 592 116 6 609 121 6 314 1771 24 7 6 8 0 
95153 1304 600 125 8 601 129 10 329 1704 14 4 11 8 0 
95177 1247 599 154 4 639 97 9 304 1718 29 5 9 9 0 
95102 1285 599 135 8 620 116 10 296 1791 23 4 5 6 0 
95166 1301 572 139 4 616 98 8 323 1737 17 5 6 8 0 
94959 1320 671 147 6 655 120 3 323 1744 32 5 4 10 1 
95139 1247 579 119 7 659 104 5 301 1806 13 4 6 11 0 
95098 1240 622 115 8 634 79 10 345 1802 15 6 14 12 0 
95070 1289 632 126 11 659 104 8 329 1713 28 3 13 15 0 
95132 1315 618 159 7 642 114 5 316 1654 26 7 2 3 0 
95150 1234 610 118 8 647 120 4 330 1737 15 1 11 15 0 
95063 1327 614 126 7 625 98 4 346 1749 21 1 5 14 0 
95107 1249 633 136 6 645 97 8 310 1759 18 6 12 14 0 
95254 1251 574 153 6 572 112 9 318 1705 24 3 9 10 0 
95239 1266 574 143 4 589 103 4 308 1729 17 4 8 11 1 
95102 1273 634 117 7 624 114 3 350 1739 16 0 11 9 1 
95087 1304 568 130 10 630 123 2 347 1751 21 4 12 10 1 
95177 1225 590 155 3 641 116 4 309 1732 17 6 14 11 0 
95087 1260 615 138 7 623 117 10 344 1759 17 4 11 8 0 
95120 1246 636 145 2 623 104 8 313 1766 21 5 2 9 0 
95042 1264 642 129 12 671 103 10 345 1746 18 4 6 8 0 
95091 1291 610 126 4 607 114 9 351 1748 29 3 10 6 1 
95140 1233 602 133 7 625 115 9 331 1766 18 4 7 10 0 
