95174 1229 616 153 8 663 101 5 301 1696 23 6 14 11 0 
95224 1186 595 142 9 627 128 5 296 1747 18 4 8 11 0 
95297 1122 612 187 7 606 105 4 289 1729 21 7 6 8 0 
95221 1206 604 144 7 609 121 6 316 1712 25 8 9 11 1 
95145 1231 593 150 4 681 116 9 292 1739 25 1 8 6 0 
95188 1196 626 170 9 614 113 7 338 1696 17 9 7 10 0 
95156 1229 582 184 5 646 106 9 299 1730 27 6 8 12 1 
95343 1129 551 157 8 596 91 4 334 1744 19 6 10 8 0 
95087 1208 580 162 6 654 130 6 339 1777 23 7 12 9 0 
95091 1208 604 196 9 679 119 6 326 1720 16 5 14 7 0 
95252 1212 599 156 5 616 108 10 294 1701 24 4 8 10 1 
95148 1193 598 160 7 685 128 8 299 1736 15 7 8 8 0 
95144 1321 584 136 6 628 99 9 315 1711 23 5 7 12 0 
95025 1242 600 164 9 676 122 5 285 1833 15 7 9 8 0 
95080 1213 630 179 8 655 120 6 262 1795 19 8 11 14 0 
95081 1223 609 178 8 640 122 10 285 1784 23 11 6 20 0 
95183 1238 589 156 2 660 110 4 262 1751 19 6 11 9 0 
95235 1192 607 164 5 628 117 7 277 1730 19 2 7 10 0 
95154 1149 578 169 6 649 107 14 315 1815 17 3 19 4 1 
95075 1262 590 173 9 640 121 5 327 1751 24 6 7 10 0 
95043 1226 632 164 8 672 131 6 309 1767 23 4 5 10 0 
95138 1237 615 161 7 621 112 4 338 1724 21 2 7 13 0 
95239 1193 557 153 7 644 101 7 306 1745 17 6 18 7 0 
95230 1187 577 134 8 649 134 8 315 1724 20 3 9 2 0 
95177 1161 691 159 5 628 130 6 271 1724 23 7 9 9 0 
95103 1220 684 158 6 670 114 9 277 1711 17 8 9 14 0 
95102 1172 593 159 4 676 102 5 334 1803 25 3 9 13 0 
95065 1306 564 166 7 648 111 3 309 1773 30 7 7 4 0 
95045 1214 614 180 7 672 96 7 314 1798 23 7 10 13 0 
95114 1227 624 142 10 655 119 5 315 1743 23 4 11 8 0 
95098 1216 633 168 4 712 108 4 292 1718 26 3 9 9 0 
95020 1206 623 179 10 664 121 9 346 1770 25 3 10 14 0 
95167 1255 607 151 5 629 107 6 283 1743 23 4 7 13 0 
95170 1226 632 157 7 651 87 8 303 1710 28 5 7 9 0 
95129 1214 605 136 9 635 108 4 306 1802 24 6 11 11 0 
95083 1273 591 147 4 646 103 10 292 1804 17 4 10 16 0 
95140 1208 589 165 9 658 106 6 310 1756 25 4 13 11 0 
95090 1267 592 167 6 693 111 9 301 1715 28 5 11 5 0 
95047 1268 598 152 6 644 121 10 268 1845 16 7 6 12 0 
95031 1242 602 170 8 695 120 5 309 1769 23 3 7 16 0 
95186 1211 639 148 10 647 103 7 312 1687 25 8 8 9 0 
95115 1238 595 134 3 659 117 10 303 1777 22 7 9 11 0 
95093 1243 605 156 11 666 151 4 333 1685 29 4 12 8 0 
95153 1262 553 162 6 626 131 4 300 1764 24 4 7 4 0 
95179 1236 600 145 6 614 108 14 277 1773 22 6 9 11 0 
95066 1280 588 161 7 647 93 9 310 1784 23 6 10 16 0 
95007 1292 588 169 4 653 116 5 310 1804 21 11 10 10 0 
95240 1237 594 142 7 640 114 10 304 1681 16 3 7 5 0 
95217 1194 583 154 7 627 115 5 289 1756 21 7 9 16 0 
95039 1232 633 161 3 636 100 6 334 1813 20 3 12 8 0 
95225 1209 578 133 6 660 116 8 321 1698 22 4 5 15 0 
95162 1171 588 161 11 711 131 6 326 1682 22 4 16 9 0 
95015 1247 619 169 5 641 104 2 294 1857 19 6 13 9 0 
95243 1141 572 143 8 639 101 5 321 1774 29 2 12 10 0 
95102 1221 608 162 8 673 118 8 294 1769 19 5 4 9 0 
95317 1213 555 174 4 648 90 5 295 1652 26 3 9 9 0 
95134 1275 541 138 9 676 117 9 312 1745 26 1 6 11 0 
95234 1193 594 159 5 624 96 6 277 1764 27 4 11 6 0 
95100 1261 562 134 10 630 123 9 292 1826 27 5 7 14 0 
95250 1248 607 127 4 627 95 8 278 1713 26 2 6 9 0 
95167 1252 625 146 8 633 118 5 269 1732 24 2 7 12 0 
95083 1246 592 179 8 660 107 7 313 1761 21 4 8 11 0 
95279 1237 597 153 11 645 78 8 289 1665 16 1 9 12 0 
95153 1243 603 123 11 628 107 6 318 1766 21 4 4 12 1 
95029 1227 609 173 6 663 104 11 310 1823 21 7 9 8 0 
95148 1242 610 149 5 666 114 8 326 1694 15 2 10 11 0 
95209 1174 603 157 5 647 96 9 303 1748 19 4 14 12 0 
95233 1153 582 158 6 591 108 7 294 1829 19 2 8 10 0 
95203 1214 587 160 8 678 117 2 287 1694 20 10 10 10 0 
95196 1228 602 174 5 646 104 6 274 1708 21 9 19 8 0 
95118 1256 583 158 7 661 122 7 314 1736 18 2 6 12 0 
95291 1212 552 152 7 665 85 4 298 1687 20 5 10 12 0 
95102 1248 601 168 7 663 89 7 298 1770 22 5 7 13 0 
95218 1194 612 163 12 623 96 4 316 1722 22 3 1 14 0 
94996 1293 629 153 3 650 111 8 322 1782 16 7 14 16 0 
95157 1296 599 185 9 626 103 3 297 1685 19 3 5 13 0 
95053 1221 629 146 7 692 112 3 311 1784 18 6 5 13 0 
95152 1239 577 149 11 617 119 6 300 1781 21 10 8 10 0 
95165 1223 571 162 9 644 113 7 299 1753 22 9 12 11 0 
95033 1281 630 153 7 643 128 2 313 1763 21 6 6 14 0 
95188 1246 596 151 7 665 105 6 287 1700 24 5 7 13 0 
95173 1214 579 176 8 661 116 13 314 1687 27 7 9 15 1 
95178 1237 580 191 6 612 112 9 276 1747 24 3 15 10 0 
95127 1230 644 165 6 664 117 2 290 1710 25 7 10 3 0 
95209 1313 580 143 9 629 104 9 321 1639 20 4 11 9 0 
95222 1212 592 154 4 670 119 6 292 1674 22 6 9 18 0 
95085 1284 617 148 6 645 109 7 298 1748 21 2 17 13 0 
95170 1260 614 160 8 595 112 10 299 1710 23 7 17 15 0 
95182 1214 578 154 6 675 117 2 299 1728 22 6 2 15 0 
95127 1236 593 148 9 648 94 6 323 1768 24 7 8 9 0 
95164 1261 604 167 7 614 117 6 288 1731 22 4 7 8 0 
95097 1273 615 154 10 648 97 10 303 1755 14 6 8 10 0 
95195 1167 568 172 5 676 93 4 308 1783 10 4 6 8 1 
95148 1220 592 148 9 653 108 7 306 1754 21 6 13 15 0 
95175 1189 613 174 13 593 120 6 306 1772 16 2 13 8 0 
95128 1314 604 160 6 644 111 4 321 1655 16 4 13 20 0 
95124 1200 615 196 12 600 103 6 310 1790 21 4 7 12 0 
95097 1208 582 165 8 663 107 5 299 1822 18 4 10 12 0 
95194 1245 581 133 6 638 101 6 283 1752 32 5 8 16 0 
95247 1191 586 161 9 640 108 6 330 1675 19 3 9 16 0 
95123 1241 605 124 5 665 91 5 318 1789 12 6 7 9 0 
95176 1255 578 138 5 651 117 9 295 1725 21 8 10 11 1 
95066 1243 591 169 6 642 109 7 294 1831 23 3 6 10 0 
95174 1248 562 165 4 639 110 6 301 1754 19 4 5 9 0 
95154 1282 575 155 3 661 112 3 318 1692 19 8 8 10 0 
95121 1190 622 130 12 668 121 10 307 1764 27 5 6 17 0 
95160 1248 592 144 4 645 108 8 277 1776 24 3 7 4 0 
95207 1188 577 172 7 635 109 9 324 1726 21 7 7 11 0 
95147 1222 592 157 7 618 115 6 324 1768 22 7 10 5 0 
95141 1190 600 151 3 702 90 9 286 1776 35 7 4 6 0 
95104 1235 587 164 6 658 132 5 290 1768 19 5 13 14 0 
95155 1166 621 168 9 679 129 3 298 1719 28 7 7 11 0 
95103 1209 582 179 8 691 102 11 295 1781 18 6 10 5 0 
95095 1197 611 171 5 667 102 1 311 1802 19 2 9 8 0 
95095 1242 628 148 8 662 111 15 325 1722 25 5 8 6 0 
95077 1226 599 169 8 618 120 8 324 1803 19 2 10 17 0 
95155 1248 608 157 4 654 106 7 276 1746 19 6 5 9 0 
95112 1221 629 150 6 647 101 3 316 1773 15 8 10 9 0 
95337 1184 550 158 6 638 90 6 300 1687 23 3 10 8 0 
95151 1273 619 181 5 600 119 5 321 1693 18 3 6 6 0 
95078 1268 641 152 9 606 114 10 299 1775 21 4 13 10 0 
95188 1161 613 155 4 660 105 6 322 1735 26 6 13 6 0 
95000 1308 616 157 7 653 101 6 307 1789 23 6 12 15 0 
95155 1215 582 152 1 672 112 9 317 1729 26 5 11 14 0 
95100 1276 599 163 10 615 113 5 321 1757 18 3 9 11 0 
95185 1231 605 136 4 669 109 6 298 1709 20 4 10 14 0 
95177 1199 581 180 7 668 105 3 314 1716 23 6 11 10 0 
95153 1195 589 148 8 606 126 9 290 1825 26 4 11 10 0 
95153 1250 624 168 5 611 111 9 318 1697 26 3 10 15 0 
95129 1208 603 134 13 678 109 8 309 1759 19 6 11 14 0 
95199 1263 575 165 4 651 100 6 317 1667 27 7 10 9 0 
95072 1266 616 177 10 640 120 5 301 1743 21 7 9 12 1 
95122 1195 634 187 11 651 119 5 286 1748 17 4 7 14 0 
95145 1228 604 176 6 628 116 10 321 1723 17 3 8 15 0 
95301 1099 625 170 5 604 120 4 307 1723 18 5 5 14 0 
95097 1236 647 153 8 636 110 5 317 1746 25 2 9 9 0 
95080 1178 608 149 11 656 111 5 300 1858 18 4 11 11 0 
95219 1194 624 153 4 653 119 5 307 1680 20 5 10 7 0 
95162 1225 624 166 3 606 116 11 306 1733 22 7 10 9 0 
95261 1206 554 156 4 650 100 3 310 1714 21 6 9 6 0 
95088 1212 610 152 11 680 119 11 312 1765 21 4 7 7 1 
95130 1246 585 159 4 660 109 9 311 1740 23 6 8 10 0 
95071 1231 622 171 5 626 115 10 327 1778 25 7 9 3 0 
95223 1208 554 169 7 670 112 11 310 1696 19 5 6 10 0 
95274 1193 537 171 10 634 106 8 309 1723 15 3 8 9 0 
95126 1239 607 157 8 618 103 8 280 1805 23 2 11 13 0 
95211 1229 552 159 8 672 110 4 278 1743 15 7 4 8 0 
95188 1240 628 125 6 635 99 6 273 1751 21 5 13 10 0 
95100 1242 601 168 6 624 122 9 310 1769 28 3 13 5 0 
95197 1229 571 160 4 640 114 6 326 1699 30 9 7 8 0 
95276 1183 572 162 8 638 91 10 291 1733 19 2 7 8 0 
95160 1216 579 185 7 632 98 8 329 1745 16 5 10 10 0 
95315 1235 583 151 7 592 94 6 303 1665 21 5 10 13 0 
95024 1252 594 150 5 678 112 4 294 1845 13 10 9 10 0 
95130 1211 591 163 6 681 118 10 312 1735 22 6 7 8 0 
95075 1209 564 163 6 699 102 6 286 1853 18 3 5 11 0 
95123 1240 608 152 7 601 133 2 297 1796 26 2 8 5 0 
95133 1222 606 151 7 616 123 2 321 1771 24 5 10 9 0 
95030 1288 594 136 5 653 139 2 304 1811 23 2 6 7 0 
95123 1270 583 148 9 667 121 5 280 1761 14 5 6 8 0 
95144 1236 643 150 4 598 115 4 281 1790 12 7 9 7 0 
95198 1237 553 156 5 650 109 7 316 1721 19 8 12 9 0 
95255 1202 588 145 8 613 116 7 294 1735 17 2 12 6 0 
95179 1217 569 162 4 672 115 7 300 1719 24 5 11 16 0 
95184 1233 607 136 11 685 97 5 299 1701 22 1 8 11 0 
95056 1291 616 151 7 631 108 12 322 1754 18 8 16 10 0 
95127 1284 593 167 9 652 112 11 291 1706 21 8 11 8 0 
95142 1202 642 161 5 662 91 5 319 1732 18 5 8 8 0 
95223 1270 540 153 8 656 89 7 291 1722 19 6 5 11 0 
95279 1171 603 169 4 608 118 6 300 1694 20 4 12 12 0 
95176 1266 589 139 6 623 99 7 321 1724 25 8 8 9 0 
95047 1244 614 153 7 654 119 4 297 1805 24 9 10 13 0 
95088 1248 574 157 3 638 110 10 301 1812 23 9 14 11 2 
95174 1232 588 171 6 636 113 7 309 1718 23 4 7 12 0 
95224 1226 557 138 10 644 114 5 315 1718 24 7 5 13 0 
95128 1237 592 159 4 647 123 9 311 1744 21 6 6 13 0 
95243 1203 569 133 6 641 96 7 324 1730 18 7 12 11 0 
95184 1186 580 194 4 649 109 9 317 1719 22 0 15 12 0 
95206 1203 580 145 7 665 96 8 311 1735 17 7 6 14 0 
95158 1208 605 156 7 638 117 11 320 1742 15 3 10 10 0 
95207 1180 571 162 5 638 123 6 309 1756 24 5 6 8 0 
95147 1221 599 157 6 634 102 6 317 1763 21 5 13 9 0 
95193 1219 583 179 9 640 107 9 298 1716 16 9 11 10 1 
95115 1274 616 134 8 660 106 1 296 1753 20 3 8 6 0 
95174 1193 577 172 9 586 106 4 288 1837 30 6 6 12 0 
95202 1197 609 154 7 625 106 6 312 1736 23 5 8 9 1 
95118 1216 605 160 9 687 117 5 290 1740 24 4 11 14 0 
95051 1214 624 155 5 675 110 7 331 1774 21 10 13 10 0 
95188 1221 557 170 7 655 117 8 297 1735 21 6 10 8 0 
95204 1237 562 147 8 649 105 10 257 1777 18 2 12 12 0 
95164 1253 573 133 4 605 128 6 290 1807 14 7 7 9 0 
95198 1202 599 173 6 634 102 5 299 1727 21 8 10 16 0 
95104 1231 604 157 8 612 98 8 279 1837 27 6 17 12 0 
95096 1215 628 159 4 650 119 7 315 1761 28 2 7 9 0 
95151 1232 578 130 8 646 126 9 307 1769 20 5 7 12 0 
95066 1294 614 138 2 626 112 2 312 1786 18 8 9 13 0 
95127 1208 586 158 11 670 122 1 289 1776 22 5 10 15 0 
95035 1246 628 161 7 644 106 8 323 1792 17 4 13 16 0 
95231 1202 587 152 6 631 105 5 283 1754 16 7 12 9 0 
95218 1202 612 178 6 656 104 11 267 1709 21 6 4 6 0 
95154 1165 615 142 4 658 130 3 338 1756 18 1 9 7 0 
95192 1275 552 147 7 612 95 8 293 1773 17 6 11 12 0 
95168 1208 615 159 4 637 107 5 353 1691 27 3 13 10 0 
95106 1204 603 148 4 628 115 5 310 1827 23 4 10 13 0 
95152 1260 551 145 4 705 118 7 291 1725 16 5 8 13 0 
95123 1263 603 144 4 623 100 14 315 1774 18 1 8 10 0 
95164 1228 575 154 7 658 108 8 284 1773 18 2 10 11 0 
95207 1200 616 159 6 632 94 6 304 1730 22 7 7 10 0 
95332 1222 575 153 4 620 110 7 306 1632 15 8 10 6 0 
95081 1218 598 177 7 653 131 9 306 1775 24 4 7 10 0 
95231 1263 575 162 3 596 112 3 313 1702 18 3 7 12 0 
95187 1207 610 141 11 630 109 8 310 1729 23 5 14 16 0 
95125 1242 628 135 11 687 126 8 320 1666 23 3 7 19 0 
95197 1163 593 169 6 655 112 8 307 1753 20 2 9 6 0 
95090 1243 626 172 2 629 110 2 320 1764 25 3 4 10 0 
95347 1179 558 160 9 596 101 3 285 1715 23 3 9 12 0 
95164 1192 592 152 3 633 110 8 304 1788 19 5 15 15 0 
95081 1236 571 155 5 663 119 8 284 1838 20 5 7 8 0 
95198 1212 586 153 5 624 113 7 301 1739 41 1 5 15 0 
95081 1197 579 169 12 652 116 3 330 1822 20 4 7 8 0 
95155 1255 602 157 6 669 103 5 263 1741 24 6 6 8 0 
95294 1171 580 148 5 621 108 6 288 1736 18 3 9 13 0 
95099 1235 601 156 10 652 106 12 321 1763 21 5 8 11 0 
95093 1231 624 155 3 675 108 4 301 1753 26 5 10 12 0 
95218 1240 580 172 4 636 119 9 292 1679 27 7 7 10 0 
95105 1255 585 168 4 633 113 6 310 1772 21 4 10 13 1 
95198 1217 584 168 3 645 103 7 292 1733 28 4 9 9 0 
95053 1236 606 175 6 671 131 10 307 1756 23 4 11 11 0 
95172 1280 566 146 7 629 104 6 316 1720 20 9 8 17 0 
95138 1213 580 144 6 668 123 9 305 1773 19 3 10 9 0 
95222 1197 584 155 14 682 112 8 315 1668 27 3 4 9 0 
95264 1184 574 163 5 654 97 4 314 1695 15 4 16 11 0 
95186 1168 615 166 2 623 113 14 326 1734 19 8 12 14 0 
95197 1192 637 133 9 664 107 5 313 1687 31 9 9 7 0 
95103 1231 597 150 5 682 115 4 294 1778 21 3 11 6 0 
95069 1251 608 154 3 687 113 6 329 1723 22 2 18 15 0 
95132 1187 588 146 10 648 111 7 302 1826 20 6 3 14 0 
95255 1199 597 163 3 644 102 8 287 1689 21 7 14 11 0 
95092 1241 611 141 6 667 107 4 300 1782 24 5 6 14 0 
95158 1192 588 139 7 629 116 9 287 1826 24 7 6 10 2 
95173 1180 585 149 7 673 130 8 317 1733 19 6 10 10 0 
95232 1237 573 164 8 592 121 5 310 1705 21 4 18 10 0 
95245 1207 568 134 6 641 116 7 321 1717 16 4 9 9 0 
95124 1238 605 156 8 645 109 5 295 1774 16 4 6 15 0 
95203 1268 560 142 3 664 111 7 297 1695 22 5 8 15 0 
95163 1237 625 162 11 657 112 9 291 1685 26 2 9 11 0 
95208 1216 571 165 6 631 110 7 275 1748 35 3 8 16 1 
95147 1258 616 147 7 647 101 5 282 1743 20 6 7 14 0 
95144 1275 558 157 6 601 95 7 315 1796 19 7 11 9 0 
95178 1182 607 163 3 613 103 4 311 1777 35 4 12 8 0 
95146 1226 617 156 6 666 107 9 303 1731 22 2 6 3 0 
95141 1238 573 174 10 647 110 12 293 1753 24 4 10 11 0 
95231 1235 530 144 3 676 119 4 291 1730 17 7 3 10 0 
95147 1221 600 152 6 644 106 7 316 1760 18 5 12 6 0 
95103 1285 589 148 8 622 99 5 318 1765 29 7 12 10 0 
95129 1239 567 153 3 660 93 8 306 1789 25 6 11 10 1 
95153 1198 606 159 11 680 123 10 296 1725 18 6 9 6 0 
95241 1192 600 141 8 635 110 7 344 1683 19 4 5 11 0 
95114 1273 595 148 5 645 111 11 290 1773 21 2 7 5 0 
95125 1270 590 162 8 639 113 6 317 1712 25 10 11 12 0 
95031 1271 622 142 3 616 130 5 306 1827 19 7 11 10 0 
95179 1230 541 162 11 660 113 7 296 1742 27 11 9 12 0 
95082 1209 647 165 3 644 117 5 339 1738 26 4 9 12 0 
95073 1261 602 170 6 662 122 7 297 1745 23 6 16 10 0 
95238 1169 558 150 6 653 107 3 302 1763 26 6 8 11 0 
95306 1184 569 161 10 610 113 4 300 1689 18 5 13 17 1 
95142 1238 603 141 5 654 102 7 291 1770 17 6 9 15 0 
95240 1235 539 179 5 633 102 7 290 1717 24 7 13 9 0 
95178 1223 608 148 10 594 114 8 315 1749 24 6 15 8 0 
95212 1208 594 165 2 614 121 14 303 1727 18 3 7 12 0 
95014 1254 593 174 11 660 121 6 325 1808 20 6 3 5 0 
95250 1217 546 153 12 643 104 5 276 1757 15 5 9 8 0 
95048 1258 611 159 9 650 106 4 297 1803 25 7 6 17 0 
95182 1180 608 162 1 679 125 6 285 1730 18 8 9 6 1 
95197 1192 599 161 8 601 121 6 273 1806 16 3 8 9 0 
95187 1223 558 157 8 694 118 4 305 1689 26 4 10 17 0 
95153 1276 561 167 7 638 114 3 278 1745 25 7 14 12 0 
95197 1227 570 156 7 639 128 8 286 1741 21 3 9 8 0 
95187 1258 546 146 8 646 107 9 294 1753 20 1 11 14 0 
95169 1194 610 138 6 624 107 7 300 1788 27 3 14 13 0 
95256 1200 594 164 12 646 96 8 304 1678 20 7 8 7 0 
95036 1242 588 150 6 676 110 6 304 1833 21 5 8 15 0 
95118 1205 608 122 8 649 115 6 316 1810 19 5 9 10 0 
95130 1192 588 166 3 691 110 6 300 1758 24 8 12 12 0 
95186 1172 623 152 7 643 118 10 308 1737 26 2 5 11 0 
95115 1245 560 161 7 665 122 5 305 1770 20 3 10 12 0 
95243 1203 634 151 10 624 110 7 286 1686 20 7 12 7 0 
95032 1282 581 158 4 644 105 7 323 1828 15 3 11 7 0 
95218 1224 610 157 4 655 108 3 301 1671 20 7 7 15 0 
95106 1238 592 143 10 648 110 9 318 1771 28 4 9 14 0 
95053 1230 603 184 8 659 127 8 312 1770 16 9 8 13 0 
95012 1295 600 179 6 648 137 4 313 1764 21 2 6 13 0 
95184 1229 561 138 9 708 114 7 292 1707 26 7 6 12 0 
95274 1241 606 135 10 619 102 4 267 1697 20 2 5 18 0 
95118 1239 570 175 4 639 89 4 295 1817 16 7 15 12 0 
95213 1239 591 163 1 643 124 7 319 1653 24 5 8 10 0 
95081 1243 617 150 7 675 111 9 321 1752 17 6 5 6 0 
95170 1283 588 151 4 629 120 7 310 1699 17 4 8 10 0 
95136 1255 595 144 8 636 115 14 274 1779 26 7 5 6 0 
94996 1231 652 161 9 686 117 4 320 1778 23 4 10 8 1 
95060 1250 625 163 5 639 115 7 320 1767 24 4 9 12 0 
95003 1305 601 167 6 701 98 6 315 1753 26 2 8 9 0 
95178 1265 536 168 6 634 111 6 302 1755 21 4 7 7 0 
95205 1222 622 143 3 650 102 6 308 1701 19 4 8 7 0 
95166 1232 600 154 6 649 123 6 286 1734 15 2 13 14 0 
95028 1268 615 157 10 646 117 6 331 1766 30 6 12 8 0 
95146 1177 605 175 8 669 120 8 327 1715 24 4 12 10 0 
95212 1159 587 164 5 618 119 9 322 1742 31 6 11 15 0 
95055 1287 581 128 4 691 134 6 269 1796 29 6 7 7 0 
95083 1252 616 153 8 689 132 1 283 1731 17 8 20 7 0 
95170 1196 628 161 6 659 114 8 281 1730 18 10 8 11 0 
95123 1226 606 169 7 659 105 5 313 1739 21 3 15 9 0 
95215 1221 538 152 5 616 127 8 318 1749 33 6 8 4 0 
95209 1252 586 149 6 664 100 8 307 1672 19 7 9 12 0 
95201 1246 637 158 3 608 90 13 294 1702 22 3 10 13 0 
95162 1265 600 194 8 687 90 6 278 1665 23 7 7 8 0 
95127 1217 643 157 7 614 125 3 288 1761 29 7 6 16 0 
95051 1217 617 140 12 667 113 7 313 1819 18 7 8 11 0 
95101 1232 587 162 9 634 126 4 301 1796 22 7 7 11 1 
95138 1233 595 147 7 658 110 6 298 1776 11 5 8 8 0 
95241 1218 625 143 10 596 108 6 312 1699 16 4 8 14 0 
95167 1238 638 170 3 627 119 7 299 1686 19 1 7 19 0 
95267 1242 561 155 4 601 102 9 292 1715 23 6 8 15 0 
95223 1269 570 159 7 655 105 6 284 1683 19 2 12 6 0 
95069 1171 631 141 9 660 107 6 332 1824 21 7 8 13 1 
95307 1176 592 144 8 605 106 5 275 1731 27 6 6 12 0 
95087 1212 666 158 5 624 137 3 304 1775 11 6 6 6 0 
95182 1213 618 171 4 603 104 9 318 1734 17 6 10 11 0 
95020 1240 642 158 6 658 104 2 311 1820 17 5 5 11 1 
95169 1215 585 155 8 639 87 3 350 1735 21 8 13 12 0 
95087 1197 651 164 4 606 128 14 320 1762 34 4 15 14 0 
95208 1212 613 132 6 609 109 8 323 1738 16 5 10 11 0 
95139 1274 621 152 10 647 107 9 278 1713 24 5 9 12 0 
95141 1194 626 157 4 595 120 10 316 1784 25 8 10 10 0 
95151 1314 581 154 7 632 103 6 268 1728 24 6 15 11 0 
95184 1228 589 169 4 634 104 7 319 1716 20 9 11 6 0 
95014 1308 612 166 6 644 116 6 330 1748 24 5 11 10 0 
95092 1225 598 162 12 632 124 5 324 1778 24 3 8 13 0 
95073 1324 608 129 4 629 112 5 305 1762 18 8 9 14 0 
95182 1215 600 152 4 654 118 9 302 1709 22 8 10 15 0 
95212 1217 597 152 6 633 114 10 301 1708 19 2 11 18 0 
95225 1216 614 138 9 660 115 9 281 1688 25 6 5 9 0 
95084 1247 631 155 4 648 114 2 286 1785 17 2 11 14 0 
95082 1255 611 161 2 626 116 4 304 1796 17 3 10 13 0 
95203 1190 582 156 7 677 114 5 311 1708 17 10 8 12 0 
95222 1216 615 155 7 619 112 5 304 1702 22 8 4 9 0 
95095 1272 543 171 8 675 104 10 290 1775 25 7 15 10 0 
95118 1240 584 165 6 669 124 9 308 1728 25 5 10 9 0 
95060 1237 568 133 7 695 106 5 286 1858 17 4 14 10 0 
95228 1204 643 152 6 621 119 8 308 1664 17 3 14 13 0 
95120 1207 610 159 6 669 104 5 304 1763 24 2 12 15 0 
95064 1195 627 128 11 692 116 6 310 1804 31 2 9 5 0 
95190 1201 575 133 6 660 121 7 315 1745 27 2 9 9 0 
95230 1188 593 166 8 624 110 6 307 1729 24 3 8 4 0 
95189 1197 630 147 6 597 123 7 317 1748 18 7 6 8 0 
95178 1196 577 192 11 645 112 9 314 1720 27 3 8 8 0 
95060 1265 585 169 8 682 108 9 295 1768 32 3 8 8 0 
95296 1194 568 172 13 652 107 6 291 1650 28 3 11 9 0 
95120 1268 578 163 8 664 107 4 287 1761 25 4 6 5 0 
95008 1242 603 177 6 615 121 6 338 1836 22 7 10 9 0 
95129 1248 605 164 10 641 123 8 297 1722 28 8 7 9 1 
95112 1221 592 175 5 680 101 4 304 1760 28 3 7 8 0 
95202 1258 589 149 6 584 103 8 279 1779 20 5 7 11 0 
95215 1207 605 151 8 659 96 10 302 1700 17 4 17 9 0 
95134 1236 567 176 9 695 117 2 321 1701 25 1 7 9 0 
95251 1242 566 152 7 639 110 8 327 1646 30 6 7 9 0 
95167 1193 642 148 8 638 128 8 291 1729 29 4 6 9 0 
95084 1233 577 156 7 658 104 8 307 1826 25 0 6 9 0 
95170 1204 628 154 4 665 110 4 272 1741 20 5 11 12 0 
95072 1233 614 160 4 681 118 8 327 1735 20 2 16 10 0 
95110 1263 601 159 8 655 96 4 308 1758 17 3 7 11 0 
95189 1197 661 171 8 620 100 5 314 1690 16 3 7 19 0 
95196 1219 604 187 9 611 104 6 271 1744 16 5 13 15 0 
95259 1273 530 140 5 623 105 13 286 1729 19 2 6 10 0 
95167 1213 606 170 6 655 110 6 299 1725 22 5 8 8 0 
95211 1206 608 175 8 660 111 4 279 1693 22 5 8 10 0 
95074 1293 621 139 12 640 107 8 309 1744 27 5 15 6 0 
95237 1181 583 164 2 641 111 10 316 1700 25 1 10 19 0 
95136 1182 613 166 8 664 101 3 325 1763 21 2 6 10 0 
95156 1223 620 135 10 618 124 5 270 1788 24 8 7 12 0 
95134 1253 582 146 9 638 117 6 290 1773 20 5 13 14 0 
95149 1213 589 167 8 659 120 8 296 1735 32 5 8 11 0 
95161 1238 607 140 4 614 101 6 322 1751 31 5 10 10 0 
95267 1218 563 167 6 638 110 7 286 1701 21 3 6 7 0 
95122 1207 622 171 6 662 96 5 291 1773 22 2 8 13 0 
95209 1231 597 136 4 635 117 5 272 1746 21 9 10 8 0 
95140 1285 590 158 7 611 103 9 304 1753 20 5 4 11 0 
95204 1213 577 168 9 647 123 8 286 1717 20 5 9 14 0 
95220 1240 540 160 4 612 118 7 291 1771 14 4 9 10 0 
95226 1190 590 157 8 656 113 6 311 1694 22 2 11 14 0 
94923 1258 627 169 10 703 130 10 277 1849 19 4 8 13 0 
95171 1240 567 148 8 646 103 8 280 1783 16 5 16 9 0 
95204 1247 563 177 5 649 110 5 306 1685 16 5 13 15 0 
95127 1255 604 158 10 639 119 4 321 1711 19 3 12 17 1 
95211 1193 610 166 1 643 119 2 295 1714 19 6 9 12 0 
95271 1227 575 165 3 654 87 8 282 1692 19 4 5 8 0 
95370 1134 566 147 5 644 125 9 302 1651 26 5 7 8 1 
95154 1252 616 163 2 626 125 5 320 1697 19 5 7 9 0 
95181 1228 559 179 5 625 121 6 260 1772 28 7 7 21 1 
95189 1227 595 158 6 688 101 5 271 1714 20 1 8 16 1 
95095 1217 601 150 10 635 105 12 318 1810 24 6 5 12 0 
95177 1233 563 150 9 629 121 8 288 1778 17 5 13 8 1 
95189 1219 581 161 2 634 109 8 285 1774 17 4 8 9 0 
95125 1219 661 176 4 615 107 9 303 1731 27 3 8 12 0 
95267 1243 599 130 11 576 118 4 289 1705 33 3 12 9 1 
95134 1204 634 143 11 624 118 8 305 1779 21 9 7 3 0 
95244 1169 569 141 6 646 101 12 330 1750 15 2 8 7 0 
94973 1289 651 165 5 666 119 13 294 1781 18 7 8 11 0 
95301 1168 558 151 3 644 106 5 308 1724 12 4 7 9 0 
95230 1213 597 153 7 632 108 9 291 1722 21 4 4 9 0 
95090 1248 577 157 6 661 113 9 311 1787 22 3 9 6 1 
95143 1207 566 148 8 678 113 11 328 1769 14 3 4 8 0 
95103 1229 643 159 5 636 110 7 289 1779 13 5 12 10 0 
95081 1313 567 168 7 642 105 7 322 1747 18 8 6 9 0 
95084 1216 637 161 12 646 119 3 278 1787 28 3 10 16 0 
95157 1278 590 153 7 673 111 7 309 1678 14 5 8 10 0 
95122 1253 584 165 3 655 104 8 306 1748 28 5 10 9 0 
95209 1172 628 155 5 629 108 6 309 1737 17 8 11 6 0 
95080 1229 627 176 6 645 107 6 319 1755 22 6 6 16 0 
95118 1247 611 153 3 647 103 7 305 1767 14 4 7 14 0 
95235 1151 617 167 9 676 100 7 291 1699 23 6 6 13 0 
95134 1205 587 134 8 633 116 5 282 1837 25 8 14 12 0 
95233 1213 580 157 9 680 93 9 294 1690 21 6 7 7 1 
95077 1248 622 174 8 699 112 6 294 1713 25 6 9 7 0 
95096 1231 616 177 5 668 131 4 299 1725 19 6 10 11 2 
95233 1209 531 142 6 684 123 6 335 1693 18 3 8 8 1 
95259 1158 591 151 4 644 120 4 301 1714 27 4 13 10 0 
95147 1225 604 149 5 669 117 5 300 1750 16 4 4 5 0 
95217 1213 619 158 4 623 108 8 313 1683 32 6 7 9 0 
95219 1242 576 136 6 622 112 9 316 1710 22 3 12 15 0 
95308 1213 584 151 7 623 97 7 300 1660 26 4 8 12 0 
95158 1220 654 160 7 616 104 7 324 1691 24 10 13 11 1 
95123 1236 577 144 5 641 101 7 324 1810 13 4 6 9 0 
95140 1270 578 142 10 598 117 5 342 1751 22 8 12 5 0 
95116 1261 627 158 6 632 125 9 315 1705 23 2 10 11 0 
95219 1205 585 177 10 648 117 6 300 1681 25 4 10 13 0 
95232 1246 585 152 10 614 103 7 320 1691 22 6 4 8 0 
95211 1194 600 188 2 654 110 12 279 1706 15 10 9 10 0 
95137 1241 617 196 7 628 108 6 305 1712 21 2 3 17 0 
95233 1182 579 147 3 698 104 2 295 1700 24 8 12 13 0 
95251 1229 611 166 6 644 108 6 270 1656 21 8 10 14 0 
95126 1207 625 164 1 654 116 4 285 1769 24 2 9 14 0 
95081 1230 632 146 9 671 126 12 307 1737 24 4 12 9 0 
95225 1239 598 139 2 650 112 8 259 1733 18 3 7 7 0 
95162 1193 593 147 6 673 119 5 306 1745 24 2 15 10 0 
95042 1252 626 154 7 649 110 10 311 1785 27 1 12 14 0 
95185 1187 576 157 6 669 111 7 299 1765 14 2 7 15 0 
95148 1266 546 162 9 672 126 7 282 1728 23 6 9 16 0 
95231 1278 592 136 12 571 111 10 296 1711 23 9 10 10 0 
95220 1185 600 136 5 650 113 8 306 1734 22 5 8 8 0 
95003 1243 632 174 6 652 114 6 307 1808 22 8 10 15 0 
95177 1249 557 156 15 645 109 12 301 1728 30 7 5 9 0 
94962 1268 617 171 8 691 115 8 331 1788 20 3 7 9 2 
95019 1239 675 153 6 650 107 6 313 1773 31 6 8 13 1 
95175 1193 622 145 11 616 107 6 309 1770 21 8 7 10 0 
95176 1142 607 176 8 629 113 6 322 1765 23 4 7 22 0 
95162 1227 651 148 7 659 103 10 276 1707 27 5 8 10 0 
95234 1210 554 147 7 660 125 3 278 1725 24 3 13 17 0 
95158 1234 601 158 7 645 111 9 284 1732 23 7 14 17 0 
95107 1297 598 170 4 636 113 6 305 1725 20 4 3 12 0 
95204 1228 581 139 12 642 124 3 283 1736 28 3 9 8 0 
95162 1233 582 179 7 615 99 6 311 1753 26 9 10 8 0 
95118 1223 668 145 8 635 97 4 308 1742 23 7 11 11 0 
95300 1230 559 139 7 645 97 10 318 1652 22 5 9 7 0 
95163 1207 612 172 10 661 102 4 281 1742 18 3 12 12 1 
95229 1191 590 175 6 633 107 6 309 1708 21 6 10 9 0 
95105 1226 643 158 12 622 113 5 329 1741 26 4 10 6 0 
95265 1217 610 132 8 638 112 11 308 1645 24 6 15 9 0 
95178 1254 559 177 2 651 106 5 334 1696 17 4 9 8 0 
95141 1215 590 167 5 607 142 7 296 1779 21 3 9 18 0 
95175 1208 635 166 10 622 100 2 298 1736 26 5 7 10 0 
95140 1228 617 163 8 645 97 1 286 1777 17 7 9 5 0 
95185 1162 558 169 8 676 115 7 304 1776 17 3 10 10 0 
95171 1232 601 168 4 618 126 6 288 1749 15 2 8 12 0 
95146 1252 584 164 3 623 111 7 329 1728 22 7 11 13 0 
95081 1280 605 173 9 617 126 8 272 1776 23 3 12 14 1 
95186 1268 626 147 8 660 109 5 309 1638 20 6 7 11 0 
95122 1164 595 161 4 662 104 9 312 1831 23 2 7 4 0 
95037 1285 614 147 6 675 132 10 285 1758 27 6 7 10 1 
95155 1243 584 165 5 668 100 7 263 1763 18 2 11 16 0 
95212 1185 588 132 5 630 91 4 292 1806 21 4 12 17 1 
95206 1190 578 163 1 656 109 5 332 1707 27 6 8 12 0 
95168 1270 577 152 5 675 99 6 296 1706 23 6 4 13 0 
95135 1193 578 152 6 648 121 2 312 1801 24 5 9 14 0 
95196 1165 577 170 6 636 113 6 298 1783 25 11 7 7 0 
95151 1269 614 136 5 618 112 7 318 1721 17 5 9 18 0 
95228 1221 637 137 9 614 116 10 318 1657 23 5 9 16 0 
95092 1206 620 160 6 685 104 8 295 1781 24 5 5 9 0 
94967 1248 657 152 5 670 118 7 293 1839 22 1 10 11 0 
95217 1175 587 166 5 617 100 12 301 1776 23 7 11 3 0 
95265 1117 625 181 11 629 97 3 275 1760 14 4 11 8 0 
95129 1225 586 164 7 671 120 3 291 1773 14 2 4 11 0 
95171 1206 589 176 4 607 113 8 289 1782 33 6 9 7 0 
95258 1248 580 140 5 608 107 4 327 1677 17 3 12 14 0 
95125 1222 605 159 6 670 101 5 294 1757 30 3 12 11 0 
95055 1273 556 158 8 657 124 8 324 1803 13 5 7 8 1 
95139 1231 604 143 8 656 123 8 287 1760 21 3 9 8 0 
95225 1238 612 144 4 664 108 4 308 1651 20 3 9 10 0 
95253 1246 570 184 8 619 114 6 277 1663 29 8 9 14 0 
95144 1234 623 165 5 601 112 8 280 1781 22 3 10 12 0 
