95165 1128 632 202 7 722 106 5 271 1718 17 5 8 14 0 
95138 1196 639 201 6 657 103 2 302 1707 23 5 7 14 0 
95143 1236 585 197 5 655 131 8 270 1717 25 6 8 14 0 
95165 1168 626 192 8 679 108 3 255 1759 16 6 4 11 0 
95193 1135 602 161 4 652 109 7 332 1754 24 3 16 8 0 
95030 1191 630 241 10 708 94 5 296 1746 23 3 11 12 0 
95024 1232 597 196 4 695 112 2 269 1823 20 5 9 12 0 
95068 1150 606 155 11 685 117 8 273 1889 21 6 8 3 0 
95073 1171 620 185 5 727 116 13 301 1750 13 6 7 13 0 
95201 1186 610 186 9 647 102 3 262 1738 23 10 11 12 0 
95135 1201 612 174 5 704 105 5 270 1740 20 5 8 16 0 
94990 1193 642 188 3 694 106 5 306 1832 15 3 10 13 0 
95236 1138 589 191 11 666 115 10 280 1711 25 5 10 12 1 
95079 1251 612 184 5 694 110 8 259 1751 21 1 11 14 0 
95127 1210 597 195 6 673 115 3 280 1745 26 5 8 10 0 
95293 1176 575 180 6 655 111 11 281 1665 20 5 7 15 0 
95120 1177 588 186 8 690 97 5 256 1834 13 3 7 16 0 
95138 1167 595 194 11 663 91 9 279 1802 16 6 14 14 1 
95198 1172 602 166 10 640 94 8 324 1734 27 8 8 9 0 
95144 1192 626 178 9 635 123 1 274 1771 24 2 13 8 0 
95030 1204 627 193 8 702 104 6 284 1789 31 4 8 10 0 
95189 1141 585 213 2 689 106 6 282 1730 21 3 13 20 0 
95153 1175 631 171 13 715 117 10 272 1694 20 7 6 16 0 
95196 1205 655 167 4 618 110 4 300 1689 27 3 13 9 0 
95175 1228 591 201 8 661 88 4 262 1741 22 6 7 6 0 
95212 1136 587 170 8 682 107 6 280 1768 15 8 10 11 0 
95167 1202 587 176 7 633 138 6 301 1738 18 2 14 11 0 
95278 1118 591 183 4 634 125 5 286 1721 26 5 10 14 0 
95149 1146 617 198 9 673 117 5 286 1758 19 6 9 8 0 
95097 1194 608 168 5 640 146 7 274 1812 26 5 7 11 0 
95203 1159 591 179 6 641 103 8 310 1751 22 5 8 14 0 
95113 1170 612 191 6 683 106 5 299 1759 21 6 13 16 0 
95123 1184 620 211 11 712 117 5 273 1703 19 3 7 12 0 
95168 1151 620 186 5 641 125 6 282 1764 14 6 7 25 0 
95133 1223 572 162 6 721 89 8 267 1772 26 4 8 9 0 
95032 1232 623 180 4 714 102 11 254 1805 19 7 9 8 0 
95175 1172 606 164 5 656 107 5 271 1790 26 5 9 9 0 
95080 1245 611 169 10 643 116 7 284 1778 30 6 6 15 0 
95212 1141 587 175 6 659 112 7 290 1766 18 5 10 12 0 
95229 1165 595 186 10 657 108 6 301 1682 24 9 12 16 0 
95135 1220 583 179 8 665 93 7 264 1779 25 9 12 20 1 
95212 1241 579 197 5 650 133 6 247 1689 21 5 5 10 0 
95162 1213 596 200 0 644 101 5 292 1738 22 4 10 13 0 
95095 1206 611 180 7 663 111 6 283 1796 22 4 7 9 0 
95089 1158 637 195 10 655 131 6 295 1775 21 7 9 12 0 
95046 1215 612 164 4 684 103 7 277 1845 16 6 9 12 0 
95362 1132 572 158 9 665 124 4 249 1685 14 11 6 9 0 
95093 1209 576 202 8 682 103 7 278 1792 28 6 10 6 0 
95137 1193 593 187 6 684 91 4 270 1792 20 2 12 9 0 
95229 1235 580 176 7 643 104 6 302 1658 27 8 8 17 0 
95181 1154 624 185 3 660 104 12 291 1733 24 3 11 14 1 
95162 1180 615 193 13 677 98 6 278 1730 26 5 6 11 0 
95229 1191 592 190 9 655 98 4 281 1704 17 7 11 12 0 
95261 1161 574 182 8 663 95 3 296 1713 19 5 7 13 0 
95195 1125 595 186 6 693 108 1 265 1766 31 4 15 10 0 
95251 1132 568 201 9 679 101 7 294 1713 22 6 13 4 0 
95191 1214 595 179 4 625 111 9 284 1740 22 8 10 8 0 
95282 1133 586 156 7 677 118 9 249 1726 30 4 13 10 0 
95252 1150 573 190 6 647 108 8 287 1722 24 13 10 10 0 
95158 1181 646 203 7 636 114 2 279 1731 22 6 8 7 0 
95231 1160 603 174 4 655 115 6 303 1695 27 3 9 15 0 
95329 1216 595 162 2 641 109 11 253 1642 8 7 12 12 1 
95211 1166 582 199 3 681 102 7 254 1747 28 2 8 10 0 
95191 1174 562 177 11 668 104 11 276 1774 25 8 8 11 0 
95166 1246 574 188 9 653 114 11 290 1695 18 8 6 22 0 
95271 1175 559 191 3 624 115 7 299 1716 15 3 13 9 0 
95179 1172 632 198 5 630 118 4 303 1713 19 1 18 8 0 
95161 1146 592 170 7 708 126 8 276 1752 21 7 17 9 0 
95209 1210 556 183 9 631 107 13 287 1767 10 5 4 9 0 
95246 1130 634 181 5 614 119 4 262 1752 26 8 8 11 0 
95111 1210 608 174 7 690 124 5 276 1750 19 3 10 13 0 
95094 1172 599 198 7 669 120 10 258 1834 13 4 10 12 0 
95084 1175 648 180 6 698 113 7 253 1792 19 5 9 11 0 
95276 1145 635 150 8 654 127 6 263 1699 8 7 14 8 0 
95236 1175 607 167 3 653 105 8 256 1742 23 2 11 12 0 
95176 1153 594 181 11 705 104 6 284 1733 22 1 13 17 0 
95313 1129 549 188 5 675 105 6 280 1714 14 5 10 7 0 
95166 1160 591 190 3 690 101 8 262 1776 23 7 12 11 0 
95033 1192 603 181 8 698 124 4 275 1844 16 5 8 9 0 
95279 1107 600 181 7 699 109 8 231 1726 26 1 14 12 0 
95161 1176 602 197 8 686 118 13 297 1700 15 5 12 10 0 
95187 1235 618 168 5 657 106 4 271 1700 17 3 18 10 1 
95217 1203 605 169 5 667 122 10 293 1660 28 3 12 6 0 
95207 1193 609 190 6 615 118 8 265 1740 26 7 9 7 0 
95182 1178 610 159 12 651 108 14 270 1777 16 4 9 9 1 
95225 1148 583 179 6 683 116 7 262 1746 20 7 8 10 0 
95110 1179 598 200 11 681 116 7 267 1784 20 3 12 12 0 
95266 1134 594 177 8 692 104 5 269 1702 27 2 11 9 0 
95307 1172 583 159 12 660 99 7 260 1699 16 4 8 11 3 
95225 1169 594 149 7 655 94 8 267 1797 12 3 7 13 0 
95207 1222 587 166 6 676 103 7 245 1729 22 6 6 18 0 
95166 1218 601 180 10 693 122 7 279 1681 18 1 9 15 0 
95179 1148 583 202 12 681 122 6 268 1749 27 6 10 7 0 
95208 1148 595 159 7 666 119 9 270 1758 27 11 12 11 0 
95232 1193 588 170 8 661 122 6 292 1685 22 1 8 11 1 
95123 1183 588 206 1 657 137 5 277 1777 20 5 11 10 0 
95150 1174 591 195 6 684 113 7 306 1733 18 5 7 11 0 
95096 1230 586 175 9 690 110 6 271 1776 19 5 15 12 0 
95163 1190 563 177 6 662 119 6 304 1759 27 3 9 11 1 
95157 1199 605 156 5 662 93 8 267 1794 24 5 13 12 0 
95248 1164 593 184 8 649 126 4 267 1712 20 10 5 10 0 
95202 1176 585 160 3 679 111 8 287 1746 12 9 9 13 0 
95080 1161 588 173 8 754 98 3 302 1785 25 5 6 12 0 
95078 1180 585 179 9 700 114 6 284 1818 20 6 12 9 0 
95079 1217 623 189 9 665 110 10 294 1756 24 6 6 12 0 
95213 1244 624 166 7 656 106 3 264 1671 20 5 13 8 0 
95221 1132 616 184 3 657 88 9 299 1754 18 5 8 6 0 
95150 1167 641 175 8 647 112 9 292 1748 22 4 10 15 0 
95110 1220 631 165 8 675 101 5 282 1749 23 2 13 16 0 
95144 1159 617 182 6 677 104 4 281 1786 21 4 6 9 0 
95242 1155 610 171 4 679 117 2 285 1688 20 5 10 12 0 
95216 1182 610 199 2 671 111 5 254 1709 21 5 5 10 0 
95213 1146 586 177 9 671 100 7 280 1767 25 1 9 9 0 
95259 1133 617 149 6 662 103 6 263 1748 20 4 10 20 0 
95184 1154 576 172 7 662 125 10 276 1782 19 8 9 16 0 
95253 1185 564 177 3 672 136 6 258 1701 14 2 11 18 0 
95210 1178 625 201 6 613 106 7 266 1745 20 8 6 9 0 
95221 1181 544 179 5 660 112 4 280 1768 22 5 6 13 0 
95203 1167 643 181 6 662 119 7 276 1692 17 4 11 12 0 
95030 1204 634 196 8 695 91 4 305 1790 22 3 6 12 0 
95012 1166 651 197 5 700 106 4 324 1786 21 8 9 11 0 
95154 1202 591 202 15 643 125 8 279 1733 23 5 6 14 0 
95066 1226 622 189 9 651 103 9 301 1790 17 4 3 10 0 
95184 1149 621 167 9 634 120 5 293 1776 16 2 11 13 0 
95243 1115 617 194 7 665 119 2 255 1739 15 9 10 10 0 
95235 1200 562 178 6 670 119 9 295 1687 20 3 6 10 0 
95162 1172 637 179 4 638 116 7 248 1783 19 7 7 21 0 
95107 1163 565 183 4 662 108 11 278 1878 19 6 5 11 0 
95266 1200 600 180 7 678 107 4 278 1649 12 3 5 11 0 
95074 1267 581 179 2 694 108 11 298 1744 15 2 13 12 0 
95169 1181 579 174 10 668 123 9 275 1772 20 2 7 10 1 
95143 1156 579 176 5 670 101 11 303 1807 30 2 7 10 0 
95015 1217 626 183 8 682 130 10 285 1790 25 5 11 13 0 
95232 1160 594 174 7 666 120 8 279 1699 32 2 11 16 0 
95154 1105 609 205 8 698 103 8 285 1775 20 6 11 13 0 
95169 1265 602 191 10 674 104 5 284 1645 24 7 9 11 0 
95169 1162 636 189 4 641 99 4 284 1773 21 1 6 11 0 
95174 1181 641 160 9 620 129 5 289 1725 32 6 11 17 1 
95244 1122 609 166 6 644 122 12 259 1764 22 8 13 9 0 
95164 1242 619 155 5 671 127 4 279 1697 18 4 8 7 0 
95118 1224 586 181 8 678 121 10 245 1787 11 8 14 9 0 
95300 1154 585 184 4 641 102 3 275 1698 29 8 6 11 0 
95139 1207 655 167 4 669 120 3 299 1690 24 3 7 13 0 
95159 1210 644 173 6 629 115 10 302 1703 21 7 8 13 0 
95213 1161 577 188 9 638 120 5 262 1781 21 3 13 9 0 
95219 1223 559 195 10 626 111 6 300 1710 13 5 8 15 0 
95328 1115 573 175 6 670 90 10 260 1728 20 4 10 11 0 
95156 1172 629 197 6 685 114 14 282 1703 10 7 10 15 0 
95076 1201 617 200 9 666 109 3 286 1788 18 7 10 10 0 
95186 1123 640 192 9 648 102 4 292 1764 21 6 5 8 0 
95228 1194 595 174 8 649 115 8 281 1706 17 2 13 9 1 
95154 1196 575 190 12 645 134 8 286 1759 13 8 7 13 0 
95175 1172 595 190 11 620 96 6 268 1826 19 6 9 7 0 
95208 1173 574 208 7 686 102 10 245 1746 20 2 5 14 0 
95082 1279 596 178 3 687 118 6 277 1729 18 4 11 12 0 
95254 1154 607 178 6 674 116 2 270 1694 14 1 15 15 0 
95043 1206 647 189 8 679 100 5 286 1784 24 7 13 9 0 
95214 1151 591 180 6 666 134 5 283 1719 27 6 8 10 0 
95162 1215 592 173 5 676 98 6 286 1742 23 4 3 14 1 
95206 1111 614 228 17 625 106 5 304 1738 24 3 9 10 0 
95118 1184 645 168 4 671 111 8 259 1788 15 9 6 14 0 
95230 1168 594 185 8 629 107 6 255 1773 27 4 7 7 0 
95110 1167 588 198 7 665 99 6 310 1807 20 6 9 8 0 
95212 1200 586 203 9 667 92 6 256 1726 22 4 7 10 0 
95231 1219 604 166 7 625 104 6 265 1727 18 8 9 11 0 
95210 1171 618 170 2 637 107 6 270 1759 22 6 12 10 0 
95228 1148 601 198 6 617 120 6 281 1744 26 4 14 7 0 
95318 1096 609 188 5 645 120 8 254 1700 25 9 7 16 0 
95159 1152 605 169 8 693 109 4 259 1803 17 8 8 5 1 
95229 1161 580 161 7 650 130 13 277 1742 20 2 16 12 0 
95138 1211 570 179 4 691 116 6 304 1731 27 7 7 9 0 
95130 1192 588 185 11 677 126 9 295 1741 17 5 14 10 0 
95198 1143 618 199 8 640 126 6 270 1743 20 6 6 17 0 
95212 1110 639 193 5 643 113 8 267 1772 25 6 3 4 0 
95169 1157 580 156 6 683 108 5 263 1835 20 5 6 7 0 
95254 1131 580 183 6 649 120 7 270 1754 26 3 12 5 0 
95234 1199 579 173 4 645 112 8 266 1726 25 7 6 16 0 
95166 1157 602 182 7 692 118 6 280 1741 23 9 5 12 0 
95111 1212 597 176 11 678 101 5 272 1799 14 3 7 14 0 
95254 1152 551 170 7 665 113 9 269 1764 21 4 11 10 0 
95105 1207 615 176 7 664 106 9 282 1783 21 7 7 11 0 
95152 1177 563 187 4 653 109 8 302 1795 21 6 9 14 0 
94992 1210 619 169 5 730 123 3 324 1779 16 7 8 15 0 
95238 1128 581 188 7 681 106 7 263 1758 28 4 5 6 0 
95205 1147 563 196 11 632 110 6 313 1776 19 4 6 12 0 
95158 1210 563 177 7 714 102 5 279 1737 24 4 6 14 0 
95101 1218 620 187 8 671 107 7 268 1774 24 3 4 8 0 
95042 1179 643 192 13 656 120 7 292 1810 22 2 8 14 0 
95124 1207 570 178 6 676 113 7 268 1807 15 7 6 16 0 
95147 1238 557 169 8 665 108 5 283 1775 20 4 11 10 0 
95249 1183 607 179 6 683 95 2 257 1686 31 2 10 10 0 
95187 1196 605 187 5 666 114 11 278 1712 20 5 8 6 0 
95125 1224 569 170 12 654 96 7 294 1814 14 2 9 10 0 
95140 1196 583 206 5 708 107 6 265 1733 24 8 14 5 0 
95299 1133 575 165 6 632 131 3 276 1729 16 3 16 16 0 
95300 1190 615 160 9 663 110 7 250 1647 20 6 12 11 0 
95130 1183 610 180 7 722 121 8 287 1706 27 3 11 5 0 
95153 1186 584 190 10 665 112 6 257 1787 25 5 9 11 0 
95208 1167 561 178 7 643 105 7 290 1784 27 6 7 10 0 
95282 1149 610 198 4 650 112 3 241 1698 25 7 9 12 0 
95230 1123 581 181 5 678 105 9 290 1740 25 9 14 10 0 
95262 1235 542 174 4 645 119 8 269 1692 22 6 9 13 0 
95219 1215 536 165 8 646 103 10 272 1775 21 3 13 14 0 
95199 1162 601 206 4 637 129 10 269 1729 25 6 11 11 1 
95113 1180 654 191 6 691 134 6 295 1689 18 6 8 9 0 
95050 1197 619 163 13 642 112 9 267 1877 22 4 13 12 0 
95053 1149 640 186 6 684 133 8 281 1803 27 3 13 14 0 
95141 1172 610 176 9 666 101 6 277 1807 7 7 7 14 0 
95228 1192 596 191 6 690 112 1 243 1697 16 2 16 10 0 
95118 1188 629 185 9 638 113 9 282 1783 25 4 7 9 1 
95203 1157 577 194 5 685 109 2 291 1742 14 4 8 9 0 
95077 1157 640 177 5 707 108 13 311 1767 17 4 9 8 0 
95098 1164 607 197 7 667 105 6 313 1789 16 4 11 16 0 
95214 1147 584 184 0 691 92 9 279 1761 14 7 6 12 0 
95157 1181 572 173 7 654 120 7 273 1807 19 10 9 11 0 
95246 1145 585 193 9 676 108 9 266 1715 18 7 8 15 0 
95185 1194 606 169 8 679 106 8 319 1688 21 1 10 6 0 
95230 1132 614 175 3 661 107 6 259 1769 20 5 9 10 0 
95241 1218 578 194 8 628 105 5 299 1670 21 5 16 12 0 
95302 1148 592 168 13 666 102 5 275 1680 24 5 6 14 0 
95154 1187 612 198 7 686 131 8 271 1705 19 6 7 9 0 
95216 1144 573 205 5 686 103 9 279 1724 27 5 13 10 1 
95108 1200 594 213 5 635 132 7 266 1796 19 3 8 14 0 
95148 1195 606 190 5 670 115 7 277 1740 24 7 7 9 0 
95153 1152 607 176 5 659 118 8 260 1807 25 9 9 12 0 
95184 1163 568 175 6 692 103 9 262 1795 22 3 9 9 0 
95231 1220 572 166 4 651 108 10 290 1702 18 2 15 11 0 
95135 1176 629 162 7 678 112 14 284 1769 22 1 6 5 0 
95252 1167 589 183 6 697 107 7 255 1699 14 1 7 16 0 
95036 1209 649 175 11 691 126 5 279 1780 19 4 2 13 1 
95057 1172 615 176 7 699 117 7 281 1826 20 6 9 8 0 
95050 1237 620 165 8 688 110 5 275 1785 22 5 13 17 0 
95264 1192 594 160 7 654 95 3 289 1699 20 4 6 13 0 
95052 1247 642 173 13 663 102 4 238 1828 18 4 9 7 0 
95215 1195 589 171 7 673 102 9 284 1719 19 3 6 7 1 
95172 1189 605 176 6 690 116 3 278 1722 24 3 7 9 0 
95171 1209 596 177 13 657 123 7 290 1707 34 4 5 7 0 
95066 1231 589 178 10 698 110 7 303 1770 12 3 9 14 0 
95231 1173 595 169 7 695 108 7 257 1709 20 11 6 12 0 
95197 1172 579 205 11 659 124 8 264 1733 19 6 8 15 0 
95251 1162 578 197 6 680 108 5 262 1705 13 7 8 18 0 
95194 1218 582 180 8 634 100 5 285 1752 21 4 6 10 1 
95338 1141 604 199 7 609 124 4 253 1667 25 1 12 16 0 
95178 1181 588 173 7 668 112 4 261 1782 19 4 7 16 0 
95227 1161 583 176 5 665 113 6 267 1756 18 1 12 10 0 
95193 1164 618 169 5 673 107 5 286 1722 28 8 12 10 0 
95230 1173 592 178 7 667 122 3 245 1742 19 3 8 11 0 
95187 1101 600 210 3 644 110 3 281 1808 30 3 8 12 0 
95136 1211 600 188 11 669 112 5 282 1727 26 6 13 14 0 
95202 1173 642 185 4 640 92 7 294 1708 27 8 4 14 0 
95173 1206 650 172 8 672 108 7 272 1688 15 3 14 12 0 
95173 1147 615 154 6 691 128 6 273 1769 13 2 12 11 0 
95056 1230 615 173 5 725 118 5 261 1756 29 4 8 15 0 
95112 1194 567 158 3 706 132 8 261 1815 28 4 4 8 0 
95107 1172 572 188 3 709 105 6 283 1805 21 2 16 11 0 
95215 1213 559 182 7 660 115 15 274 1714 22 5 10 9 0 
95179 1135 571 182 3 695 126 9 272 1784 17 3 7 17 0 
95243 1102 576 181 5 678 110 8 243 1806 28 2 9 9 0 
95182 1163 602 159 6 671 112 12 274 1770 21 5 12 11 0 
95174 1156 617 165 8 717 117 5 275 1722 18 3 13 10 0 
95309 1152 556 178 7 671 108 8 293 1677 23 3 6 9 0 
95141 1156 609 174 7 695 132 4 247 1791 22 8 5 9 0 
95134 1162 600 187 3 673 96 5 303 1802 15 1 8 11 0 
95254 1161 589 182 4 667 115 10 226 1749 21 4 11 7 0 
95159 1236 555 159 7 639 127 7 267 1789 23 5 18 9 0 
95158 1131 631 195 3 662 97 9 307 1756 25 5 9 12 0 
95072 1260 584 179 6 673 104 9 262 1812 19 3 8 9 0 
95178 1193 583 180 6 653 105 10 277 1774 20 4 11 6 0 
95102 1220 646 166 8 662 110 7 275 1758 25 5 6 10 0 
95183 1209 594 165 11 625 101 5 304 1760 19 5 8 11 0 
95241 1132 565 183 6 702 126 8 268 1708 25 7 15 14 0 
95164 1124 638 175 4 683 99 6 310 1740 21 5 17 14 0 
95033 1305 587 177 3 695 105 6 292 1745 29 4 9 10 0 
95134 1203 616 152 8 673 97 6 250 1814 17 6 10 14 0 
95252 1171 590 167 6 694 110 3 270 1684 20 7 14 12 0 
95191 1203 581 176 8 649 112 11 297 1728 20 2 8 14 0 
95224 1103 566 193 7 660 120 2 313 1778 12 4 8 10 0 
95107 1222 571 167 6 645 121 7 283 1834 15 5 6 11 0 
95155 1205 572 149 6 690 105 4 275 1799 21 3 8 8 0 
95225 1193 595 178 8 629 114 4 283 1719 29 5 5 13 0 
95135 1181 583 167 5 652 125 8 292 1786 30 9 13 14 0 
95106 1173 611 198 11 675 111 8 294 1771 16 8 5 13 0 
95134 1238 597 162 4 653 96 7 269 1775 27 10 16 12 0 
95226 1154 604 193 9 632 102 10 283 1747 18 2 11 9 0 
95227 1151 634 185 9 628 100 8 264 1747 22 4 5 16 0 
95189 1185 571 181 4 681 110 6 292 1738 18 3 10 12 0 
95169 1180 614 198 7 672 108 4 281 1712 23 9 11 11 1 
95181 1139 620 186 12 647 103 12 264 1800 16 1 8 11 0 
95157 1180 596 193 7 660 110 6 326 1711 27 5 13 9 0 
95223 1159 584 175 9 696 114 9 294 1687 19 5 14 12 0 
95297 1128 553 178 10 673 107 6 286 1709 25 6 11 11 0 
95187 1089 588 182 5 670 106 8 283 1834 23 8 12 5 0 
95151 1166 615 183 8 682 114 4 284 1734 23 5 14 17 0 
95083 1184 655 175 9 701 113 5 316 1707 17 4 15 16 0 
95169 1131 609 177 11 686 133 7 272 1752 31 6 5 11 0 
95169 1215 623 189 7 670 108 4 246 1725 17 6 10 11 0 
95244 1192 584 187 12 663 103 2 259 1714 25 3 2 10 0 
95223 1152 599 177 6 699 94 11 271 1720 18 8 15 7 0 
95122 1212 614 181 7 685 134 9 270 1720 20 6 9 11 0 
95153 1241 598 152 7 688 100 4 303 1704 15 4 16 15 0 
95221 1130 589 195 2 679 111 11 278 1730 22 5 9 18 0 
95109 1189 594 163 4 683 129 4 301 1764 27 5 14 14 0 
95250 1123 600 170 5 682 111 5 247 1758 22 7 5 15 0 
95209 1166 611 165 2 669 114 8 304 1709 17 4 14 8 0 
95192 1186 585 183 2 662 101 7 292 1748 21 3 6 12 0 
95168 1131 618 194 14 675 114 5 274 1754 24 5 12 12 0 
95129 1142 624 172 3 678 113 9 254 1825 25 6 10 10 0 
95181 1154 581 179 9 717 119 6 281 1739 14 6 7 7 0 
95211 1140 580 189 13 631 116 7 297 1758 25 11 11 11 0 
95057 1180 617 201 6 715 116 9 311 1746 19 5 8 10 0 
95178 1189 623 159 9 696 122 6 264 1717 12 8 9 8 0 
95133 1190 591 156 2 689 116 11 291 1776 26 5 5 9 0 
95256 1164 615 167 12 692 129 3 249 1671 19 6 7 10 0 
95145 1216 582 170 6 676 106 1 276 1768 25 6 7 16 0 
95009 1162 614 222 6 697 96 9 309 1836 20 3 4 12 1 
95257 1144 625 182 4 651 114 8 290 1679 22 5 9 9 1 
95265 1150 587 157 6 695 120 6 278 1680 23 11 5 16 1 
95232 1177 566 178 4 687 113 7 258 1734 19 5 6 12 2 
95125 1150 620 179 8 740 114 12 323 1687 20 3 9 10 0 
95225 1147 589 199 10 631 102 7 277 1764 16 7 15 10 1 
95210 1195 586 181 8 655 125 6 271 1714 21 4 13 11 0 
95250 1173 601 164 7 635 100 3 293 1724 30 1 9 10 0 
95191 1148 607 218 8 639 101 9 260 1772 17 6 9 15 0 
95226 1162 603 187 7 668 114 8 268 1707 22 2 11 15 0 
95138 1183 615 180 8 682 117 6 279 1741 20 3 15 13 0 
95098 1251 643 180 8 664 112 9 272 1711 26 7 6 13 0 
95209 1163 598 189 8 621 93 9 253 1799 24 6 12 16 0 
95174 1214 615 192 6 636 129 3 273 1713 19 6 8 12 0 
95221 1114 601 202 11 664 99 7 265 1762 23 5 5 20 1 
95269 1157 595 197 3 599 103 6 278 1746 21 1 6 19 0 
95176 1156 616 174 8 676 122 9 273 1754 19 3 7 7 0 
95175 1167 601 158 12 715 128 10 312 1658 33 5 11 15 0 
95144 1209 571 205 5 669 114 8 287 1737 21 9 8 13 0 
95187 1146 592 187 8 672 136 10 274 1755 16 7 5 5 0 
95082 1242 583 184 4 648 104 8 285 1814 26 5 8 7 0 
95223 1157 598 188 6 676 108 3 273 1708 21 8 11 20 0 
95132 1157 644 191 3 681 129 6 283 1727 22 3 7 14 1 
95258 1134 572 178 10 632 101 5 284 1780 15 8 13 9 1 
95139 1169 609 185 3 663 106 2 272 1796 29 2 10 15 0 
95171 1197 569 157 9 614 139 3 285 1809 26 5 7 9 0 
95150 1180 601 164 7 700 111 2 274 1763 19 6 12 11 0 
95130 1162 640 175 5 677 115 2 300 1746 19 9 8 12 0 
95184 1197 566 184 10 621 119 5 275 1795 13 6 13 12 0 
95191 1197 576 177 7 663 112 2 299 1740 16 6 8 6 0 
95120 1167 599 192 10 688 98 6 277 1793 19 4 11 16 0 
95147 1137 519 196 4 709 100 8 311 1825 17 6 10 11 0 
95259 1133 626 181 12 616 97 5 275 1747 16 10 6 16 1 
95123 1146 625 180 9 698 128 7 264 1772 21 7 7 12 1 
95083 1176 618 181 7 721 119 9 252 1789 16 4 8 17 0 
95356 1097 604 173 4 640 105 5 233 1738 21 3 11 10 0 
95231 1171 593 185 4 656 121 5 261 1737 18 4 7 7 0 
95109 1258 597 177 6 674 112 6 304 1712 22 6 8 9 0 
95096 1204 603 175 3 689 113 9 259 1800 23 4 9 13 0 
95195 1200 576 176 12 634 112 8 229 1807 19 6 9 17 0 
95269 1127 586 174 13 678 117 10 287 1699 22 3 6 9 0 
95157 1203 586 193 4 632 126 7 237 1798 29 8 5 15 0 
95192 1162 606 169 7 667 114 6 294 1734 26 7 7 9 0 
95261 1105 600 174 5 698 120 9 257 1725 20 2 11 13 0 
95151 1183 625 189 6 665 109 6 285 1727 17 8 14 15 0 
95151 1142 622 189 8 635 109 6 294 1802 17 12 7 6 0 
95195 1172 627 187 10 648 102 7 268 1737 24 3 10 10 0 
95140 1182 600 171 11 735 112 9 272 1728 22 4 8 6 0 
95263 1225 561 194 3 635 114 12 288 1667 15 7 7 9 0 
95192 1190 617 195 6 633 134 5 264 1717 18 7 8 14 0 
95148 1220 634 154 7 676 116 3 297 1704 20 4 7 10 0 
95179 1198 593 183 10 659 120 13 290 1711 18 4 12 10 0 
95186 1112 624 171 8 693 112 10 285 1756 26 5 8 4 0 
95097 1160 601 193 5 747 113 7 278 1736 25 5 22 11 0 
95180 1143 578 172 6 675 129 12 296 1759 23 7 10 10 0 
95221 1195 586 170 7 684 108 13 244 1722 19 8 10 13 0 
95045 1215 654 178 6 668 115 1 273 1807 18 2 7 11 0 
95356 1126 541 165 9 644 84 7 280 1752 18 1 6 11 0 
95127 1217 600 180 6 654 98 5 288 1768 28 9 13 7 0 
95272 1150 569 233 10 665 98 8 261 1695 17 2 8 12 0 
95156 1166 627 200 5 663 107 4 266 1758 20 7 8 13 0 
95094 1236 580 178 8 667 108 10 299 1761 27 4 16 11 1 
95162 1153 621 168 5 678 95 9 270 1787 26 7 5 14 0 
95192 1110 627 190 11 697 118 6 269 1741 16 5 7 10 1 
95284 1136 619 166 9 654 99 4 261 1721 20 6 7 14 0 
95204 1181 555 190 10 701 129 6 251 1733 16 6 9 9 0 
95249 1149 599 181 6 696 106 12 272 1697 14 6 8 5 0 
95192 1188 587 183 5 671 113 3 290 1726 18 3 7 14 0 
95027 1238 611 193 10 684 126 6 276 1779 28 4 7 11 0 
95099 1200 609 173 9 705 111 7 270 1776 15 7 9 10 0 
95299 1131 577 191 4 674 93 4 281 1702 20 5 6 13 0 
95174 1165 581 182 6 635 113 6 286 1804 21 3 13 11 0 
95163 1162 635 187 4 656 100 7 261 1786 11 2 12 14 0 
95200 1115 570 185 11 697 112 6 282 1779 21 4 8 10 0 
95288 1144 571 185 8 640 111 3 263 1748 21 3 4 11 0 
95171 1227 578 185 10 655 106 4 269 1751 18 5 12 9 0 
95347 1078 602 168 6 630 133 5 267 1717 24 2 11 10 0 
95164 1242 583 188 6 678 111 6 289 1690 25 5 1 12 0 
95159 1182 570 190 8 665 93 6 282 1809 14 3 9 10 0 
95147 1132 615 186 8 691 132 6 282 1746 24 6 10 15 0 
95112 1198 615 206 4 667 95 4 320 1734 18 7 7 13 0 
95177 1139 591 200 5 632 113 4 274 1820 22 3 9 10 1 
95113 1071 629 191 6 658 118 2 299 1845 34 11 10 13 0 
95181 1190 589 183 7 649 121 9 245 1773 26 6 13 8 0 
95351 1071 586 165 9 649 120 4 277 1722 21 5 8 12 0 
95123 1158 645 169 10 680 114 8 272 1767 23 6 15 10 0 
95268 1128 597 177 6 669 86 7 281 1743 15 6 9 8 0 
95027 1236 616 193 3 680 113 3 300 1778 20 6 11 14 0 
95164 1190 575 208 5 673 112 12 289 1729 19 4 8 12 0 
95145 1214 613 195 9 632 99 5 282 1764 18 4 9 11 0 
95173 1102 655 181 13 687 115 5 273 1759 15 9 7 6 0 
95135 1209 608 193 8 671 109 8 276 1729 23 4 13 14 0 
95273 1155 610 160 3 641 92 3 260 1756 23 6 9 9 0 
95156 1206 595 174 8 664 102 9 283 1742 22 5 18 15 1 
95194 1221 601 179 6 639 123 9 262 1730 18 2 8 8 0 
95112 1210 629 168 9 677 119 2 275 1748 19 1 14 16 1 
95166 1135 584 174 10 676 109 8 281 1804 22 4 11 16 0 
95159 1196 609 178 12 658 118 11 274 1749 8 5 11 12 0 
95279 1199 582 175 9 664 113 11 263 1666 15 5 10 9 0 
95193 1178 612 172 5 663 122 2 289 1699 22 5 15 23 0 
95235 1170 632 184 5 621 111 11 277 1715 17 4 7 11 0 
95167 1213 572 183 5 640 102 8 287 1775 19 5 11 13 0 
95174 1136 625 180 6 682 108 7 264 1776 20 3 7 12 0 
95250 1189 637 173 6 623 121 8 271 1678 21 4 9 10 0 
95302 1135 591 160 10 671 107 6 260 1713 20 5 10 10 0 
95185 1166 612 203 7 633 127 7 288 1736 12 6 4 14 0 
95278 1185 584 166 8 576 99 8 272 1764 27 6 10 16 1 
95265 1214 565 198 7 644 92 3 275 1694 18 4 10 11 0 
95256 1183 590 187 10 651 120 9 284 1671 16 4 8 11 0 
95241 1177 590 151 7 672 124 5 272 1725 17 2 7 10 0 
95130 1241 584 184 5 646 101 9 269 1784 13 10 11 13 0 
95192 1180 576 202 4 677 117 9 282 1723 16 4 8 10 0 
95136 1201 616 174 4 678 97 9 279 1757 21 3 10 15 0 
95205 1184 597 187 8 654 107 4 281 1726 23 4 8 12 0 
95244 1131 595 182 7 664 104 7 264 1745 25 5 15 12 0 
95266 1196 565 159 5 674 109 9 277 1701 13 2 14 10 0 
95092 1160 609 195 7 709 104 3 283 1787 18 3 10 20 0 
95190 1164 574 177 8 642 110 5 288 1796 20 5 10 11 0 
95144 1156 606 173 12 682 123 6 279 1775 27 5 5 7 0 
95153 1113 589 176 5 684 108 7 292 1829 19 6 7 12 0 
95054 1216 622 179 5 744 109 4 300 1731 11 7 7 11 0 
95182 1149 575 175 8 669 113 5 315 1762 22 1 9 15 0 
95182 1174 606 183 9 679 117 10 276 1709 23 9 7 16 0 
95195 1166 661 200 5 655 97 8 282 1688 20 5 8 10 0 
95138 1202 631 176 10 666 107 6 274 1743 24 4 10 9 0 
95205 1228 592 184 8 614 119 7 279 1727 14 4 7 12 0 
95125 1208 581 188 9 684 128 11 307 1720 14 6 7 12 0 
95062 1203 628 184 3 674 98 5 288 1802 26 7 12 7 1 
95142 1151 584 186 9 662 110 4 271 1823 28 6 11 13 0 
95140 1202 612 172 7 660 128 4 286 1740 23 3 11 12 0 
95315 1131 618 217 9 645 98 7 258 1651 26 4 8 13 0 
95023 1244 605 188 8 683 122 14 277 1797 23 4 5 7 0 
95238 1172 611 171 8 654 127 7 272 1692 21 10 5 12 0 
95196 1171 577 172 8 691 113 7 264 1757 16 8 6 14 0 
95280 1143 630 191 9 671 128 2 274 1626 27 2 7 10 0 
95148 1195 609 186 9 648 97 9 280 1765 23 6 11 13 1 
95185 1166 611 185 9 661 120 8 267 1746 16 1 11 14 0 
95273 1159 573 185 6 690 110 6 273 1680 23 4 6 12 0 
95121 1202 596 176 12 699 107 11 283 1748 25 4 9 7 0 
95202 1190 624 183 8 654 112 9 241 1718 30 4 7 18 0 
95201 1196 594 154 5 657 104 5 287 1754 16 8 10 9 0 
95111 1191 599 194 4 657 123 11 320 1752 18 6 5 9 0 
95108 1206 570 192 10 648 113 7 294 1806 19 9 7 11 0 
95228 1135 570 186 5 696 122 3 288 1710 24 6 13 14 0 
95159 1192 588 169 5 659 121 8 265 1784 20 2 17 11 0 
95120 1248 556 211 10 698 112 8 265 1715 25 5 13 14 0 
95122 1194 623 196 6 666 111 6 289 1742 20 5 10 10 0 
95236 1175 559 168 9 678 107 6 280 1743 20 3 8 8 0 
95226 1187 568 182 7 679 99 7 326 1675 18 3 12 11 0 
95201 1155 591 193 9 679 110 2 284 1725 24 4 10 13 0 
95166 1143 612 188 7 700 124 0 273 1737 20 5 10 15 0 
95240 1162 573 198 7 645 101 11 264 1759 15 5 9 11 0 
95050 1217 595 212 7 722 104 4 282 1750 22 6 7 22 0 
95211 1214 568 163 10 677 100 13 262 1742 20 5 7 8 0 
95245 1170 593 173 5 663 118 13 306 1671 22 3 9 9 0 
95297 1181 596 172 8 621 98 11 274 1692 26 4 7 13 0 
95194 1170 571 174 10 642 133 9 265 1785 22 3 5 16 1 
95190 1170 571 198 7 694 128 9 298 1693 20 1 9 12 0 
95179 1222 596 174 5 657 103 4 267 1755 20 3 7 8 0 
95183 1213 547 167 2 643 104 10 294 1796 14 3 7 17 0 
95228 1223 547 182 6 704 102 4 263 1698 26 3 6 8 0 
95183 1199 569 171 16 643 116 9 298 1749 26 4 7 10 0 
95166 1148 603 171 6 709 128 9 282 1734 26 3 9 6 0 
95292 1134 591 180 10 660 105 6 292 1692 15 2 8 13 0 
95314 1157 621 163 5 618 107 7 262 1688 30 4 9 15 0 
95204 1184 605 182 9 667 95 1 283 1717 25 9 9 10 0 
95084 1195 586 224 6 658 105 9 269 1813 23 9 6 13 0 
95131 1158 642 181 11 698 88 5 275 1775 18 3 3 12 0 
95252 1173 572 181 6 609 118 5 273 1749 29 8 13 12 0 
95192 1189 619 205 7 648 102 9 278 1688 31 6 12 14 0 
95339 1166 587 178 7 642 100 11 276 1645 23 4 11 11 0 
95238 1137 610 153 5 692 98 8 277 1723 31 3 14 11 0 
95085 1234 583 192 4 683 108 4 293 1764 16 6 18 10 0 
95146 1156 637 167 6 672 108 6 295 1762 23 4 5 13 0 
95141 1200 615 183 5 672 103 8 271 1764 19 4 5 10 0 
95111 1224 609 186 2 654 117 7 276 1765 24 7 8 10 0 
95184 1122 603 185 8 697 121 5 308 1720 27 2 8 10 0 
95202 1152 573 166 7 669 113 6 314 1736 31 5 14 11 1 
95227 1155 600 179 8 625 109 10 281 1754 18 5 15 14 0 
95099 1213 616 178 8 692 123 13 262 1755 11 2 12 16 0 
95201 1184 595 161 3 674 103 8 292 1740 16 6 6 11 0 
95101 1163 585 167 5 713 124 5 315 1783 20 2 3 14 0 
95146 1152 625 166 8 672 110 6 291 1779 19 4 4 18 0 
95179 1143 576 192 11 653 113 7 269 1817 19 5 6 10 0 
95025 1176 613 178 6 714 124 5 298 1811 21 3 13 13 0 
95060 1235 620 169 8 650 128 11 274 1794 26 5 6 13 1 
