95070 1095 578 240 8 746 108 9 249 1852 21 1 12 11 0 
95196 1065 624 220 7 697 125 11 229 1779 19 6 12 9 1 
95179 1072 601 245 7 732 105 5 224 1787 20 6 9 7 1 
95310 1038 613 204 3 715 100 10 225 1742 15 6 12 7 0 
95188 1129 556 225 9 715 113 8 238 1771 23 3 11 11 0 
95200 1067 631 190 6 729 127 14 230 1744 23 6 14 19 0 
95179 1087 599 233 4 737 125 5 276 1713 19 3 6 14 0 
95185 1053 605 220 9 734 109 10 235 1785 25 2 12 16 0 
95261 1083 629 227 5 730 92 6 209 1712 17 4 16 9 0 
95180 1147 576 228 9 724 143 6 232 1715 12 3 13 12 0 
95333 1051 548 227 5 717 106 5 221 1733 22 7 11 14 0 
95258 1062 577 233 9 714 89 7 203 1791 23 7 12 15 0 
95156 1160 621 235 5 740 107 6 216 1702 20 9 11 12 0 
95116 1101 586 241 5 785 98 3 244 1777 17 6 12 9 0 
95184 1097 618 229 7 733 121 4 241 1717 24 4 11 10 0 
95268 1026 612 218 12 732 108 8 237 1729 25 9 8 8 0 
95246 1044 620 229 11 735 105 13 220 1728 15 4 14 16 0 
95243 1079 621 233 10 694 109 11 222 1730 22 4 13 9 0 
95229 1094 599 231 7 716 118 3 211 1753 13 6 11 9 0 
95174 1116 571 237 6 770 95 8 228 1754 14 2 8 15 2 
95288 1015 646 208 8 710 135 8 240 1693 17 6 15 11 0 
95290 1012 627 241 9 735 120 5 230 1694 14 5 7 11 0 
95201 1092 613 236 4 672 124 5 218 1790 21 3 8 13 0 
95238 1062 593 245 6 773 109 9 214 1700 19 5 7 20 0 
95248 1118 544 239 6 730 105 1 218 1749 18 4 8 12 0 
95130 1109 656 229 9 717 101 6 215 1782 17 6 7 16 0 
95262 1092 580 244 8 707 114 8 245 1695 22 1 10 12 0 
95381 1040 593 223 14 698 115 6 226 1667 12 4 10 11 0 
95297 1007 565 249 9 792 102 9 219 1695 27 7 8 14 0 
95337 1034 545 222 6 715 125 7 241 1721 17 7 10 13 0 
95310 1053 566 222 6 709 127 9 234 1721 18 1 6 18 0 
95296 1087 596 226 6 670 96 8 218 1745 20 7 14 11 0 
95219 1056 586 247 5 737 101 6 242 1756 13 8 12 12 0 
95212 1108 540 263 7 702 115 1 245 1775 8 2 10 12 0 
95295 1069 588 218 7 709 115 2 226 1727 16 5 12 11 0 
95292 1051 621 230 6 704 108 5 236 1700 27 5 4 11 0 
95263 1088 598 225 7 686 101 11 260 1724 12 2 10 13 0 
95222 1068 554 238 8 737 111 3 226 1798 15 4 9 7 0 
95278 1064 588 226 8 688 124 7 211 1753 18 12 9 14 0 
95118 1148 604 244 5 712 108 7 251 1752 21 6 7 17 0 
95192 1088 614 230 6 704 106 8 229 1773 24 6 11 9 0 
95184 1145 626 216 4 711 97 9 226 1736 25 5 6 10 0 
95217 1128 580 217 13 692 144 8 205 1755 16 8 8 9 0 
95092 1115 601 250 9 717 121 11 226 1813 20 6 6 13 0 
95232 1043 613 220 10 718 122 8 218 1774 18 8 5 11 0 
95274 1021 579 224 6 745 117 6 247 1730 18 5 11 17 0 
95118 1079 614 236 7 760 113 7 238 1779 21 6 7 15 0 
95249 1058 629 232 5 726 100 7 210 1727 28 9 13 7 0 
95082 1077 614 258 8 704 124 11 226 1850 22 2 10 12 0 
95232 1106 599 241 7 695 117 3 243 1715 17 3 6 16 0 
95257 1059 590 223 7 693 117 3 245 1766 15 4 9 12 0 
95308 1070 604 212 11 721 101 5 220 1699 22 4 11 12 0 
95176 1133 574 227 8 709 107 6 218 1798 20 4 10 10 0 
95217 1046 576 237 4 709 112 4 223 1834 12 3 7 16 0 
95258 1062 566 226 6 725 102 7 243 1760 17 6 11 11 0 
95173 1072 569 243 9 755 95 5 226 1805 18 6 8 16 0 
95179 1038 603 222 9 759 109 4 263 1774 17 4 6 13 0 
95213 1039 589 238 5 716 121 7 225 1813 15 3 2 14 0 
95177 1108 610 222 6 672 113 8 238 1803 12 5 11 15 0 
95194 1125 627 232 8 668 120 13 242 1724 25 1 7 14 0 
95146 1075 614 237 4 758 103 7 242 1765 15 5 17 11 1 
95228 1119 574 237 12 711 85 7 246 1731 25 5 11 9 0 
95119 1138 632 262 4 703 125 5 222 1740 15 6 9 20 0 
95171 1156 608 241 7 654 108 2 223 1771 15 5 11 28 0 
95262 1071 549 229 14 738 123 10 203 1760 18 5 9 9 0 
95244 1077 614 217 9 692 107 10 231 1761 19 3 4 12 0 
95140 1063 645 229 5 749 112 9 235 1751 31 8 11 11 1 
95290 1033 584 236 8 691 106 6 247 1742 23 5 11 18 0 
95233 1060 601 231 6 722 127 7 224 1746 11 5 9 18 0 
95268 1068 583 231 8 725 115 9 230 1712 17 2 15 17 0 
95300 1085 568 208 9 702 113 4 212 1758 19 4 7 10 1 
95231 1043 613 236 7 720 113 8 260 1734 16 2 10 7 0 
95251 1083 614 222 7 673 129 11 261 1713 10 6 8 12 0 
95254 1120 547 224 6 717 108 6 217 1751 17 7 10 16 0 
95361 1130 580 188 7 684 109 3 218 1674 15 7 9 15 0 
95290 1019 585 217 9 785 106 2 236 1701 16 2 12 20 0 
95268 1071 592 217 3 726 113 9 226 1721 25 4 8 16 1 
95265 1060 566 197 8 764 119 9 237 1734 15 4 7 15 0 
95292 1079 533 215 4 666 93 3 243 1829 14 8 9 12 0 
95301 1124 602 212 8 682 111 8 224 1684 15 8 7 14 0 
95270 1112 611 215 7 736 101 7 223 1665 24 7 3 19 0 
95259 1059 581 209 10 732 101 6 218 1785 18 6 5 10 1 
95278 1117 581 242 4 753 99 7 236 1637 22 3 5 15 1 
95282 1043 585 243 8 730 110 8 261 1680 18 6 11 15 0 
95114 1104 648 230 8 706 119 6 213 1803 21 5 11 12 0 
95240 1046 638 214 3 745 113 8 245 1702 20 3 10 13 0 
95291 1054 601 230 10 696 118 6 211 1735 19 4 13 12 0 
95370 1063 576 229 13 652 111 7 210 1720 21 4 12 12 0 
95223 1051 627 232 7 693 123 7 237 1755 22 4 9 10 0 
95154 1078 612 235 8 732 116 3 218 1805 16 7 3 12 1 
95242 1045 653 246 6 740 103 4 209 1708 15 6 7 16 0 
95187 1101 602 248 11 731 94 9 221 1743 22 4 14 13 0 
95311 1075 590 193 6 722 105 8 224 1724 13 4 14 11 0 
95111 1109 533 250 4 741 114 4 251 1828 21 8 13 13 0 
95192 1111 612 212 8 697 114 8 218 1780 17 4 10 17 0 
95333 1050 586 224 4 712 110 6 213 1724 18 4 7 9 0 
95146 1165 621 219 0 730 131 4 207 1724 17 4 12 20 0 
95149 1090 620 216 8 763 130 5 214 1747 25 7 7 19 0 
95313 1052 563 220 6 721 114 9 209 1751 18 4 9 11 0 
95235 1102 596 226 8 726 113 4 231 1707 22 5 20 5 0 
95116 1092 650 225 3 718 108 5 241 1799 13 6 6 18 0 
95210 1097 626 243 9 732 97 5 238 1699 15 7 11 11 0 
95176 1079 590 231 6 739 120 8 215 1789 13 4 11 19 0 
95202 1039 626 235 1 715 109 4 229 1779 28 7 8 18 0 
95195 1089 596 228 9 726 108 6 239 1751 24 3 10 16 0 
95178 1082 634 193 6 699 132 11 258 1758 21 1 13 14 0 
95190 1069 635 226 10 691 97 6 240 1792 16 2 11 15 0 
95264 1045 604 218 4 685 115 4 217 1796 23 6 10 9 0 
95258 1011 612 216 5 757 106 5 227 1754 13 5 12 19 0 
95212 1100 636 225 9 719 98 5 223 1727 18 4 10 14 0 
95247 1116 611 229 7 676 107 1 242 1725 15 4 13 7 0 
95162 1130 612 228 8 697 119 8 242 1759 16 3 6 10 0 
95182 1073 618 228 6 704 99 9 236 1798 18 6 7 16 0 
95253 1021 615 198 4 719 129 9 247 1757 18 4 6 20 0 
95279 1068 584 199 2 664 122 3 242 1783 16 9 10 19 0 
95132 1149 585 225 6 692 127 3 236 1803 14 6 8 14 0 
95213 1104 610 222 12 677 105 5 217 1792 18 3 8 14 0 
95235 1113 611 214 2 703 107 0 240 1722 23 6 14 10 0 
95290 1127 578 210 6 716 102 4 235 1688 16 6 8 14 0 
95223 1050 589 214 10 763 99 5 248 1769 15 3 5 7 0 
95301 1063 573 238 10 687 117 11 210 1748 19 2 7 13 1 
95286 1068 616 209 3 728 126 7 233 1672 19 7 10 16 0 
95311 1110 614 226 12 668 102 10 232 1664 18 2 18 13 0 
95287 1050 622 210 6 719 96 3 226 1732 20 3 9 17 0 
95308 1051 572 244 6 725 118 9 213 1707 19 5 13 10 0 
95354 1030 585 223 1 704 110 6 221 1719 24 6 6 11 0 
95127 1112 605 243 11 744 117 5 258 1735 13 6 6 18 0 
95243 1057 563 218 9 692 110 8 213 1834 23 3 10 17 0 
95300 1049 598 250 1 682 108 7 253 1718 16 5 9 4 0 
95170 1081 596 224 8 716 95 8 222 1829 22 5 5 19 0 
95139 1169 586 241 4 704 109 4 235 1765 17 4 10 13 0 
95172 1081 650 224 8 731 109 5 238 1737 15 7 13 10 0 
95149 1097 635 203 8 758 109 7 225 1754 26 5 10 14 0 
95281 1024 612 247 9 731 109 3 215 1721 21 6 6 15 0 
95210 1112 591 221 5 698 126 12 218 1759 21 4 10 13 0 
95270 1064 591 228 8 757 111 7 226 1676 29 8 13 12 0 
95309 1051 610 216 5 660 101 1 221 1772 22 6 9 17 0 
95218 1092 554 260 6 698 122 6 241 1756 19 8 15 5 0 
95308 1012 572 225 10 713 99 10 231 1778 16 6 8 12 0 
95152 1122 585 227 8 734 114 7 217 1799 16 2 6 11 0 
95208 1093 577 232 6 697 115 3 235 1796 10 9 5 13 1 
95152 1081 643 227 5 738 130 7 202 1768 21 3 9 14 0 
95184 1058 638 224 6 685 119 7 240 1779 22 8 10 19 1 
95230 1099 640 223 8 721 105 5 231 1688 20 5 12 13 0 
95193 1095 603 212 6 738 106 10 235 1758 23 2 7 12 0 
95260 1078 584 214 6 701 118 10 248 1733 13 6 12 17 0 
95410 1064 590 234 9 678 104 9 188 1673 17 7 6 11 0 
95252 1056 584 206 7 723 110 8 229 1777 21 7 8 12 0 
95220 1054 645 232 6 707 111 6 248 1708 32 5 8 18 0 
95281 1049 608 236 5 688 107 7 210 1765 19 6 9 10 0 
95160 1064 589 227 8 722 126 4 228 1828 18 4 11 10 1 
95270 1104 571 205 10 672 92 6 254 1768 25 4 9 10 0 
95165 1134 598 219 7 719 102 6 229 1780 10 3 17 11 0 
95199 1098 569 267 4 743 105 10 237 1724 15 7 6 16 0 
95244 1071 581 224 4 722 117 7 219 1768 18 9 9 7 0 
95196 1125 600 210 7 707 122 3 213 1774 19 3 7 14 0 
95235 1088 648 196 4 733 97 6 243 1707 14 1 7 21 0 
95268 1065 638 226 4 700 122 2 242 1700 15 8 4 6 0 
95208 1084 603 211 6 694 125 5 238 1781 17 3 12 11 2 
95220 1064 621 211 2 754 111 4 217 1749 15 10 6 16 0 
95290 1081 607 218 5 721 101 9 202 1729 15 5 9 8 0 
95351 1052 583 208 6 680 118 7 214 1740 19 3 8 11 0 
95230 1044 621 228 4 704 111 8 233 1768 13 4 13 17 2 
95215 1066 605 214 8 747 103 8 248 1750 15 3 5 13 0 
95257 1075 584 227 3 729 104 16 240 1728 15 5 4 13 0 
95147 1109 648 215 9 727 106 9 229 1746 21 7 12 15 0 
95218 1053 625 239 8 716 109 5 231 1756 16 6 6 12 0 
95317 1088 587 217 7 753 103 7 223 1650 21 5 4 18 0 
95232 1142 598 238 9 685 91 8 218 1727 23 6 9 13 1 
95253 1065 626 226 5 710 106 8 249 1702 26 0 10 13 1 
95243 1042 600 222 6 691 102 10 249 1799 16 5 6 8 1 
95072 1120 648 235 2 730 124 10 225 1801 14 1 7 11 0 
95254 1108 589 255 10 717 110 5 212 1695 18 8 8 11 0 
95357 1093 589 222 7 704 105 6 200 1675 16 2 10 14 0 
95252 1116 620 228 6 705 108 6 223 1700 7 3 6 20 0 
95195 1117 615 230 8 705 110 10 217 1754 16 4 6 13 0 
95292 1040 607 227 7 708 113 6 233 1718 19 7 11 12 0 
95151 1104 587 218 8 768 113 7 248 1733 17 9 12 25 0 
95274 1079 627 206 8 665 112 10 221 1753 15 2 7 21 0 
95353 1114 582 209 10 629 85 5 248 1731 14 3 4 13 0 
95256 1104 566 222 6 717 94 5 223 1755 19 6 11 16 0 
95312 1102 594 248 9 666 112 6 220 1684 19 7 11 9 1 
95314 1072 610 226 6 692 114 5 231 1676 21 7 18 8 0 
95191 1110 566 236 7 721 101 10 204 1808 18 6 8 14 0 
95173 1103 595 228 6 769 101 5 240 1734 15 6 6 19 0 
95256 1088 595 226 8 693 114 10 227 1744 16 2 9 12 0 
95280 1034 566 212 8 747 138 4 225 1740 23 6 6 11 0 
95280 991 597 207 5 761 115 3 221 1779 15 7 6 13 0 
95275 1043 555 223 12 759 101 5 226 1765 11 3 11 11 0 
95282 1105 603 237 4 714 101 4 203 1702 20 3 9 13 0 
95301 1068 566 232 8 692 115 8 238 1721 24 6 11 10 0 
95223 1049 606 215 8 692 116 3 263 1779 15 6 15 9 1 
95237 1124 561 235 6 690 122 4 222 1756 17 5 5 15 1 
95351 1067 558 220 8 724 104 9 231 1694 14 4 8 8 0 
95205 1088 610 229 8 688 120 5 225 1785 16 4 5 12 0 
95261 1077 594 224 8 676 122 8 216 1760 24 4 9 17 0 
95216 1065 564 257 8 742 107 4 232 1759 13 9 5 19 0 
95214 1095 591 205 11 705 115 4 242 1764 19 8 11 16 0 
95224 1080 596 230 7 684 115 5 208 1806 21 6 9 9 0 
95323 1067 564 239 6 696 107 9 244 1688 23 4 11 19 0 
95205 1088 612 243 4 742 110 4 240 1707 21 3 12 9 0 
95254 1051 610 226 5 736 98 6 223 1749 17 4 11 10 0 
95371 1034 560 207 5 675 120 4 240 1741 20 4 9 10 0 
95202 1083 595 196 8 752 135 9 236 1742 15 7 10 10 0 
95259 1095 580 239 7 648 108 9 234 1775 20 2 14 10 0 
95320 1097 644 193 7 662 99 7 230 1698 14 9 6 14 0 
95199 1128 625 236 9 655 109 3 228 1778 15 3 9 3 0 
95195 1113 605 197 6 712 101 5 243 1776 20 7 6 14 0 
95348 1059 608 215 8 688 107 8 211 1702 17 8 11 10 0 
95250 1067 594 243 8 719 109 10 228 1718 18 4 11 21 0 
95189 1095 577 236 10 695 107 7 260 1792 12 2 9 9 0 
95271 1038 603 238 5 685 109 6 238 1751 26 2 15 13 0 
95355 1064 612 240 8 656 103 8 239 1669 19 5 11 11 0 
95099 1092 619 236 6 759 117 4 236 1774 24 5 10 19 0 
95254 1049 584 209 5 736 104 9 245 1752 21 8 12 12 0 
95101 1127 603 223 10 745 105 5 260 1766 27 4 12 12 0 
95113 1147 638 239 4 699 112 10 245 1748 15 5 9 15 1 
95199 1112 599 208 7 753 113 4 247 1720 14 2 5 17 0 
95237 1107 610 190 5 690 121 2 222 1760 27 5 12 12 0 
95347 1043 618 216 8 702 113 5 214 1699 13 4 8 10 0 
95216 1073 609 222 5 708 88 11 231 1791 24 4 9 9 0 
95365 1027 575 210 7 701 118 5 236 1706 22 5 9 14 0 
95169 1134 615 222 10 709 111 8 232 1748 11 2 10 19 0 
95190 1038 610 204 2 743 131 10 230 1791 23 6 5 17 0 
95151 1085 586 251 8 743 111 8 226 1794 16 4 5 12 0 
95249 1047 579 243 6 750 120 6 258 1704 13 6 7 12 0 
95230 1042 601 231 7 767 114 4 233 1729 18 10 5 9 0 
95169 1142 596 245 3 695 104 5 203 1790 14 9 7 18 0 
95105 1080 646 261 7 703 124 7 234 1786 24 2 7 14 0 
95311 1090 588 203 6 717 98 7 218 1713 22 6 7 14 0 
95250 1101 595 217 6 680 114 4 246 1740 22 5 6 14 0 
95086 1139 646 228 4 712 111 6 240 1778 16 5 13 16 0 
95213 1125 629 237 6 685 111 5 212 1736 15 6 12 8 0 
95302 1035 601 219 15 747 98 3 203 1743 14 6 8 6 0 
95261 1027 596 222 8 695 104 6 250 1779 21 7 8 16 0 
95256 1062 564 243 6 710 112 7 259 1734 17 4 11 15 0 
95315 1014 594 224 5 721 122 2 255 1698 20 6 10 13 1 
95175 1118 645 244 6 688 106 3 210 1755 19 3 12 16 0 
95224 1072 604 232 9 709 103 9 253 1746 18 3 11 7 0 
95233 1098 581 246 8 695 96 6 258 1734 15 5 14 11 0 
95291 1072 582 247 4 703 110 4 244 1706 18 2 7 10 0 
95186 1123 539 242 8 727 106 3 251 1776 11 5 14 9 0 
95201 1064 605 218 6 730 121 2 236 1761 29 4 14 9 0 
95277 1048 562 219 4 711 121 8 252 1760 11 4 6 17 0 
95251 1071 605 216 8 735 118 6 230 1720 14 4 7 15 0 
95199 1132 576 239 7 707 108 7 235 1746 19 5 11 9 0 
95250 1090 586 228 4 734 104 6 213 1741 19 2 13 10 0 
95236 1079 588 241 4 732 105 9 240 1731 18 2 7 8 0 
95319 1027 580 214 4 709 107 6 235 1749 17 6 15 12 0 
95228 1067 604 243 9 726 111 5 218 1755 17 1 7 9 0 
95138 1039 619 233 6 776 108 2 225 1815 12 8 9 10 0 
95256 1119 608 225 4 655 92 6 235 1754 23 0 13 10 0 
95234 1105 598 251 7 719 110 4 228 1700 20 8 6 10 0 
95066 1147 626 251 3 745 109 5 246 1757 24 3 6 12 0 
95185 1089 624 229 12 715 109 5 244 1747 14 8 7 12 0 
95257 1081 591 218 4 714 113 2 226 1758 14 4 6 12 0 
95271 1071 617 226 8 646 108 5 242 1758 19 5 11 13 0 
95176 1091 639 217 9 697 108 4 242 1763 23 6 9 16 0 
95148 1142 564 228 8 754 115 8 226 1762 18 4 6 17 0 
95294 1063 591 223 6 727 100 6 229 1717 18 1 12 13 0 
95225 1085 558 234 11 744 120 7 245 1731 19 3 7 11 0 
95249 1070 611 217 6 739 124 6 241 1696 12 7 9 13 0 
95278 1083 583 229 9 709 104 4 228 1729 17 5 6 15 1 
95311 1100 587 218 10 705 119 7 217 1676 15 5 14 16 0 
95305 1074 612 229 13 704 118 7 217 1683 16 2 11 9 0 
95277 1033 618 236 7 684 103 4 222 1763 20 6 8 19 0 
95215 1069 567 244 11 709 101 8 244 1781 17 5 12 17 0 
95187 1036 603 225 7 708 123 9 224 1836 16 1 13 12 0 
95342 1074 575 238 5 733 99 5 223 1661 20 2 10 13 0 
95223 1088 581 229 5 699 102 10 244 1766 26 2 13 12 0 
95137 1121 592 204 6 724 101 5 226 1839 13 5 13 14 0 
95242 1098 602 239 13 742 122 3 235 1662 21 6 4 11 0 
95202 1125 593 214 6 739 103 4 238 1724 17 7 12 16 0 
95193 1064 659 247 8 702 104 3 225 1750 18 6 9 12 0 
95199 1062 569 244 4 712 124 4 249 1789 14 4 12 14 0 
95136 1117 625 215 7 747 99 2 235 1767 15 8 9 17 1 
95126 1106 634 255 10 726 101 5 237 1761 17 3 7 12 0 
95344 1037 577 214 6 716 102 5 214 1743 16 6 8 12 0 
95168 1133 622 240 3 710 103 7 205 1767 16 2 12 12 0 
95223 1089 600 246 5 721 108 6 204 1767 15 1 7 8 0 
95174 1127 625 253 7 666 105 7 246 1737 19 8 15 11 0 
95350 1010 572 232 5 751 114 8 226 1694 17 3 9 9 0 
95153 1118 613 261 6 712 103 5 245 1748 18 1 11 6 0 
95296 1061 596 246 5 690 107 9 234 1714 20 1 13 8 0 
95231 1100 595 203 9 709 93 14 237 1762 20 3 12 12 0 
95220 1102 582 232 4 710 122 9 227 1745 17 7 9 14 0 
95219 1112 617 245 8 712 114 4 253 1682 19 2 5 8 0 
95210 1038 591 230 6 747 113 8 255 1761 17 3 13 8 0 
95159 1129 578 210 6 743 106 7 239 1772 22 6 9 14 0 
95129 1152 631 211 5 694 112 9 220 1787 31 5 2 12 0 
95193 1084 664 235 6 710 99 8 212 1747 21 4 1 16 0 
95183 1067 610 222 3 699 123 4 249 1785 20 9 7 19 0 
95236 1074 615 211 10 699 142 9 234 1733 14 4 7 11 1 
95175 1138 614 232 11 680 129 6 220 1756 19 5 7 8 0 
95130 1152 610 194 11 723 125 10 249 1748 25 6 8 9 0 
95179 1026 573 255 11 778 114 9 222 1789 14 6 12 12 0 
95248 1102 615 228 12 683 104 10 235 1718 18 6 8 13 0 
95263 1068 594 229 8 716 115 4 209 1755 15 5 7 11 1 
95191 1111 582 227 6 689 111 7 236 1791 17 6 9 17 0 
95269 1011 579 211 3 764 99 1 240 1786 14 4 7 11 1 
95292 1052 607 229 5 692 106 5 235 1726 23 6 8 14 0 
95143 1104 619 231 4 729 102 11 205 1813 20 4 11 4 0 
95201 1066 616 252 6 723 110 2 252 1719 22 6 10 15 0 
95243 1077 630 217 7 733 97 7 212 1732 19 7 7 12 0 
95085 1155 639 249 5 733 102 5 207 1769 19 4 12 16 0 
95255 1058 618 213 6 693 110 5 213 1787 19 2 10 11 0 
95236 1083 589 212 9 721 107 8 249 1731 16 8 9 22 0 
95184 1066 590 230 2 769 114 6 233 1762 18 3 8 15 0 
95176 1126 599 231 6 741 107 5 231 1747 7 3 9 12 0 
95213 1081 619 218 8 780 108 6 209 1714 19 5 6 14 0 
95185 1093 575 240 5 733 116 6 245 1756 19 8 6 13 0 
95176 1082 617 215 5 735 108 9 233 1784 12 5 9 10 0 
95221 1085 577 219 5 723 118 6 245 1745 20 5 11 20 0 
95238 1098 598 220 8 720 104 5 220 1750 19 3 5 12 0 
95251 1115 602 230 7 700 105 6 258 1680 21 3 12 10 0 
95199 1068 626 224 9 699 118 7 219 1801 15 3 6 6 0 
95215 1081 630 202 4 693 108 4 236 1794 9 2 11 11 0 
95232 1138 571 238 8 682 122 1 217 1740 20 4 9 18 0 
95271 1076 613 222 5 691 100 5 214 1765 18 8 5 7 0 
95053 1077 608 266 10 766 112 6 239 1831 14 3 6 9 0 
95338 1014 601 230 6 706 110 6 219 1728 23 5 5 8 1 
95199 1033 623 226 7 759 110 5 258 1733 24 2 8 13 0 
95291 1037 617 198 5 738 137 5 212 1718 15 3 14 10 0 
95166 1128 597 244 6 741 104 8 214 1747 23 4 7 11 0 
95254 1040 606 249 7 707 113 3 242 1733 19 6 13 8 0 
95195 1066 569 229 4 757 114 4 229 1787 24 2 7 13 0 
95278 1031 585 223 7 738 102 2 233 1746 15 9 15 16 0 
95264 1122 581 224 10 704 115 6 226 1707 14 6 11 10 0 
95121 1112 602 224 11 761 137 7 233 1748 22 2 7 13 0 
95136 1082 586 245 8 718 112 4 244 1814 21 5 14 10 1 
95227 1099 583 207 8 729 111 1 237 1755 14 5 15 8 1 
95119 1060 602 222 7 709 115 3 275 1836 26 7 9 10 0 
95211 1112 612 210 10 695 99 6 239 1769 13 3 12 9 0 
95202 1114 595 229 7 714 103 3 236 1749 17 7 13 11 0 
95226 1102 631 204 10 709 108 8 213 1754 11 4 5 15 0 
95234 1043 616 237 7 728 108 10 238 1728 17 6 12 16 0 
95223 1087 588 239 2 713 98 11 219 1767 17 5 8 23 0 
95282 1119 585 243 7 706 107 2 214 1686 23 5 10 11 0 
95208 1132 614 234 7 687 127 5 222 1717 20 6 8 13 0 
95211 1083 623 212 7 727 87 7 197 1808 14 7 8 9 0 
95243 1068 560 219 9 779 96 7 221 1758 22 3 10 4 1 
95195 1074 600 229 7 726 124 5 235 1763 17 5 11 9 0 
95176 1068 594 236 7 729 107 7 250 1785 14 5 12 10 0 
95371 1013 560 236 4 725 116 11 226 1695 20 5 6 12 0 
95182 1113 628 206 5 720 98 11 231 1758 19 5 10 14 0 
95186 1129 600 243 9 664 125 5 220 1769 20 4 11 15 0 
95338 1052 608 216 2 695 117 7 234 1688 17 5 6 15 0 
95187 1101 617 234 5 728 147 10 238 1703 12 4 6 8 0 
95285 1083 599 220 5 762 96 5 229 1663 17 6 13 17 0 
95131 1100 644 216 6 750 126 5 230 1746 16 4 9 16 1 
95150 1157 627 249 9 703 109 1 231 1716 22 6 8 10 2 
95248 1081 640 224 4 663 109 6 241 1735 22 3 16 8 0 
95229 1044 612 209 7 764 106 4 250 1742 16 3 2 12 0 
95130 1096 625 210 2 743 126 5 267 1751 19 7 10 9 0 
95173 1061 574 235 6 748 114 5 248 1789 23 5 10 9 0 
95272 1082 593 220 7 670 117 6 243 1755 14 3 6 12 0 
95257 1117 599 247 9 691 102 7 219 1704 16 3 11 18 0 
95375 1028 603 204 9 716 118 5 222 1681 12 6 9 12 0 
95186 1135 611 227 8 718 116 5 215 1735 16 4 17 7 0 
95289 1078 574 229 6 740 110 13 237 1675 26 4 9 10 0 
95160 1107 573 239 9 671 116 7 238 1833 15 9 11 12 0 
95215 1066 630 222 5 692 108 4 238 1777 14 5 13 10 1 
95155 1114 586 265 11 717 112 9 248 1733 20 7 8 14 1 
95150 1118 610 246 8 722 112 8 235 1749 15 3 13 11 0 
95017 1094 663 234 3 803 126 7 258 1758 16 5 5 11 0 
95299 1111 530 225 6 694 103 8 225 1753 19 8 8 11 0 
95285 1086 587 210 7 693 107 8 233 1732 20 5 13 14 0 
95248 1115 600 227 7 718 111 6 208 1718 16 6 9 11 0 
95259 1113 584 194 4 757 87 8 263 1678 25 7 7 14 0 
95337 1037 594 245 7 679 93 3 253 1714 12 5 10 11 0 
95202 1092 606 217 14 722 101 5 255 1742 21 5 9 8 1 
95207 1065 580 205 13 731 99 7 241 1809 13 3 7 20 0 
95259 1085 609 212 3 747 111 10 229 1689 27 2 7 10 0 
95260 1068 556 243 7 702 111 7 243 1761 17 4 9 12 0 
95294 1124 580 188 8 675 95 5 210 1774 15 5 15 12 0 
95291 1057 597 202 9 710 107 5 233 1742 19 3 9 16 0 
95175 1105 551 233 3 736 121 9 222 1785 22 6 14 17 1 
95207 1115 597 223 5 714 119 12 227 1747 11 4 12 6 1 
95299 1060 622 231 5 659 96 5 208 1777 20 2 6 10 0 
95352 1088 563 228 8 687 90 8 249 1681 12 5 11 18 0 
95084 1168 575 228 5 663 118 5 223 1879 22 8 8 14 0 
95321 1033 602 233 7 700 100 7 248 1706 13 3 12 15 0 
95287 1093 580 233 7 699 107 1 232 1705 19 4 13 20 0 
95240 1119 566 229 7 745 98 9 234 1694 21 8 11 19 0 
95115 1114 638 236 6 752 105 8 233 1745 20 6 7 15 0 
95165 1096 550 224 11 733 90 7 231 1839 18 6 16 14 0 
95250 1072 602 199 8 695 114 7 242 1758 14 6 8 25 0 
95249 1087 615 220 3 692 114 8 215 1752 18 5 12 10 0 
95193 1131 636 252 7 673 90 11 236 1721 18 4 11 16 1 
95205 1077 554 235 7 738 106 2 229 1810 16 5 6 10 0 
95144 1099 640 221 8 699 112 5 238 1795 20 1 9 9 0 
95273 1045 616 225 6 725 120 2 226 1711 20 4 7 20 0 
95240 1080 608 230 6 728 121 9 207 1726 17 2 14 12 0 
95155 1115 599 248 5 697 120 8 222 1781 22 3 8 16 1 
95329 1045 643 223 6 707 98 4 208 1695 15 7 6 14 0 
95216 1082 627 198 7 721 106 3 213 1789 13 2 10 12 1 
95192 1139 585 212 10 649 113 7 234 1816 18 3 12 10 0 
95153 1128 628 222 12 752 120 5 224 1705 25 9 8 9 0 
95206 1078 574 242 4 721 119 12 238 1768 17 1 7 13 0 
95328 1055 586 222 9 701 110 10 226 1701 23 9 9 10 1 
95191 1095 610 218 6 699 119 12 238 1747 21 8 17 19 0 
95238 1053 608 238 7 732 111 9 233 1721 23 4 7 16 0 
95269 1074 586 204 7 710 109 5 213 1782 15 3 11 12 0 
95302 1048 577 229 11 711 101 7 240 1736 13 2 11 12 0 
95202 1086 593 230 12 729 96 10 220 1777 16 4 10 15 0 
95311 1066 628 196 6 694 96 7 255 1693 14 6 15 13 0 
95124 1075 612 252 7 775 132 4 225 1762 13 2 10 7 0 
95269 1098 581 240 11 732 105 7 193 1727 18 6 4 9 0 
95229 1049 608 237 7 737 110 5 211 1760 20 5 8 13 1 
95299 1012 605 212 4 754 107 6 243 1719 15 3 8 13 0 
95322 1088 543 226 3 706 125 4 235 1703 15 6 9 15 0 
95121 1111 615 239 7 740 128 11 228 1751 17 8 10 13 1 
95314 1060 573 217 7 695 99 9 219 1766 19 8 5 9 0 
95411 1042 550 200 8 707 118 4 239 1670 22 5 7 17 0 
95146 1095 593 226 11 701 122 6 229 1838 15 1 10 7 0 
95169 1087 579 247 2 727 115 4 239 1791 11 5 8 16 0 
95175 1019 648 214 3 747 124 6 249 1777 16 2 9 11 0 
95265 1054 573 236 8 749 119 7 237 1706 16 4 13 13 0 
95272 1072 578 221 5 696 120 7 263 1723 14 5 12 11 1 
95289 1086 570 241 4 708 117 6 226 1704 22 6 8 13 0 
95240 1044 614 215 8 704 105 6 266 1748 18 6 14 12 0 
95274 1104 549 214 4 718 125 8 221 1746 11 4 11 11 0 
95231 1092 564 235 7 702 108 9 247 1769 17 5 7 7 0 
95111 1089 626 258 8 684 123 9 254 1803 9 4 9 13 0 
95287 1061 619 221 8 749 101 8 219 1679 20 5 8 15 0 
95119 1079 627 222 9 706 117 3 253 1811 26 10 4 14 0 
95241 1035 588 233 9 679 133 8 240 1782 19 7 11 15 0 
95269 1147 536 221 8 729 103 3 248 1680 24 6 12 14 0 
95183 1075 587 254 8 758 99 6 241 1734 24 4 13 14 0 
95218 1069 606 258 6 732 101 1 213 1760 13 6 11 6 0 
95131 1064 632 244 4 711 109 8 275 1785 21 1 2 13 0 
95256 1100 580 231 4 743 96 5 225 1707 25 4 16 8 0 
95226 1060 630 231 7 726 109 7 226 1738 20 5 10 5 0 
95228 1124 594 231 7 741 101 8 236 1685 15 7 9 14 0 
95246 1013 640 219 5 717 96 8 242 1766 16 5 11 16 0 
95232 1096 622 245 9 718 104 6 247 1673 26 4 7 11 0 
95160 1080 635 242 7 702 113 9 212 1792 19 5 12 12 0 
95317 1060 603 210 10 725 106 7 227 1674 25 7 14 15 0 
95185 1089 601 225 9 700 121 7 216 1798 15 6 8 20 0 
95242 1070 608 233 5 738 110 5 237 1714 22 2 4 9 1 
95048 1118 639 234 5 735 121 5 219 1824 21 3 13 15 0 
95235 1085 590 224 10 703 119 10 239 1732 19 7 12 15 0 
95201 1085 623 227 5 696 102 6 244 1768 14 5 6 18 0 
95305 1086 593 211 6 746 114 5 244 1639 24 3 10 14 0 
95241 1040 590 232 5 713 125 6 216 1790 14 5 8 15 0 
95228 1095 577 229 6 727 112 8 242 1731 15 13 7 10 0 
95148 1075 636 226 7 731 113 5 234 1784 14 4 9 14 0 
95274 1053 613 255 12 679 121 5 218 1724 25 3 8 10 0 
95259 1023 617 225 8 696 128 3 242 1757 17 1 7 17 0 
95289 1075 603 216 2 723 125 2 215 1688 29 9 7 17 0 
95251 1089 609 225 6 726 116 6 224 1713 14 9 8 4 0 
95124 1092 619 211 8 737 106 11 203 1851 21 1 5 11 0 
95052 1153 610 258 6 755 125 9 256 1731 14 5 11 15 0 
95246 1118 584 201 6 686 116 3 241 1754 20 6 8 11 0 
95300 1092 563 230 4 702 108 6 250 1691 19 5 16 14 0 
95232 1082 584 242 8 694 132 7 237 1724 21 5 10 22 0 
95309 1105 595 223 5 666 108 7 229 1710 17 7 6 13 0 
95236 1053 608 226 6 742 124 6 252 1701 15 7 8 16 0 
95250 1033 614 220 8 699 135 5 236 1759 13 5 9 14 0 
95182 1067 588 221 9 705 128 6 224 1819 24 2 11 14 0 
95342 1091 563 224 7 684 101 4 221 1720 19 6 4 14 0 
95237 1050 590 248 6 714 103 4 240 1766 17 2 9 14 0 
95288 1045 627 217 7 696 125 7 224 1718 20 5 8 13 0 
95228 1136 602 220 9 723 109 4 224 1701 20 1 6 17 0 
95128 1018 596 244 8 714 97 11 245 1888 23 5 9 14 0 
95254 1050 597 236 8 710 106 3 268 1718 18 7 9 16 0 
95167 1041 615 221 12 750 107 7 271 1770 16 6 4 13 0 
95264 1064 579 227 6 692 109 8 264 1743 11 5 10 18 0 
95299 1062 591 219 4 682 113 8 233 1750 17 3 10 8 1 
95272 1031 596 253 5 722 104 3 239 1733 17 6 4 15 0 
95224 1051 590 229 7 711 93 8 244 1797 16 3 9 18 0 
95219 1060 600 220 8 714 116 5 228 1779 27 7 8 9 0 
95339 1053 598 221 6 696 131 11 232 1666 14 8 10 15 0 
95177 1077 618 252 5 734 115 8 214 1750 21 6 7 16 0 
95275 1089 534 235 8 731 117 9 246 1719 10 4 10 13 0 
95247 1042 596 244 6 743 120 2 226 1731 15 5 12 11 0 
95177 1107 635 223 7 712 108 5 226 1749 23 3 7 18 0 
95382 1047 569 210 3 710 118 7 211 1702 16 5 7 13 0 
95232 1065 615 213 6 735 114 5 262 1711 16 6 7 12 1 
95320 1036 557 221 5 753 97 3 211 1750 16 6 8 17 0 
95207 1077 620 247 7 736 116 5 227 1716 23 2 10 7 0 
95240 1055 596 205 4 729 104 8 219 1797 14 6 12 11 0 
95198 1067 617 237 10 736 110 7 241 1736 14 2 11 14 0 
95351 1059 643 196 8 680 141 7 212 1648 26 4 8 17 0 
95196 1080 592 237 8 715 116 5 235 1779 15 4 7 11 0 
95301 1050 610 236 6 734 115 9 234 1662 13 3 14 13 0 
95280 1095 568 224 6 708 106 7 241 1722 20 2 8 13 0 
95225 1048 604 228 9 759 102 5 218 1761 16 8 4 13 0 
95177 1078 631 231 8 677 107 4 238 1800 22 4 11 12 0 
95148 1095 607 236 7 709 91 8 275 1773 24 3 7 17 0 
95267 1017 557 257 2 710 125 3 247 1768 21 4 11 11 0 
95174 1090 631 269 10 689 115 4 235 1748 16 2 4 13 0 
95298 1063 616 226 5 692 87 6 247 1724 20 1 3 12 0 
95272 1080 599 227 6 687 104 4 216 1764 13 7 8 13 0 
95237 1030 632 202 6 693 120 5 226 1803 20 4 11 11 0 
95227 1036 602 227 6 731 116 13 237 1761 12 3 12 17 0 
95305 1074 558 228 11 702 103 8 225 1726 31 6 10 13 0 
95156 1093 628 206 9 769 121 9 220 1751 13 5 7 12 1 
95173 1070 658 220 4 704 118 5 258 1747 14 7 10 12 0 
95315 1069 602 222 3 699 98 6 223 1723 16 3 9 12 0 
