95405 701 829 214 6 713 105 3 281 1706 13 2 14 7 1 
95292 748 859 209 3 633 144 4 248 1823 12 5 8 11 1 
95347 731 794 228 6 719 120 1 240 1764 12 7 14 17 0 
95214 755 871 213 10 704 100 2 256 1833 15 11 7 9 0 
95255 736 876 203 5 740 93 2 260 1782 13 9 8 18 0 
95333 793 843 200 10 693 101 6 244 1725 19 6 14 13 0 
95378 730 822 207 7 717 98 7 218 1770 23 4 10 8 1 
95289 762 868 205 7 671 109 7 230 1796 18 7 18 13 0 
95325 739 865 219 1 722 116 2 243 1729 13 7 7 12 0 
95370 711 872 215 9 653 107 4 240 1766 17 4 17 15 0 
95388 736 804 211 6 717 125 6 239 1719 18 3 21 7 0 
95466 742 796 196 9 681 107 12 225 1715 19 2 16 14 0 
95388 761 793 209 2 677 119 7 237 1772 11 6 7 11 0 
95412 765 783 228 7 701 106 2 250 1709 13 3 12 8 1 
95338 711 816 240 6 709 110 7 252 1770 8 9 13 11 0 
95332 712 847 226 5 678 108 6 220 1813 18 14 13 8 0 
95438 732 854 207 9 664 121 9 246 1669 12 8 14 17 0 
95377 755 885 192 4 669 104 6 225 1741 10 6 9 17 0 
95384 772 803 169 10 701 116 3 257 1746 8 6 14 11 0 
95443 728 766 189 6 683 122 2 247 1770 9 8 16 11 0 
95223 803 840 208 6 702 117 7 270 1783 14 4 12 11 0 
95357 767 822 212 8 671 116 5 257 1751 12 4 12 6 0 
95210 783 826 220 6 694 125 4 249 1844 14 4 10 11 0 
95374 748 861 192 3 680 113 4 225 1750 12 8 20 10 0 
95325 761 851 219 6 681 124 4 223 1757 16 5 13 15 0 
95408 746 829 179 5 690 116 4 224 1748 13 10 13 15 0 
95392 749 814 215 3 669 110 1 251 1733 12 14 17 19 1 
95282 724 858 236 4 725 109 7 257 1759 12 6 10 11 0 
95289 733 847 207 9 727 112 2 268 1775 11 8 6 6 0 
95423 717 846 183 6 689 112 3 271 1713 11 3 16 7 0 
95323 721 841 188 11 690 120 3 269 1791 19 6 13 5 0 
95328 832 846 192 5 688 109 4 269 1684 12 2 10 19 0 
95377 756 868 229 8 656 123 5 220 1713 15 3 14 13 0 
95383 722 893 195 2 668 111 7 244 1743 12 0 10 10 0 
95327 684 837 192 7 735 119 8 256 1772 23 8 15 17 0 
95530 708 797 195 9 718 103 4 218 1661 18 9 16 13 1 
95385 748 821 212 5 666 122 2 245 1748 18 8 10 10 0 
95308 765 852 228 6 717 105 4 227 1750 9 3 14 12 0 
95252 740 851 216 6 735 114 5 238 1786 19 6 20 12 0 
95400 724 798 202 2 710 114 5 263 1738 15 5 13 11 0 
95485 674 861 223 2 655 97 3 234 1726 16 2 11 11 0 
95392 718 847 201 3 680 134 2 273 1702 13 12 11 12 0 
95343 765 787 191 3 717 147 5 234 1773 11 4 8 12 0 
95369 766 799 191 4 721 119 1 263 1726 14 6 13 8 0 
95336 725 840 231 8 661 112 3 252 1798 15 5 8 6 0 
95416 747 785 196 5 675 95 3 235 1800 15 4 8 16 0 
95362 753 816 208 6 687 110 3 227 1781 16 8 12 11 0 
95346 693 866 205 4 713 114 3 253 1750 17 6 17 13 0 
95306 687 879 205 5 694 127 5 253 1798 12 4 11 13 1 
95347 742 826 199 5 659 104 4 256 1815 12 5 17 9 0 
95280 771 787 198 5 721 99 3 274 1815 13 7 10 17 0 
95377 769 875 179 5 701 109 7 249 1682 15 10 13 9 0 
95321 759 845 234 6 671 117 5 246 1752 12 9 15 8 0 
95442 712 787 203 6 691 119 2 251 1737 15 7 11 17 0 
95360 704 871 181 1 701 117 3 240 1771 22 6 8 15 0 
95431 708 839 188 3 710 124 4 246 1708 10 5 13 11 0 
95407 725 814 189 2 645 113 6 250 1804 16 10 6 13 0 
95398 708 821 189 7 706 126 5 248 1758 11 3 4 16 0 
95385 781 790 204 6 725 128 6 214 1724 8 6 6 17 0 
95233 765 872 196 6 685 127 6 275 1782 12 15 14 12 0 
95218 788 843 219 9 742 121 3 238 1767 17 6 13 16 0 
95270 766 835 206 7 703 129 2 233 1803 11 9 13 13 0 
95412 733 839 191 6 690 110 3 234 1742 10 4 12 14 0 
95370 742 833 182 6 707 115 1 245 1760 16 6 9 8 0 
95352 715 836 209 3 672 103 5 263 1797 15 4 15 11 0 
95393 734 817 178 7 667 114 5 254 1782 16 9 14 10 0 
95280 754 827 229 8 694 111 5 264 1788 12 4 12 12 0 
95325 729 843 170 7 743 123 4 244 1774 9 5 8 15 1 
95251 748 905 201 11 692 103 11 260 1770 16 5 14 13 0 
95403 734 856 171 7 659 125 5 264 1726 14 8 15 13 0 
95398 735 862 163 6 674 112 6 233 1762 15 6 20 8 0 
95423 756 825 209 6 681 105 3 243 1694 13 9 14 19 0 
95232 783 883 212 6 696 100 1 259 1791 7 4 12 14 0 
95371 729 847 189 2 712 109 3 280 1717 11 8 15 7 0 
95442 693 814 215 5 685 102 7 223 1774 9 8 14 9 0 
95454 782 828 206 4 696 110 3 261 1617 9 5 9 16 0 
95342 720 871 195 2 693 114 9 269 1738 13 7 16 11 0 
95228 800 873 205 10 691 111 9 258 1769 12 5 15 14 0 
95327 723 840 207 1 703 132 10 232 1772 15 7 19 12 0 
95395 723 819 176 6 696 123 6 267 1741 20 8 10 10 0 
95431 744 846 197 5 698 110 7 231 1692 13 9 5 12 0 
95383 758 785 212 3 673 95 5 247 1787 15 7 14 16 0 
95317 714 833 188 4 710 113 4 267 1804 14 6 15 11 0 
95369 737 899 214 7 690 87 6 274 1689 8 3 11 6 0 
95410 724 849 185 1 660 113 1 280 1739 13 5 11 8 1 
95352 752 755 224 4 707 138 4 259 1765 11 6 12 11 0 
95252 777 793 220 9 722 111 4 261 1810 18 6 8 9 0 
95381 749 797 184 6 708 117 1 226 1806 7 4 6 8 0 
95529 733 767 196 6 689 103 4 231 1689 12 10 15 16 0 
95419 736 826 221 3 637 131 5 258 1727 9 5 9 14 0 
95299 733 838 195 7 728 126 5 242 1781 13 12 11 10 0 
95294 744 818 168 7 724 134 9 267 1793 14 5 16 7 0 
95302 712 863 177 5 714 125 5 256 1801 12 7 9 12 0 
95347 745 859 191 12 668 124 8 258 1727 8 13 18 22 0 
95373 730 805 198 5 733 110 7 245 1737 17 11 17 12 0 
95366 745 821 210 5 701 111 4 246 1747 13 6 11 14 0 
95494 705 810 200 8 668 121 3 225 1719 11 4 14 18 0 
95324 715 868 196 8 668 118 4 264 1784 17 6 14 14 0 
95282 780 853 214 8 703 110 1 248 1751 21 7 10 12 0 
95356 722 856 203 8 702 102 10 265 1730 22 7 6 11 0 
95365 742 817 200 4 740 108 2 245 1735 10 7 13 12 0 
95372 718 846 209 9 721 115 1 250 1724 14 4 8 9 0 
95422 702 831 177 6 687 118 10 231 1781 5 5 14 11 0 
95391 716 859 206 0 733 127 2 239 1694 11 5 7 10 0 
95403 738 811 205 6 675 123 6 246 1742 12 6 14 13 0 
95374 708 847 193 5 692 100 2 257 1770 14 4 16 18 0 
95359 738 830 208 7 723 100 6 226 1760 15 9 8 11 0 
95447 728 806 214 7 672 94 6 236 1747 12 6 14 11 0 
95325 776 802 186 6 672 109 6 272 1799 17 3 14 13 0 
95486 694 798 210 3 667 101 5 240 1754 11 8 11 12 0 
95341 732 824 183 4 678 117 6 257 1815 13 5 14 11 0 
95409 745 795 214 4 647 130 2 259 1754 10 7 13 11 0 
95429 729 844 181 10 714 102 8 246 1697 17 4 11 8 0 
95398 733 829 210 4 702 112 0 262 1709 11 8 10 12 0 
95350 771 842 240 3 652 103 3 271 1728 13 4 13 7 0 
95326 753 825 208 6 701 99 4 264 1765 16 8 12 13 0 
95424 728 824 190 10 696 115 3 262 1705 13 11 8 11 0 
95359 756 812 224 11 683 105 2 268 1739 14 6 14 6 1 
95438 778 809 190 10 676 108 5 238 1696 17 6 11 18 0 
95360 738 862 202 7 663 120 3 246 1743 15 8 15 18 0 
95296 737 819 212 5 700 91 5 253 1825 19 10 15 12 1 
95419 720 805 227 12 672 108 11 259 1721 16 8 9 13 0 
95376 711 799 191 7 708 126 2 256 1781 13 8 12 10 0 
95275 755 864 211 8 743 90 3 278 1729 15 8 11 10 0 
95393 700 811 191 4 690 119 5 251 1785 18 6 17 10 0 
95387 762 811 208 10 658 105 5 257 1762 9 6 11 8 1 
95334 744 810 209 6 681 106 5 271 1787 14 5 18 10 0 
95391 728 850 190 8 677 105 6 233 1774 11 5 10 12 0 
95310 748 864 226 13 689 120 3 247 1737 12 4 15 11 1 
95293 712 856 196 6 713 118 9 250 1807 15 8 11 6 0 
95431 709 805 218 6 731 106 6 200 1743 17 6 10 12 0 
95473 706 780 183 7 692 111 4 227 1762 14 10 15 15 1 
95456 713 815 204 1 660 97 3 258 1758 14 4 10 7 0 
95179 798 888 209 3 720 120 3 254 1769 11 8 20 18 0 
95328 768 843 225 5 700 109 7 256 1718 16 6 11 8 0 
95412 752 817 201 6 663 106 5 263 1737 7 6 8 17 0 
95390 753 800 211 7 677 105 3 260 1750 14 8 9 13 0 
95270 718 821 203 6 729 120 6 276 1818 10 7 6 10 0 
95459 753 832 195 7 660 102 6 248 1694 15 5 13 11 0 
95413 713 838 227 5 706 110 1 215 1715 15 5 21 16 0 
95499 712 805 202 8 664 125 7 218 1721 16 4 8 11 0 
95305 726 843 197 6 701 106 3 276 1791 17 4 13 12 0 
95334 773 829 186 7 711 116 8 237 1763 13 5 9 9 0 
95499 716 836 172 11 687 109 4 231 1696 8 5 12 14 0 
95273 762 780 226 5 764 102 3 282 1758 17 7 7 14 0 
95375 751 848 163 6 691 115 6 251 1744 16 11 14 9 0 
95310 790 842 190 6 701 104 3 273 1720 20 9 15 17 0 
95345 697 816 210 10 712 136 1 286 1733 20 12 8 14 0 
95367 738 821 217 5 658 128 4 242 1775 16 8 10 11 0 
95403 798 816 215 9 651 125 4 237 1706 11 3 4 18 0 
95354 789 816 211 8 699 98 4 250 1722 11 11 8 19 0 
95348 715 819 198 4 676 109 4 248 1843 8 6 8 14 0 
95382 781 836 199 3 668 107 3 241 1736 11 5 14 13 1 
95252 751 880 220 12 660 114 6 268 1790 12 7 16 12 0 
95259 737 853 220 7 684 118 10 269 1794 14 6 14 15 0 
95497 681 798 203 4 728 108 6 225 1712 11 6 10 11 0 
95411 708 826 202 7 667 105 2 241 1777 16 12 14 12 0 
95440 767 813 213 3 692 112 3 221 1688 18 7 10 13 0 
95405 753 844 220 7 669 98 3 259 1711 17 2 4 8 0 
95441 691 818 187 5 713 105 3 256 1740 13 6 11 10 1 
95284 744 802 199 4 726 105 6 260 1823 13 8 9 17 0 
95349 752 836 221 8 674 133 6 240 1742 10 6 16 7 0 
95271 748 867 210 7 704 107 4 240 1795 23 8 6 10 0 
95272 765 848 193 12 717 134 7 234 1768 18 7 15 10 0 
95261 727 837 230 7 713 118 8 255 1787 15 8 20 13 1 
95278 698 826 200 3 730 137 5 272 1806 17 5 11 12 0 
95358 710 818 209 9 701 127 2 247 1782 12 3 12 9 1 
95350 745 826 213 6 695 115 3 218 1783 11 5 14 16 0 
95243 749 831 222 8 732 112 6 224 1825 13 8 16 10 1 
95344 762 815 204 6 675 106 3 280 1771 10 4 8 12 0 
95269 752 912 211 6 678 131 6 249 1751 6 5 13 11 0 
95337 753 822 200 6 728 104 7 267 1737 10 6 10 13 0 
95425 743 837 214 5 688 117 4 243 1668 20 6 13 17 0 
95353 755 799 203 16 733 99 4 245 1745 18 4 12 13 1 
95484 689 831 195 4 678 118 11 236 1711 19 7 7 10 0 
95381 734 845 199 10 664 116 4 252 1754 11 7 10 13 0 
95447 732 788 210 5 696 113 3 266 1703 11 5 15 6 0 
95382 742 821 183 6 682 120 6 251 1760 16 5 17 9 0 
95245 738 840 215 8 691 125 4 270 1834 8 6 10 6 0 
95279 739 830 211 5 718 118 5 262 1781 23 7 10 11 1 
95418 747 823 212 10 647 110 7 255 1718 16 8 18 11 0 
95367 780 820 213 4 653 130 0 225 1771 13 6 8 10 0 
95338 757 843 206 6 664 129 5 249 1753 16 4 14 16 0 
95363 760 804 228 6 690 101 5 253 1740 10 7 14 19 0 
95356 737 814 179 13 718 143 4 246 1735 15 11 12 17 0 
95251 740 849 198 6 739 109 4 276 1787 13 4 13 11 0 
95432 694 839 207 6 675 119 4 254 1722 15 8 14 11 0 
95266 727 861 189 4 719 128 6 278 1781 15 1 16 9 0 
95378 734 834 199 7 701 119 6 252 1726 17 10 8 9 0 
95375 729 836 205 8 719 103 2 252 1730 12 5 12 12 0 
95332 714 808 185 8 712 126 2 265 1800 15 8 10 15 0 
95260 798 855 185 7 691 120 6 267 1771 7 6 18 9 0 
95283 737 822 205 9 707 106 7 241 1833 23 2 13 12 0 
95326 737 816 217 3 750 124 2 250 1734 15 6 10 10 0 
95337 728 874 208 8 705 100 5 259 1738 12 9 10 7 0 
95480 713 794 206 4 683 104 8 236 1730 16 7 8 10 1 
95442 729 835 191 3 653 107 1 263 1725 13 6 17 15 0 
95372 742 872 183 4 672 100 5 281 1736 9 4 8 12 0 
95337 805 790 209 3 721 126 4 242 1716 17 7 8 15 0 
95274 711 882 189 4 694 127 1 245 1825 14 10 12 11 1 
95424 717 868 164 5 678 127 6 244 1720 13 9 14 11 0 
95247 784 846 173 9 738 123 6 252 1771 14 5 14 18 0 
95265 730 879 213 6 652 145 5 259 1798 17 7 13 11 0 
95268 739 839 209 6 687 111 4 265 1821 14 12 9 16 0 
95352 744 820 193 5 676 121 3 229 1824 9 9 10 5 0 
95224 750 831 224 5 717 115 7 238 1845 17 6 11 10 0 
95285 736 809 205 8 700 121 5 271 1812 11 7 15 15 0 
95315 725 804 209 9 720 119 6 230 1814 13 8 10 18 0 
95554 687 813 192 7 651 114 7 240 1689 11 11 11 13 0 
95353 761 862 221 4 698 109 2 262 1690 14 6 12 6 0 
95380 765 888 182 6 672 103 6 260 1689 12 10 11 16 0 
95362 724 856 193 11 697 111 2 283 1716 20 5 10 9 1 
95326 722 810 210 8 688 113 1 276 1801 13 9 9 14 0 
95337 695 849 195 5 737 90 4 246 1801 13 7 13 8 0 
95288 804 842 197 7 661 115 4 282 1765 14 1 9 11 0 
95205 758 841 206 8 696 115 3 260 1868 10 7 9 14 0 
95315 752 847 200 7 711 98 6 253 1760 15 9 11 16 0 
95391 735 813 212 5 709 110 1 232 1751 9 6 8 18 0 
95392 724 843 217 3 675 123 6 255 1715 17 5 14 11 0 
95416 731 820 199 5 689 109 5 263 1717 12 3 15 16 0 
95404 740 838 213 6 684 113 5 233 1724 15 6 11 8 0 
95391 726 842 204 7 646 112 7 251 1757 26 11 15 5 0 
95368 720 862 217 6 714 115 6 246 1698 16 3 15 14 0 
95358 778 809 205 5 674 124 4 257 1738 14 6 16 12 0 
95406 733 835 209 3 654 103 2 243 1775 13 5 11 8 0 
95360 730 774 209 8 718 119 7 250 1785 11 5 15 9 0 
95329 717 837 198 7 718 107 7 222 1812 10 10 13 13 0 
95394 754 818 216 7 645 117 7 248 1751 7 8 12 15 1 
95329 753 878 214 3 675 119 5 252 1720 18 6 12 16 0 
95363 723 788 211 5 728 111 2 273 1758 12 4 7 15 0 
95355 779 795 198 7 681 114 5 257 1761 15 7 14 12 0 
95502 725 793 194 6 664 110 7 229 1734 11 5 15 5 0 
95457 765 807 196 5 694 103 4 185 1746 11 10 5 11 1 
95390 796 763 210 8 711 111 0 250 1707 16 9 10 19 0 
95485 714 808 233 5 676 109 2 228 1700 13 3 13 11 0 
95391 728 802 221 6 671 109 4 256 1756 14 5 21 16 0 
95394 735 820 198 10 640 112 6 235 1812 12 5 12 9 0 
95435 718 825 189 7 704 116 5 231 1736 11 7 10 6 0 
95361 701 858 210 5 709 114 8 254 1745 13 6 3 13 0 
95328 781 830 201 2 713 102 5 240 1760 11 5 11 11 0 
95373 759 845 217 8 665 115 6 251 1724 11 3 12 11 0 
95352 763 888 222 2 690 120 3 223 1705 10 5 11 6 0 
95490 733 794 192 3 650 100 1 236 1752 11 9 18 11 0 
95388 758 831 172 6 667 107 1 234 1800 15 3 8 10 0 
95416 746 822 194 7 644 112 4 249 1760 11 14 7 14 0 
95439 708 842 206 5 612 99 3 253 1789 15 3 12 14 0 
95283 752 874 208 6 747 113 2 247 1723 13 6 17 9 0 
95340 766 819 218 5 672 83 6 262 1782 13 11 8 15 0 
95418 736 782 169 5 691 121 0 274 1757 11 9 15 11 1 
95407 756 838 218 6 658 122 3 238 1707 9 7 16 15 0 
95360 751 811 217 10 695 125 5 219 1762 17 4 13 11 0 
95334 752 813 205 7 691 124 5 252 1764 16 7 13 17 0 
95324 716 843 191 6 650 130 3 255 1838 17 5 11 11 0 
95298 772 796 221 7 694 109 5 261 1797 7 3 13 17 0 
95295 729 835 214 8 718 103 3 247 1794 6 12 18 18 0 
95352 759 781 187 9 743 129 6 282 1713 9 4 10 16 0 
95298 734 855 207 4 699 116 3 247 1778 23 13 16 7 0 
95381 737 749 206 4 710 98 6 234 1816 13 7 19 20 0 
95402 746 800 201 6 685 115 4 261 1749 5 6 8 12 0 
95360 740 855 198 9 740 117 5 229 1702 12 5 18 9 1 
95327 742 823 197 10 687 125 7 255 1785 10 6 10 15 1 
95331 766 790 208 11 720 141 3 265 1734 10 2 8 11 0 
95326 741 868 214 5 672 118 3 243 1763 15 1 22 9 0 
95311 768 855 224 6 728 119 3 273 1667 10 7 16 13 0 
95386 734 811 204 7 683 117 6 253 1761 15 3 12 8 0 
95403 701 816 219 4 671 114 1 255 1764 16 4 16 16 0 
95578 723 815 181 6 664 115 3 214 1662 13 7 11 8 0 
95405 741 832 200 8 655 108 6 229 1764 15 13 20 4 0 
95336 717 844 197 3 682 110 2 233 1822 16 7 15 16 0 
95411 728 821 178 2 665 120 4 231 1790 10 10 16 14 0 
95365 788 815 205 4 726 102 3 229 1717 15 5 11 15 0 
95243 766 783 215 6 738 106 6 284 1805 13 7 15 13 0 
95365 746 860 217 4 664 100 4 251 1749 12 8 12 8 0 
95349 723 855 217 6 717 115 4 231 1747 14 5 9 8 0 
95411 752 789 184 6 709 96 8 284 1715 18 7 9 12 0 
95390 764 830 204 10 711 110 7 250 1685 11 4 9 15 0 
95416 761 785 192 7 710 112 7 243 1727 15 7 10 8 0 
95386 746 848 197 5 699 109 2 244 1724 16 3 13 8 0 
95293 711 841 225 12 712 115 6 246 1795 9 8 15 12 0 
95419 747 807 189 4 674 117 4 269 1722 15 6 12 15 0 
95375 738 839 195 4 685 126 4 238 1742 18 4 14 18 0 
95327 739 802 188 5 719 110 6 275 1783 11 3 15 17 0 
95510 709 843 197 2 676 109 2 258 1659 12 6 8 9 0 
95325 753 806 197 7 675 119 5 232 1835 15 12 9 10 0 
95386 723 810 203 6 743 106 1 249 1737 19 2 10 5 0 
95396 749 809 186 6 705 108 3 240 1750 18 6 9 15 0 
95282 794 837 183 8 727 127 4 260 1731 19 4 9 15 0 
95322 723 822 201 6 708 105 6 249 1822 9 4 12 11 0 
95384 709 815 202 8 705 126 1 277 1728 14 3 15 13 0 
95344 763 847 202 4 686 113 4 251 1729 13 14 18 12 0 
95306 775 861 213 5 677 116 7 248 1746 12 4 15 15 0 
95403 713 849 198 3 709 83 3 250 1743 11 10 9 16 0 
95432 719 828 204 7 653 114 5 266 1730 17 4 9 12 0 
95306 770 802 201 5 757 115 7 233 1755 16 7 13 13 0 
95468 732 804 172 10 660 129 5 263 1715 12 7 9 13 1 
95477 704 828 198 3 651 120 8 247 1718 13 6 14 13 0 
95397 728 781 194 6 672 109 5 280 1785 15 7 9 12 0 
95308 729 842 179 7 747 116 5 256 1776 12 4 7 12 0 
95378 761 835 195 4 693 105 3 268 1716 9 4 11 18 0 
95370 711 816 194 3 740 105 7 250 1758 13 8 13 12 0 
95401 754 808 189 9 710 101 2 228 1745 12 9 16 16 0 
95362 733 813 206 6 715 131 6 255 1733 12 6 8 14 0 
95353 730 836 211 3 710 107 9 269 1735 12 4 10 11 0 
95345 759 836 204 5 687 116 5 254 1744 14 2 17 12 0 
95355 728 846 189 7 715 126 3 266 1728 13 6 8 10 0 
95343 757 825 218 11 671 105 8 218 1797 18 6 12 11 0 
95436 744 788 200 6 650 102 2 243 1792 15 3 10 9 0 
95348 818 825 211 8 677 112 5 229 1707 15 13 15 16 1 
95453 693 846 193 6 704 102 5 219 1723 20 11 12 13 0 
95374 686 843 220 7 729 134 7 234 1724 15 7 11 9 0 
95374 705 892 184 4 737 121 3 250 1689 16 8 5 12 0 
95413 750 863 214 1 628 103 2 244 1746 12 5 7 12 0 
95319 772 864 214 5 656 101 5 265 1759 14 5 7 14 0 
95211 772 849 197 6 699 122 3 259 1839 15 4 11 13 0 
95313 703 843 197 10 701 101 3 248 1841 16 7 6 11 0 
95416 760 862 174 9 699 104 3 267 1670 8 6 13 9 0 
95351 777 806 203 7 695 120 4 218 1775 13 4 14 13 0 
95352 728 820 207 5 702 125 4 241 1776 10 4 13 13 0 
95375 794 834 198 10 658 119 3 245 1716 20 5 7 16 0 
95297 801 855 183 5 678 123 6 244 1764 16 6 11 11 0 
95294 721 820 224 5 742 117 3 234 1798 9 10 11 11 1 
95400 687 815 227 9 687 112 4 246 1778 7 7 12 9 0 
95297 727 827 217 3 689 123 4 251 1809 20 5 16 11 1 
95279 771 844 200 3 714 119 5 249 1759 23 3 16 15 0 
95358 756 866 216 5 679 115 5 242 1715 17 7 11 8 0 
95287 725 842 203 8 750 122 0 242 1751 30 5 24 11 0 
95366 714 867 226 8 686 113 3 228 1746 12 7 14 10 0 
95355 768 866 197 6 650 111 5 242 1761 7 8 12 12 0 
95435 735 802 197 6 693 125 4 232 1728 15 4 13 11 0 
95297 741 851 217 6 711 112 6 261 1757 11 6 9 15 0 
95359 769 809 198 13 643 108 3 271 1794 7 4 9 13 0 
95323 702 834 227 7 702 92 9 250 1816 12 4 14 8 0 
95390 746 833 218 10 660 113 6 262 1698 17 8 28 11 0 
95433 728 805 233 7 689 114 2 268 1681 5 5 16 14 0 
95449 762 789 192 6 645 121 5 288 1707 11 4 11 10 0 
95328 769 814 216 7 725 89 4 266 1729 14 10 16 13 0 
95318 772 801 229 8 711 109 4 249 1752 19 9 10 9 0 
95249 726 816 185 9 754 100 4 289 1825 8 9 12 14 0 
95381 695 847 205 6 682 127 4 255 1758 12 6 12 10 0 
95320 736 850 203 6 671 135 6 249 1769 16 8 16 15 0 
95456 766 805 202 5 638 111 4 205 1772 11 6 12 7 0 
95242 796 806 196 12 671 109 1 277 1845 15 4 12 14 0 
95381 701 800 202 9 684 102 4 247 1832 13 11 6 7 1 
95462 712 848 221 3 677 100 4 248 1684 11 9 10 11 0 
95330 732 834 199 5 683 111 9 283 1770 13 5 13 13 0 
95430 734 869 208 3 661 119 5 249 1675 15 4 13 15 0 
95384 776 794 183 7 676 126 6 225 1785 11 6 9 12 0 
95268 781 836 224 8 719 115 3 266 1733 18 2 15 11 1 
95426 718 856 197 7 707 113 5 255 1663 17 9 15 12 0 
95418 726 809 202 3 692 111 5 248 1736 16 4 15 15 0 
95422 731 824 208 6 707 121 8 234 1691 16 10 14 8 0 
95261 785 867 216 6 720 101 2 245 1737 19 8 15 18 0 
95408 728 803 203 10 645 114 3 260 1778 11 12 14 11 0 
95257 753 851 199 5 700 107 4 261 1809 18 8 13 15 0 
95306 718 834 227 5 706 126 3 248 1792 8 6 5 16 0 
95343 766 786 220 6 683 102 7 250 1797 16 3 12 9 0 
95300 760 858 212 6 668 109 6 232 1809 11 3 17 9 0 
95391 731 823 225 4 672 110 3 254 1757 6 3 13 8 0 
95299 701 847 235 7 720 110 5 251 1771 16 5 18 15 0 
95366 774 843 203 6 691 121 7 241 1709 14 5 11 9 0 
95265 676 853 225 12 731 101 8 272 1813 13 11 16 4 0 
95239 714 875 217 1 738 125 3 265 1779 12 7 14 11 0 
95372 756 850 209 10 647 118 3 226 1766 14 6 15 8 0 
95350 761 760 224 8 717 104 2 250 1777 18 8 16 5 0 
95413 716 833 172 4 700 103 3 256 1748 16 11 13 12 0 
95411 717 824 211 9 682 121 5 247 1746 7 3 9 8 0 
95332 676 872 209 3 714 138 6 238 1761 15 8 13 15 0 
95381 687 814 203 5 742 123 9 229 1773 8 5 14 7 0 
95436 739 794 195 5 665 118 6 230 1760 14 9 16 13 0 
95304 705 875 207 8 716 109 2 268 1767 12 3 10 14 0 
95287 721 847 221 14 710 115 3 266 1770 16 4 9 17 0 
95452 756 836 170 2 664 122 7 249 1704 16 2 5 15 0 
95332 727 850 221 9 694 116 2 233 1763 15 5 17 16 0 
95233 729 864 183 5 723 128 2 268 1826 14 2 11 12 0 
95236 751 857 222 10 689 101 3 252 1830 17 7 13 12 0 
95333 726 813 215 3 668 105 4 264 1834 11 4 9 11 0 
95368 694 806 196 10 717 124 8 248 1783 16 6 11 13 0 
95396 751 823 197 4 676 113 3 243 1742 10 10 13 19 0 
95290 746 828 211 3 692 105 6 263 1811 10 6 14 15 0 
95380 725 851 207 8 685 111 9 253 1732 16 6 10 7 0 
95149 776 864 231 6 739 122 8 266 1790 14 6 17 12 0 
95339 751 847 184 8 680 107 0 269 1767 18 6 14 10 0 
95463 689 812 187 1 682 114 3 241 1744 16 10 16 22 0 
95285 773 811 208 4 694 127 3 254 1790 14 8 18 11 0 
95422 722 837 217 6 715 104 4 215 1717 18 8 11 4 0 
95379 718 829 207 6 685 116 3 245 1774 9 12 9 8 0 
95387 751 858 199 4 699 109 5 242 1677 17 9 20 23 0 
95486 724 843 186 7 671 127 6 237 1668 11 3 20 11 0 
95482 708 842 197 4 681 101 8 227 1715 8 8 7 12 0 
95296 759 856 213 5 722 120 4 247 1738 10 4 12 14 0 
95382 711 830 200 8 696 100 4 245 1773 15 10 11 15 0 
95390 731 818 202 6 699 109 5 262 1732 19 5 11 11 0 
95442 734 823 208 5 645 110 5 241 1752 7 8 9 11 0 
95524 742 755 197 7 682 118 5 246 1676 11 11 15 11 0 
95191 799 877 207 6 691 109 4 276 1784 17 11 16 12 0 
95380 730 824 182 7 637 116 2 239 1838 14 7 12 12 0 
95415 695 824 226 10 736 127 5 248 1667 17 4 10 16 0 
95305 812 829 188 7 689 120 3 254 1747 10 6 13 17 0 
95458 705 833 196 5 636 115 5 242 1745 24 9 11 16 0 
95378 754 876 203 6 687 129 3 241 1678 17 6 12 10 0 
95393 717 814 198 6 677 116 10 238 1789 10 5 16 11 0 
95417 703 859 214 11 670 107 5 274 1691 17 6 16 10 0 
95250 729 871 208 7 740 116 4 256 1751 19 11 16 22 0 
95507 674 858 208 9 656 99 8 262 1677 15 4 12 11 0 
95407 741 775 194 6 678 113 6 259 1764 19 13 14 10 1 
95261 710 884 184 3 730 126 2 246 1813 17 5 7 12 0 
95424 689 875 220 3 699 95 1 236 1704 12 10 18 14 0 
95381 749 855 189 10 679 119 8 248 1715 10 12 10 15 0 
95316 735 835 210 5 738 120 6 251 1738 17 7 14 7 1 
95297 736 848 237 14 704 120 0 259 1734 15 3 20 13 0 
95420 728 811 197 5 661 125 6 265 1743 16 4 7 12 0 
95344 748 827 175 9 704 122 5 248 1769 15 8 12 14 0 
95503 708 810 203 6 667 98 5 240 1711 15 4 14 16 0 
95329 748 851 219 4 681 124 6 232 1761 14 5 12 14 0 
95379 754 844 203 10 685 128 4 245 1707 14 7 12 8 0 
95437 701 837 192 4 689 103 8 243 1739 14 4 11 18 0 
95439 750 866 200 8 672 122 3 233 1672 12 6 8 9 0 
95409 719 837 206 8 686 108 4 256 1717 19 7 14 10 0 
95420 707 780 211 5 692 107 7 245 1775 22 5 12 12 0 
95361 722 803 192 0 701 124 2 249 1793 21 5 12 15 0 
95395 716 812 195 11 674 119 6 261 1770 15 10 9 7 0 
95447 737 790 191 6 696 97 5 263 1717 17 11 13 10 0 
95424 728 770 205 5 692 111 6 220 1802 8 7 14 8 0 
95356 712 885 228 9 684 104 3 253 1725 9 6 14 12 0 
95279 762 828 217 8 727 130 3 240 1754 17 7 12 16 0 
95404 716 868 191 4 736 106 4 240 1683 19 3 15 11 0 
95401 739 795 198 5 669 90 9 232 1816 11 8 15 12 0 
95336 768 844 227 3 723 102 7 269 1674 14 5 14 14 0 
95132 762 853 233 8 726 119 3 268 1841 18 12 16 9 0 
95361 775 797 215 9 699 107 3 222 1760 22 5 10 15 0 
95395 739 836 190 5 649 126 7 249 1749 18 2 21 13 1 
95403 753 831 182 4 692 117 5 234 1731 16 4 13 15 0 
95391 683 866 216 9 689 149 1 253 1705 8 6 10 14 0 
95324 752 849 206 10 706 92 4 257 1757 10 5 14 13 1 
95248 798 842 214 2 674 127 6 226 1805 13 14 17 14 0 
95268 738 839 236 8 751 108 8 256 1746 14 6 13 9 0 
95517 717 778 195 10 684 117 7 221 1707 14 8 11 14 0 
95381 748 866 211 5 685 91 2 266 1704 10 6 10 15 0 
95311 783 836 184 7 733 115 2 248 1741 11 11 7 10 1 
95306 744 814 189 4 744 103 8 240 1805 15 4 14 10 0 
95321 724 837 204 8 671 109 6 253 1819 13 6 16 13 0 
95290 787 837 211 9 721 108 5 238 1749 14 7 16 8 0 
95395 710 818 191 7 741 117 2 244 1732 15 4 16 8 0 
95381 731 825 228 6 679 114 6 228 1754 18 7 13 10 0 
95465 732 786 192 5 673 128 2 259 1713 15 1 16 13 0 
95429 731 842 177 6 698 126 7 239 1694 14 7 16 14 0 
95395 739 800 174 8 668 117 6 247 1808 9 2 14 13 0 
95392 743 835 218 6 701 95 6 255 1705 10 9 8 16 1 
95339 781 832 215 4 710 91 3 230 1742 10 17 13 13 0 
95423 716 844 178 7 674 112 4 239 1753 15 8 16 11 0 
95310 726 825 214 11 694 122 1 257 1800 8 5 12 14 1 
95397 713 837 186 6 690 122 6 251 1743 15 4 11 19 0 
95434 727 843 183 2 659 110 3 247 1749 13 7 16 7 0 
95407 708 840 187 7 728 121 4 250 1711 12 5 7 13 0 
95437 731 768 204 5 687 104 7 278 1736 8 2 11 22 0 
95390 732 828 188 4 750 115 3 282 1670 7 6 12 12 1 
95436 698 774 216 6 733 102 3 253 1732 10 7 16 14 0 
95368 755 810 199 6 642 128 0 272 1772 17 7 16 8 0 
95261 789 841 207 4 695 133 6 236 1779 18 3 10 17 1 
95328 741 880 197 9 665 107 5 263 1765 10 8 11 11 0 
95390 723 799 190 3 719 119 3 231 1784 13 8 7 11 0 
95288 760 814 203 8 730 119 4 222 1804 8 8 15 17 0 
95431 704 821 217 9 695 112 3 243 1714 17 5 18 11 0 
95270 728 825 214 7 684 131 5 261 1836 12 7 13 7 0 
95279 781 819 206 6 731 106 4 226 1797 12 5 14 14 0 
95384 731 818 183 4 653 116 3 275 1786 13 7 12 15 0 
95271 783 842 183 6 680 131 4 257 1793 18 5 16 11 0 
95266 735 895 191 5 688 111 6 256 1806 13 3 12 13 0 
95412 707 827 192 5 642 115 2 268 1787 14 2 13 14 0 
95417 703 805 212 4 693 102 6 243 1769 16 5 13 12 0 
95425 704 829 200 6 683 130 0 238 1732 16 10 14 13 0 
95380 736 815 199 5 706 129 1 270 1713 15 6 12 13 0 
95437 784 833 199 5 658 102 1 248 1695 18 2 7 11 0 
95451 733 782 188 3 695 100 3 266 1732 17 4 13 13 0 
95399 740 845 206 4 702 95 6 221 1749 8 6 10 9 0 
95318 738 791 222 9 727 121 8 245 1774 14 7 13 13 0 
95392 723 843 223 8 696 121 3 256 1698 13 3 11 10 0 
95339 714 843 196 4 679 123 6 261 1803 9 3 11 9 0 
95366 754 830 212 7 676 113 5 247 1749 10 8 13 10 0 
95387 705 849 192 9 719 124 3 219 1756 7 4 13 13 0 
95386 750 814 194 5 740 112 6 222 1724 17 5 15 10 0 
95408 707 804 220 10 660 127 0 238 1777 12 7 15 15 0 
95314 753 838 228 7 718 116 4 282 1704 10 6 11 9 0 
95383 784 834 200 3 675 114 8 249 1700 8 17 12 13 0 
95350 722 825 208 7 706 120 9 289 1700 19 5 24 16 0 
95395 761 844 206 1 658 107 5 269 1707 7 3 14 23 0 
95413 755 756 232 2 707 102 4 259 1723 7 9 13 18 0 
95304 768 809 193 4 768 108 9 228 1762 13 4 13 17 0 
95388 719 776 194 6 730 113 2 259 1774 10 4 15 10 0 
95302 761 794 214 9 714 111 8 239 1801 15 4 14 14 0 
95420 718 801 239 7 698 114 5 223 1721 20 9 10 15 0 
95277 759 849 218 6 714 128 4 259 1756 8 3 7 11 1 
95344 739 858 203 10 740 92 4 238 1728 18 8 13 5 0 
95386 733 839 193 4 730 109 4 260 1703 7 5 13 14 0 
95462 702 780 215 8 683 112 2 271 1735 8 2 8 11 1 
95410 715 805 211 9 720 110 3 247 1722 12 7 18 11 0 
95341 760 862 194 5 681 125 5 262 1719 14 7 12 13 0 
95347 730 873 211 7 697 116 3 259 1714 15 5 6 17 0 
95346 739 820 196 10 707 112 3 252 1769 9 9 16 12 0 
95375 763 859 226 8 673 108 5 250 1688 13 8 9 15 0 
