95440 694 838 218 8 675 129 1 224 1733 15 4 11 10 0 
95401 726 814 214 7 707 99 5 218 1776 10 4 8 11 0 
95409 746 829 223 5 719 115 4 213 1694 13 12 11 7 0 
95485 726 778 227 5 734 93 4 216 1666 11 13 27 15 0 
95460 730 809 216 6 690 105 3 215 1729 10 2 12 13 0 
95308 749 860 227 10 718 129 5 230 1725 12 8 11 8 0 
95312 732 864 237 9 715 123 3 211 1743 18 5 15 12 1 
95279 735 887 228 5 712 115 10 232 1757 13 6 10 10 1 
95330 698 824 221 4 757 99 3 224 1807 7 4 9 13 0 
95380 732 864 235 4 702 100 3 233 1703 6 9 12 17 0 
95386 707 805 239 8 733 126 6 227 1721 9 8 11 14 0 
95375 696 839 236 4 724 107 4 206 1767 15 5 12 9 1 
95397 760 858 229 6 692 109 13 205 1682 18 5 8 17 1 
95374 731 788 256 2 751 118 4 223 1715 11 7 10 10 0 
95337 706 851 242 5 677 109 7 240 1779 14 12 8 13 0 
95344 681 831 227 7 720 116 5 253 1761 19 7 19 10 0 
95377 739 776 219 10 752 118 6 224 1728 17 7 13 14 0 
95296 739 841 278 7 727 110 10 225 1733 8 4 9 13 0 
95367 710 848 208 4 694 112 6 229 1771 17 6 11 17 0 
95409 710 838 237 6 698 101 7 214 1725 16 9 12 18 0 
95348 711 822 215 3 702 101 3 250 1806 18 9 4 8 0 
95356 748 830 235 12 714 109 5 236 1706 17 7 14 11 0 
95282 755 835 225 6 762 115 2 194 1782 7 7 14 14 0 
95406 717 829 219 7 727 101 4 239 1710 14 4 11 12 0 
95357 710 888 236 6 710 104 3 211 1722 15 8 16 14 0 
95460 715 812 221 8 716 118 4 173 1742 10 5 9 7 0 
95329 724 867 202 10 717 104 2 234 1767 14 6 11 13 0 
95340 721 862 238 10 724 105 5 235 1724 14 4 7 11 0 
95382 739 847 241 6 704 92 7 235 1704 14 6 12 11 0 
95305 724 819 237 11 725 125 2 215 1791 17 8 12 9 0 
95341 701 852 217 6 712 112 8 205 1796 11 7 14 17 1 
95232 730 856 244 8 716 118 3 213 1832 11 7 16 14 0 
95342 712 829 220 4 743 111 5 217 1765 15 10 12 14 1 
95282 714 865 242 4 758 103 6 248 1742 4 9 11 12 0 
95385 754 797 215 10 727 98 3 230 1728 13 8 12 20 0 
95387 701 835 255 8 661 105 6 237 1760 13 12 6 14 0 
95338 749 819 228 7 709 118 6 203 1785 9 3 9 17 0 
95310 712 860 239 8 720 99 3 189 1816 12 9 14 9 0 
95412 704 817 207 10 751 93 1 217 1756 12 3 9 8 0 
95256 735 878 233 9 711 109 5 212 1795 16 10 9 22 0 
95366 734 823 229 5 707 120 8 236 1723 12 3 15 18 1 
95325 713 832 246 8 745 106 2 219 1766 12 7 11 7 1 
95402 749 854 193 4 701 101 6 218 1739 8 3 9 12 1 
95476 659 824 210 8 722 132 5 209 1713 13 4 13 12 0 
95289 731 825 264 4 727 125 3 235 1756 9 8 15 9 0 
95378 733 766 258 10 736 99 4 186 1786 16 4 11 13 0 
95339 710 863 238 1 720 113 6 228 1736 12 9 8 17 0 
95321 687 848 217 5 747 106 5 238 1792 13 2 11 8 0 
95227 761 861 230 5 697 126 5 251 1782 16 11 18 10 0 
95410 699 814 197 6 724 117 5 235 1746 18 7 12 10 0 
95346 726 842 211 6 691 114 6 229 1776 9 7 19 18 0 
95306 714 833 212 6 728 136 8 231 1783 14 6 12 11 0 
95347 704 825 272 5 759 103 4 223 1715 14 7 14 8 0 
95469 664 797 229 8 686 105 4 238 1753 9 9 16 13 0 
95366 731 788 231 6 677 128 6 221 1798 14 7 12 15 0 
95260 729 833 225 9 716 114 1 257 1809 12 7 8 19 1 
95325 730 857 232 10 733 107 6 209 1757 10 1 12 11 0 
95572 679 799 206 5 667 109 3 230 1676 19 5 15 15 0 
95397 720 829 232 6 722 105 7 218 1715 13 3 18 15 0 
95238 712 845 264 8 727 113 2 212 1845 9 3 12 10 0 
95325 734 815 205 6 738 113 4 254 1759 15 6 10 16 0 
95383 694 799 247 2 703 98 7 248 1781 12 5 13 8 0 
95394 654 849 219 5 706 128 5 222 1778 17 4 12 7 0 
95237 768 873 259 10 687 120 2 226 1774 11 6 11 16 0 
95323 754 850 229 12 713 95 4 208 1761 16 6 17 12 0 
95343 710 785 252 10 751 119 5 212 1766 18 7 10 12 0 
95428 709 823 225 5 735 101 7 212 1711 11 3 9 21 0 
95428 720 847 195 9 687 119 5 205 1737 15 8 13 12 0 
95408 726 891 229 10 733 113 6 183 1669 10 3 8 11 0 
95346 703 826 223 10 704 120 4 247 1766 20 3 18 10 0 
95363 786 791 242 10 719 108 3 226 1708 16 5 9 14 0 
95395 726 817 219 3 699 103 3 215 1770 14 8 14 14 0 
95328 705 821 224 9 711 118 2 222 1820 13 7 13 7 0 
95266 723 797 240 3 769 120 6 250 1785 13 6 11 11 0 
95379 739 821 222 3 725 118 2 207 1735 17 8 14 10 0 
95320 718 856 255 9 716 113 0 221 1747 10 11 10 13 1 
95381 674 856 201 6 746 126 4 244 1718 11 7 12 14 0 
95306 706 837 215 3 724 113 6 233 1813 5 8 11 20 0 
95281 745 812 229 4 724 135 9 215 1796 17 9 13 11 0 
95438 728 817 227 5 721 87 4 209 1723 14 6 12 9 0 
95361 733 816 230 6 721 104 4 238 1737 18 4 15 13 0 
95424 733 821 238 3 725 103 3 219 1689 8 11 11 11 1 
95254 749 848 212 8 739 112 3 241 1788 16 8 13 9 0 
95283 719 865 193 9 709 97 3 253 1831 13 5 10 10 0 
95295 735 860 218 4 735 114 8 227 1764 13 4 11 12 0 
95433 733 800 224 6 688 108 2 234 1727 12 6 14 13 0 
95347 705 817 225 8 767 126 4 225 1733 14 5 14 10 0 
95510 713 795 190 4 690 97 6 242 1707 12 8 14 12 0 
95303 722 851 257 3 716 109 4 237 1747 16 8 12 15 0 
95253 761 835 222 4 745 97 5 245 1800 8 11 7 7 0 
95301 709 882 220 12 698 115 4 216 1802 8 4 18 11 0 
95430 695 810 245 8 711 109 4 230 1712 11 10 12 13 0 
95404 698 852 235 1 710 116 3 210 1730 17 3 14 7 0 
95326 725 839 221 10 721 96 4 212 1807 11 5 13 10 0 
95278 732 837 235 6 704 106 2 234 1823 22 6 8 7 0 
95350 755 841 231 3 671 123 6 224 1756 10 6 10 14 0 
95337 730 828 244 5 705 110 3 230 1761 10 8 15 13 1 
95386 679 829 214 10 760 114 5 253 1700 16 9 12 13 0 
95500 704 807 225 5 702 110 3 242 1662 13 3 8 16 0 
95322 668 904 213 3 715 101 6 218 1803 11 5 9 22 0 
95424 675 832 197 9 752 109 9 225 1717 13 11 14 13 0 
95342 741 843 222 7 751 129 6 215 1713 11 2 8 10 0 
95329 728 837 217 7 699 126 1 243 1767 7 3 10 26 0 
95389 718 827 230 6 707 109 2 205 1765 15 4 11 12 0 
95326 722 815 235 10 736 121 3 247 1745 7 4 12 17 0 
95392 706 861 222 3 695 118 4 223 1733 13 3 14 13 0 
95370 696 845 226 6 713 111 5 242 1743 13 6 14 10 0 
95408 761 811 212 2 769 105 7 202 1677 12 10 14 10 0 
95213 714 853 222 6 748 130 11 238 1820 9 9 9 18 0 
95442 674 806 243 6 736 112 3 232 1703 18 4 9 12 0 
95391 695 791 231 10 683 125 11 253 1766 19 6 9 10 0 
95324 747 780 215 6 766 129 5 226 1762 17 9 9 5 0 
95354 717 812 205 11 733 123 7 233 1756 16 7 11 15 0 
95408 716 784 224 5 739 101 5 201 1775 15 6 11 10 0 
95380 704 854 205 4 700 105 5 210 1790 11 6 14 12 0 
95422 691 814 232 6 738 138 2 224 1684 10 8 13 18 0 
95309 718 805 234 6 739 122 3 231 1779 17 9 16 12 0 
95224 741 861 225 9 728 125 8 236 1810 8 7 9 9 0 
95410 667 848 212 5 723 119 3 221 1752 9 4 12 15 0 
95475 678 797 213 5 672 119 1 185 1812 14 6 10 13 0 
95449 710 867 221 5 699 121 3 199 1685 11 5 16 9 0 
95330 661 869 228 8 720 129 6 213 1798 8 3 12 14 1 
95529 719 819 222 4 692 107 5 230 1623 12 10 11 17 0 
95250 707 877 256 5 759 115 2 210 1783 13 6 8 9 0 
95332 702 876 218 11 716 124 4 192 1780 9 2 14 20 0 
95287 758 881 247 8 695 106 1 230 1746 15 9 8 9 0 
95324 731 835 222 3 696 113 3 235 1781 17 8 15 17 0 
95461 751 837 204 5 734 120 4 251 1590 8 10 13 12 0 
95427 700 775 241 7 704 113 3 210 1761 18 16 10 15 0 
95335 711 804 235 5 706 103 2 233 1815 15 5 14 17 0 
95407 684 831 253 3 741 120 3 209 1703 10 7 16 13 0 
95312 764 813 218 8 727 111 4 213 1782 17 6 14 10 1 
95337 702 826 235 5 700 117 2 213 1830 13 4 8 8 0 
95410 724 829 208 7 736 107 5 204 1718 16 8 10 18 0 
95376 740 825 213 7 740 101 3 210 1746 7 5 10 17 0 
95418 699 804 241 2 724 112 5 231 1720 16 7 11 9 1 
95416 689 831 231 5 703 126 5 212 1736 16 10 9 11 0 
95413 687 844 227 5 733 112 3 215 1720 14 7 9 11 0 
95372 723 834 231 7 716 111 4 240 1705 13 11 22 10 1 
95423 701 860 232 6 682 101 2 234 1716 12 8 8 15 0 
95408 714 812 222 7 720 110 6 226 1731 15 7 16 6 0 
95454 648 809 243 9 711 108 8 229 1743 10 5 10 13 0 
95365 719 787 221 5 674 121 4 214 1833 17 9 19 12 0 
95399 762 806 241 7 714 113 5 232 1671 13 11 14 12 0 
95251 707 860 248 3 695 117 6 239 1826 13 11 12 12 0 
95249 709 820 234 7 766 93 5 233 1845 9 7 16 7 0 
95393 731 782 220 7 735 127 6 224 1727 11 6 15 16 0 
95417 727 844 236 6 702 120 2 213 1692 10 5 14 12 0 
95400 733 824 223 3 711 93 2 217 1747 13 4 17 13 0 
95277 767 885 211 10 712 124 2 218 1745 14 5 16 14 0 
95462 724 809 210 9 686 121 4 211 1719 16 6 17 6 0 
95253 746 891 205 5 734 96 1 232 1794 10 8 12 13 0 
95427 714 847 219 4 681 97 5 221 1732 15 8 16 14 0 
95451 699 843 226 5 730 104 2 209 1690 11 9 5 16 0 
95329 692 840 237 13 715 136 3 200 1791 11 5 19 9 0 
95315 672 840 227 4 725 133 1 231 1807 17 8 11 9 0 
95392 715 797 209 8 707 105 1 242 1782 13 9 11 9 0 
95448 703 796 223 5 706 116 5 222 1738 13 2 12 11 0 
95399 723 823 186 3 727 123 7 213 1756 12 8 10 10 0 
95377 682 815 243 6 726 124 2 219 1756 17 2 18 13 0 
95358 741 796 243 2 729 116 6 222 1737 9 6 15 20 0 
95352 696 821 269 6 676 115 9 236 1784 13 6 11 6 0 
95382 721 816 252 8 659 105 6 232 1774 6 5 19 15 0 
95315 744 829 246 10 702 123 7 224 1751 16 4 19 10 0 
95360 678 819 226 3 735 114 3 225 1796 14 4 12 11 0 
95250 723 853 224 8 714 128 3 202 1838 12 11 14 20 0 
95373 732 814 243 5 711 134 8 217 1707 20 6 16 14 0 
95435 695 799 233 11 707 94 3 252 1722 20 8 5 16 0 
95352 784 770 214 11 719 106 6 246 1741 13 8 9 21 0 
95392 672 789 211 6 742 104 3 249 1779 16 12 13 12 0 
95393 735 828 216 3 706 112 1 221 1743 8 2 13 19 0 
95394 733 779 223 8 710 116 4 238 1756 8 4 9 18 0 
95246 743 825 248 7 746 110 7 216 1804 16 5 13 14 0 
95286 703 852 212 6 771 115 5 256 1753 12 5 11 12 1 
95305 734 786 232 7 747 112 1 214 1812 14 9 15 12 0 
95468 697 825 210 5 701 106 7 236 1702 18 5 12 8 0 
95281 736 838 226 2 760 111 3 230 1769 11 8 12 13 0 
95443 734 802 226 6 699 119 9 204 1725 11 4 10 8 0 
95379 702 873 233 10 761 125 2 227 1645 11 4 10 18 0 
95424 705 824 224 7 679 99 7 251 1742 11 8 6 13 0 
95397 691 878 207 4 705 109 4 232 1723 14 6 17 13 0 
95374 693 819 226 4 751 124 3 234 1735 11 6 12 8 0 
95394 694 864 225 8 723 95 6 220 1720 14 4 22 11 0 
95179 785 860 231 12 721 114 7 237 1808 12 7 10 17 0 
95335 700 800 248 10 736 121 2 255 1748 13 4 15 13 0 
95273 751 810 246 3 763 125 7 221 1757 11 9 9 14 1 
95401 712 813 227 5 719 102 8 230 1741 13 5 15 9 0 
95432 720 819 213 11 733 94 10 222 1691 18 10 11 15 1 
95424 698 817 243 6 729 102 4 228 1708 14 5 7 15 0 
95233 747 841 220 9 747 107 2 230 1819 16 4 7 18 0 
95434 689 826 244 5 686 118 1 242 1710 11 6 16 12 0 
95279 687 876 222 6 748 111 5 242 1780 9 6 17 12 0 
95340 712 855 203 5 731 115 6 230 1757 9 7 17 13 0 
95338 707 854 254 10 717 124 3 248 1685 15 10 16 19 0 
95384 700 819 241 2 718 88 4 248 1753 11 8 11 13 0 
95361 697 841 227 6 693 125 5 237 1760 18 7 16 7 0 
95359 699 891 218 15 741 108 4 219 1703 11 7 14 10 1 
95319 743 804 244 4 710 91 4 226 1808 9 5 16 17 0 
95318 717 841 234 5 708 113 5 237 1762 20 11 15 14 0 
95321 735 809 227 9 738 132 6 235 1734 17 8 16 13 0 
95437 687 831 228 5 710 123 5 206 1722 12 6 17 11 0 
95409 757 831 211 8 705 125 2 199 1709 14 3 13 14 0 
95349 756 767 221 7 736 126 5 243 1741 17 4 15 13 0 
95237 753 826 251 8 740 105 4 235 1799 14 6 12 10 0 
95263 703 865 196 5 702 119 8 225 1873 12 6 14 9 0 
95382 695 829 234 5 680 111 8 208 1805 13 7 11 12 0 
95391 729 804 228 2 729 114 6 227 1722 13 8 13 14 0 
95373 725 854 241 6 714 118 6 181 1748 6 4 10 14 0 
95288 774 811 239 10 733 119 6 222 1753 12 4 13 15 1 
95285 724 816 267 2 720 101 3 254 1770 18 8 13 19 0 
95183 750 846 235 7 723 132 4 265 1815 11 5 11 12 1 
95316 727 839 223 9 744 121 7 182 1783 14 10 14 11 0 
95337 731 828 232 9 740 101 3 232 1742 16 4 12 13 0 
95444 715 815 219 7 725 110 4 213 1709 6 4 13 16 0 
95269 697 855 229 5 782 112 7 218 1779 12 5 16 14 0 
95263 729 892 226 8 708 105 3 241 1778 15 10 11 11 0 
95360 755 800 222 8 741 107 5 220 1749 14 5 10 4 0 
95374 689 812 222 5 711 106 5 241 1784 14 5 17 15 0 
95327 707 833 237 9 714 105 7 217 1784 15 8 14 23 0 
95369 760 824 212 10 735 106 1 220 1715 13 9 9 17 0 
95442 677 836 204 9 760 116 3 249 1665 11 7 14 7 0 
95338 729 826 260 3 694 111 2 213 1773 17 4 11 19 0 
95319 658 851 220 6 735 127 4 258 1774 9 7 16 15 1 
95301 742 843 250 10 730 116 3 208 1751 12 8 15 11 0 
95402 713 802 237 6 748 121 3 203 1724 16 7 11 7 0 
95418 730 774 209 2 739 108 5 232 1736 10 12 11 14 0 
95378 703 832 207 8 707 116 5 231 1779 8 7 13 6 0 
95350 696 838 227 6 705 110 3 255 1770 10 9 7 14 0 
95369 737 793 244 3 744 97 3 237 1737 13 6 12 5 0 
95472 746 789 220 8 707 96 8 232 1687 15 2 12 6 0 
95345 730 810 219 10 716 120 1 252 1755 14 5 9 13 1 
95361 743 834 217 8 718 113 6 220 1738 13 6 11 12 0 
95355 731 843 219 2 699 134 7 238 1733 9 5 11 14 0 
95300 714 838 248 5 721 114 3 223 1780 14 6 13 21 0 
95434 717 803 219 3 731 106 4 224 1706 14 9 10 20 0 
95385 698 813 221 5 747 98 5 222 1746 22 7 14 16 1 
95289 729 851 203 8 814 120 6 211 1723 14 5 18 8 1 
95391 648 825 218 4 717 121 6 232 1789 12 5 19 12 1 
95387 725 842 236 8 693 118 6 192 1743 14 4 20 11 1 
95341 747 828 215 9 720 103 8 243 1746 11 4 15 10 0 
95361 724 851 244 3 674 126 4 244 1733 7 4 11 14 0 
95375 715 848 225 4 726 97 6 208 1752 11 6 16 10 1 
95353 761 876 222 8 731 100 4 219 1686 9 7 14 10 0 
95298 757 832 214 5 735 97 1 230 1776 20 12 15 8 0 
95401 687 814 234 3 719 116 8 222 1748 10 11 12 15 0 
95317 737 868 249 13 727 113 7 213 1714 9 8 14 11 0 
95357 717 851 232 8 748 88 3 217 1748 12 2 7 10 0 
95369 682 808 222 5 767 110 9 223 1764 14 4 12 11 0 
95398 721 837 220 7 691 121 9 220 1730 10 7 10 18 1 
95346 734 778 227 4 763 113 5 236 1740 13 10 14 17 0 
95354 737 816 219 8 672 111 4 223 1813 16 5 13 9 0 
95340 721 817 229 7 725 114 9 236 1762 14 5 12 9 0 
95321 760 839 243 7 695 94 3 222 1784 3 6 16 7 0 
95207 729 878 231 10 734 150 1 239 1766 9 6 17 23 0 
95321 757 871 232 7 671 123 3 232 1741 17 5 11 9 0 
95205 746 823 243 2 746 111 7 246 1829 9 5 12 16 0 
95336 714 842 219 7 710 119 7 225 1782 12 5 15 7 0 
95387 698 813 215 4 742 120 6 228 1741 8 10 12 16 0 
95342 727 850 225 9 722 133 0 213 1734 12 5 10 18 0 
95497 713 819 221 5 725 103 6 221 1657 12 9 5 6 1 
95397 731 821 213 5 754 116 2 209 1705 19 3 8 17 0 
95345 727 873 217 10 673 120 5 224 1740 21 14 16 15 0 
95398 691 813 220 4 753 122 4 218 1738 15 4 9 11 0 
95389 783 808 203 4 714 100 4 231 1721 13 4 17 9 0 
95337 725 851 225 9 738 128 7 215 1712 17 7 17 12 0 
95314 731 858 209 5 703 116 0 228 1801 6 8 12 9 0 
95470 722 827 231 6 695 106 9 215 1666 14 7 14 18 0 
95269 709 889 225 4 751 116 4 243 1739 19 9 7 16 0 
95394 680 845 239 7 732 116 3 217 1723 16 7 12 9 0 
95392 754 821 215 7 658 107 5 231 1769 10 13 9 9 0 
95407 702 822 244 7 700 122 3 230 1724 10 7 11 11 0 
95345 750 767 232 4 748 111 5 221 1768 15 5 13 16 0 
95519 680 849 217 6 716 119 4 218 1633 7 4 9 18 1 
95264 687 849 239 9 755 114 5 237 1802 16 6 9 8 0 
95442 710 768 237 5 727 113 5 236 1707 14 9 14 13 0 
95260 742 840 255 8 740 104 4 205 1781 13 9 17 22 0 
95266 759 829 214 9 749 136 3 239 1743 10 9 16 18 0 
95406 728 808 245 4 697 118 3 211 1721 20 6 18 15 0 
95450 724 762 212 11 713 111 5 230 1734 12 11 11 14 0 
95349 688 796 217 8 717 118 3 234 1827 14 4 17 8 0 
95280 748 886 231 3 695 108 6 227 1775 12 5 15 9 0 
95318 728 830 208 7 702 118 3 239 1800 12 8 17 10 0 
95344 734 821 233 7 729 114 8 228 1742 15 5 12 8 0 
95323 712 837 226 10 749 121 3 255 1718 9 9 11 17 0 
95273 750 795 220 10 737 144 7 245 1767 16 9 18 9 0 
95392 674 874 208 4 747 120 4 223 1712 13 8 12 9 0 
95224 731 901 280 7 744 130 3 200 1731 13 5 16 15 0 
95403 752 759 239 9 752 110 3 203 1735 8 4 11 12 0 
95430 691 783 250 6 722 115 5 209 1739 13 7 14 16 0 
95232 755 816 234 6 726 143 6 224 1815 18 8 8 9 0 
95359 680 854 205 8 726 129 3 220 1764 16 4 13 19 0 
95455 692 823 250 3 671 116 1 237 1704 13 3 13 18 1 
95445 705 788 223 8 726 103 3 242 1715 9 9 9 15 0 
95483 702 854 196 8 662 96 5 215 1725 14 10 15 15 0 
95449 721 806 223 7 693 108 3 247 1703 9 5 12 14 0 
95278 726 844 229 11 716 112 3 251 1789 8 9 6 17 1 
95327 724 827 223 10 706 118 5 242 1775 11 4 12 16 0 
95396 721 861 210 4 735 125 5 226 1659 12 8 20 18 0 
95414 708 866 217 13 730 94 8 219 1695 13 4 9 10 0 
95429 702 838 213 8 704 99 4 233 1720 14 9 14 13 0 
95323 749 831 242 6 710 95 6 249 1736 14 10 16 13 0 
95273 697 911 220 8 727 120 10 204 1786 13 7 13 11 0 
95379 662 819 226 7 756 78 6 229 1789 9 5 12 23 0 
95361 725 782 230 5 731 126 5 242 1740 19 10 9 15 0 
95387 722 804 225 4 736 124 5 219 1725 15 4 16 14 0 
95307 744 810 244 6 703 115 1 242 1786 8 10 16 8 0 
95501 688 834 215 4 684 113 4 230 1682 13 7 10 15 0 
95430 696 839 245 6 716 109 4 187 1725 11 6 15 11 0 
95274 723 851 234 13 769 129 2 242 1717 14 7 8 17 0 
95253 744 856 232 10 726 104 2 235 1789 16 5 10 18 0 
95380 698 879 215 7 669 111 5 215 1775 17 2 14 13 0 
95299 706 853 241 4 700 125 6 234 1785 19 4 9 15 0 
95359 715 821 256 5 731 109 3 237 1725 12 6 11 10 0 
95294 698 818 225 8 744 118 3 238 1799 15 13 14 13 0 
95414 672 845 231 3 688 117 2 227 1759 11 5 15 11 0 
95360 700 884 260 4 704 122 3 223 1696 13 6 9 16 0 
95322 712 866 244 5 696 117 3 237 1758 9 5 13 13 0 
95375 755 820 227 5 744 134 4 215 1672 8 14 20 7 0 
95314 695 861 248 9 728 146 5 226 1718 8 8 15 19 0 
95396 672 882 232 4 741 102 4 234 1697 7 6 15 8 0 
95386 706 867 223 8 687 101 7 214 1771 5 5 7 13 0 
95315 673 868 222 6 748 114 6 258 1742 13 13 9 13 0 
95401 729 801 236 5 701 113 3 254 1726 7 2 14 8 0 
95340 732 834 208 6 732 124 3 238 1742 11 8 11 11 0 
95448 674 823 237 4 691 96 5 221 1756 14 7 6 18 0 
95400 727 811 231 8 675 82 3 224 1805 11 5 4 14 0 
95376 715 844 220 7 665 98 9 216 1810 7 2 16 15 0 
95388 702 789 221 2 701 124 6 243 1786 10 9 11 8 0 
95332 749 824 239 5 739 121 6 223 1718 12 6 12 14 0 
95223 764 875 237 5 761 113 4 208 1765 15 7 13 10 0 
95301 746 841 249 7 718 97 1 208 1790 14 7 9 12 0 
95463 728 772 224 4 712 114 6 225 1717 10 4 11 10 0 
95405 749 771 250 5 674 123 6 243 1731 16 8 10 9 0 
95407 711 790 236 4 691 121 3 205 1789 12 8 14 9 0 
95399 735 832 219 7 715 111 3 220 1718 8 6 15 12 0 
95410 722 841 225 7 703 107 4 200 1735 15 8 8 15 0 
95364 702 837 231 6 738 113 4 220 1750 7 4 12 12 0 
95340 711 860 232 8 746 112 6 191 1751 7 6 12 18 0 
95373 716 898 230 7 750 116 7 225 1639 12 4 10 13 0 
95386 715 802 234 5 696 113 4 232 1767 15 3 15 13 0 
95442 707 790 234 5 680 123 2 232 1736 13 6 13 17 0 
95340 713 824 229 8 712 125 3 242 1752 17 6 20 9 0 
95414 700 812 213 8 691 109 5 212 1789 17 5 13 11 1 
95402 738 817 209 12 725 124 4 241 1683 13 5 17 10 0 
95415 717 797 206 8 692 119 5 218 1768 13 7 15 20 0 
95431 705 824 237 6 698 107 7 248 1694 11 5 14 13 0 
95291 738 818 259 4 758 109 6 226 1740 12 6 20 13 0 
95337 722 869 209 6 717 101 3 221 1770 9 7 13 16 0 
95416 707 828 224 5 701 104 5 206 1752 12 7 17 15 1 
95481 712 798 212 6 700 106 4 193 1743 19 3 9 13 1 
95356 760 859 237 6 700 108 10 214 1716 11 3 12 8 0 
95359 726 809 250 5 774 120 4 228 1675 10 10 15 15 0 
95361 762 814 218 4 722 122 7 217 1726 14 10 12 11 0 
95413 682 835 212 6 737 122 4 229 1714 15 5 14 12 0 
95471 716 780 231 3 740 107 8 222 1678 7 8 12 17 0 
95333 729 828 228 10 694 116 3 225 1787 17 7 10 13 0 
95421 706 816 229 6 745 101 3 241 1679 19 8 16 10 0 
95250 751 839 252 10 710 117 4 227 1806 11 1 14 8 0 
95378 719 813 198 10 719 109 3 225 1781 15 3 16 11 0 
95362 713 857 223 8 702 109 11 216 1755 15 6 8 15 0 
95376 683 827 239 3 737 98 4 204 1779 14 9 13 14 0 
95326 717 830 210 5 758 88 3 250 1768 13 6 11 15 0 
95342 712 793 245 10 730 111 3 212 1799 12 6 15 10 0 
95311 717 761 222 11 769 114 0 213 1843 9 5 14 11 0 
95365 731 844 235 4 694 115 5 196 1768 13 5 15 9 1 
95491 698 797 225 10 677 100 2 223 1745 7 3 14 8 0 
95245 738 852 253 4 702 98 3 217 1840 7 9 18 14 0 
95280 728 893 250 7 718 117 5 243 1713 14 9 11 12 0 
95402 711 793 207 12 706 127 0 224 1763 11 8 19 17 0 
95158 701 890 238 10 746 115 8 215 1877 10 4 13 15 0 
95381 720 863 233 4 679 95 3 232 1746 17 6 9 12 0 
95325 700 851 238 8 703 125 6 178 1814 14 4 16 18 0 
95533 648 800 219 10 709 97 2 213 1719 12 10 16 11 1 
95353 719 812 218 8 721 110 3 237 1771 16 5 11 16 0 
95297 694 833 234 8 773 116 8 213 1779 10 8 12 14 1 
95320 715 841 244 6 743 113 6 223 1744 9 6 12 18 0 
95466 733 831 229 5 692 94 11 213 1691 10 11 7 7 0 
95424 693 858 214 8 663 108 1 231 1760 12 6 10 12 0 
95380 691 913 235 8 682 104 4 227 1715 10 3 16 12 0 
95377 725 825 244 8 723 103 5 264 1694 8 5 13 6 0 
95328 729 850 238 8 698 101 7 213 1784 16 5 10 13 0 
95477 689 820 245 9 668 113 3 224 1706 15 8 12 11 0 
95340 693 875 211 7 730 102 5 228 1762 15 4 12 16 0 
95289 784 840 212 7 680 103 5 228 1799 16 11 15 11 0 
95396 703 871 227 3 729 115 1 230 1672 15 6 18 14 0 
95360 705 847 226 5 718 106 10 220 1754 17 6 11 14 1 
95320 715 837 212 11 724 109 6 248 1778 10 5 14 11 0 
95305 713 857 208 3 754 87 1 251 1783 18 3 8 9 0 
95277 748 886 233 9 724 119 3 221 1736 7 11 12 14 0 
95418 664 824 237 2 756 88 2 224 1735 18 5 15 11 1 
95392 713 830 220 8 710 102 1 220 1766 11 2 14 11 0 
95383 720 852 227 5 680 111 1 213 1770 13 5 7 13 0 
95317 710 815 243 4 727 113 7 243 1772 10 8 18 13 0 
95331 733 842 211 4 714 113 6 235 1762 18 5 12 14 0 
95401 773 782 208 7 668 120 5 235 1750 21 7 12 11 0 
95415 705 821 251 7 719 103 4 216 1713 13 7 8 18 0 
95317 740 813 221 10 748 112 5 214 1780 9 8 9 14 0 
95297 733 834 259 6 729 103 3 212 1785 10 4 11 14 0 
95380 715 815 257 10 704 117 6 226 1716 17 9 16 12 0 
95325 739 810 244 3 686 102 5 211 1831 12 14 6 12 0 
95366 711 833 223 4 704 109 7 250 1763 7 5 7 11 0 
95383 708 828 237 9 690 100 3 231 1772 10 3 13 13 0 
95429 728 819 207 5 727 118 7 245 1669 10 11 8 17 0 
95360 716 818 226 8 713 123 2 217 1776 14 6 7 14 0 
95332 696 830 237 8 703 119 4 225 1802 8 12 10 14 0 
95235 732 809 236 7 767 129 8 270 1760 10 3 18 16 0 
95290 691 898 213 3 727 126 4 221 1786 12 7 14 8 0 
95401 722 829 220 6 689 127 2 251 1704 13 6 14 16 0 
95432 702 789 242 5 705 98 4 253 1716 5 11 18 20 0 
95327 690 837 236 7 727 103 0 232 1800 15 6 13 7 0 
95371 669 852 245 8 704 119 4 237 1748 10 11 11 11 0 
95387 692 830 225 4 705 114 3 206 1782 11 7 17 17 0 
95355 728 798 245 6 716 116 2 222 1759 22 3 11 17 0 
95369 692 826 242 7 723 119 9 233 1742 11 4 13 10 0 
95300 737 811 210 4 717 125 3 231 1826 11 5 9 11 0 
95410 695 867 217 4 707 102 5 239 1716 18 6 9 5 0 
95286 756 844 249 10 732 122 5 224 1738 6 4 11 13 0 
95341 702 849 231 9 709 113 4 225 1775 7 6 21 8 0 
95386 753 838 220 10 748 106 5 221 1650 14 10 20 19 0 
95219 756 828 234 7 763 128 7 247 1776 10 7 10 8 0 
95309 752 838 252 6 716 105 6 233 1736 15 5 10 17 0 
95362 738 806 255 6 707 105 6 220 1756 9 6 9 15 0 
95352 742 786 227 13 703 111 5 214 1787 14 15 17 14 0 
95347 695 837 234 8 762 104 6 218 1742 12 5 18 12 0 
95312 720 857 243 4 714 108 2 225 1774 11 6 10 14 0 
95312 735 826 252 8 703 110 3 216 1799 16 5 6 9 0 
95318 710 869 246 6 706 128 1 237 1735 12 7 12 13 0 
95404 644 842 237 2 737 115 2 234 1735 13 7 10 18 0 
95354 729 804 219 17 738 109 2 209 1760 16 6 19 18 0 
95483 712 807 223 8 667 109 4 228 1725 9 5 12 8 0 
95343 700 819 251 8 709 117 4 213 1783 14 12 14 13 0 
95342 743 856 222 6 711 130 5 203 1739 12 4 19 8 0 
95257 799 822 244 5 737 115 3 238 1740 11 7 9 13 0 
95319 744 850 216 6 674 119 11 239 1788 10 8 5 11 0 
95408 675 803 238 7 735 123 6 231 1725 13 14 11 11 0 
95300 728 812 222 6 766 109 7 230 1774 11 12 11 12 0 
95370 722 830 239 4 734 106 3 224 1716 10 14 10 18 0 
95306 764 812 233 5 728 122 10 237 1732 15 3 17 16 0 
95439 697 817 211 8 682 92 5 225 1788 11 6 11 8 0 
95376 710 855 216 11 707 118 9 210 1743 17 8 9 11 0 
95276 752 861 241 8 693 109 2 227 1781 18 3 13 16 0 
95398 733 777 209 5 696 112 12 235 1787 11 2 11 12 0 
95333 713 847 222 8 752 117 6 210 1753 13 8 9 9 0 
95299 776 829 224 5 697 112 7 238 1763 11 10 10 19 0 
95324 710 799 239 7 746 124 6 224 1772 14 8 16 11 0 
95423 692 850 249 7 703 97 3 202 1734 14 7 9 10 0 
95288 783 822 223 13 705 127 4 229 1761 16 2 16 11 0 
95328 705 812 242 3 709 132 3 231 1797 15 6 7 10 0 
95302 723 876 227 3 718 120 4 232 1754 9 6 16 10 0 
95357 711 837 255 8 735 93 1 213 1747 14 9 7 13 0 
95376 745 844 198 10 737 109 4 218 1714 12 6 14 13 0 
95313 714 832 226 10 756 118 0 225 1756 23 8 10 9 0 
95239 685 854 221 6 801 114 7 201 1814 15 10 14 19 0 
95483 673 819 235 3 697 112 2 226 1709 10 7 14 10 0 
95383 722 844 223 7 741 104 3 214 1710 13 9 10 17 0 
95389 701 852 258 4 696 111 5 231 1700 13 10 14 16 0 
95325 735 815 233 6 723 126 3 235 1759 11 7 12 10 0 
95364 717 827 219 4 711 114 2 212 1782 15 7 15 11 0 
95501 684 839 199 9 698 96 3 226 1701 8 9 16 10 1 
95364 729 830 230 8 682 130 4 212 1761 8 10 21 11 0 
95335 721 875 246 11 698 101 2 203 1772 6 8 13 8 1 
95439 691 846 229 13 683 121 5 223 1708 16 6 12 8 0 
95350 729 862 236 7 705 114 2 223 1732 16 5 10 9 0 
95293 714 835 250 6 777 118 8 220 1732 15 7 19 6 0 
95329 736 879 226 6 711 123 2 232 1708 15 3 13 17 0 
95283 725 888 242 3 746 112 4 220 1729 12 4 17 15 0 
95463 708 815 235 8 697 99 4 240 1688 4 4 17 18 0 
95233 783 862 232 2 734 112 4 251 1742 10 9 12 14 0 
95300 720 876 211 10 704 138 6 218 1766 18 10 13 10 0 
95275 723 845 262 8 767 100 5 227 1745 9 5 9 20 0 
95322 712 840 232 7 750 117 3 213 1753 16 3 17 14 1 
95281 729 806 276 8 743 129 2 248 1734 5 5 15 19 0 
95359 683 849 213 9 751 118 4 213 1759 19 5 8 10 0 
95352 739 852 212 8 716 95 2 222 1757 12 7 14 12 0 
95294 746 822 248 10 714 126 5 211 1778 11 5 16 14 0 
95287 771 875 197 12 699 114 1 233 1754 19 8 11 19 0 
95325 696 832 214 2 754 97 7 207 1816 14 7 16 12 1 
95278 703 829 242 7 774 102 6 207 1816 11 8 9 8 0 
95257 760 846 241 6 728 99 6 235 1773 21 8 11 9 0 
95420 719 794 225 4 762 92 8 218 1717 11 6 10 14 0 
95231 761 857 247 4 729 119 8 219 1780 13 10 11 10 1 
95314 771 818 230 5 701 104 6 234 1770 12 5 14 16 0 
95433 718 785 213 4 746 105 8 214 1732 16 6 8 12 0 
95415 688 859 207 5 715 107 5 229 1724 14 5 10 17 0 
95338 707 829 249 7 684 127 5 206 1801 10 9 16 12 0 
95392 723 785 233 10 709 115 5 216 1771 13 8 8 12 0 
95392 684 849 207 6 716 108 7 216 1774 14 5 13 9 0 
95384 733 866 216 7 697 120 2 234 1687 17 7 17 13 0 
95404 702 856 215 2 711 113 6 217 1715 13 12 16 18 0 
95280 753 837 236 4 693 109 4 232 1811 12 4 11 14 0 
95352 680 813 213 10 734 120 2 246 1787 12 4 14 13 0 
95284 749 839 231 6 747 120 3 220 1748 19 11 14 9 0 
95392 750 811 208 7 673 121 5 221 1758 13 8 16 17 0 
95331 708 840 250 9 689 123 2 232 1773 16 1 9 17 0 
95370 693 826 220 6 743 120 7 218 1741 14 6 13 23 0 
95261 757 858 236 8 730 108 3 233 1767 8 6 13 12 0 
95350 745 804 234 5 709 116 2 236 1757 14 5 11 12 0 
95238 763 854 244 14 779 97 3 239 1726 11 10 8 13 1 
95371 740 814 235 5 726 115 8 209 1748 12 4 7 6 0 
95329 666 824 249 3 755 111 4 245 1768 14 6 11 15 0 
