242143 1331 1220 401 5 1333 329 13 496 2682 14 5 12 16 0 
242198 1304 1219 454 6 1276 321 7 518 2648 17 10 15 7 0 
242273 1356 1175 434 5 1224 314 10 481 2686 16 10 8 8 0 
242280 1335 1213 471 9 1269 324 5 499 2551 15 11 8 10 0 
242272 1353 1174 445 6 1248 333 8 463 2656 11 4 15 12 0 
242280 1366 1180 431 8 1289 287 7 463 2654 11 4 10 10 0 
242355 1351 1217 399 5 1213 326 1 461 2624 11 9 14 14 0 
242141 1345 1183 458 6 1337 335 4 480 2664 11 2 19 15 0 
242201 1336 1206 435 8 1316 317 2 474 2655 15 7 17 11 0 
242122 1322 1198 420 4 1352 323 6 547 2669 15 5 6 11 0 
242260 1325 1181 457 7 1285 390 5 482 2556 16 8 14 14 0 
242176 1350 1209 457 3 1311 327 4 511 2605 15 3 15 14 0 
242210 1337 1225 457 7 1287 323 11 485 2597 25 5 12 19 0 
242078 1341 1235 470 5 1273 335 7 526 2686 11 8 14 11 0 
242235 1390 1196 449 7 1298 305 6 481 2588 16 5 16 8 0 
242111 1287 1240 453 9 1298 330 8 535 2675 21 9 16 8 0 
242212 1365 1134 453 8 1276 326 6 526 2639 13 6 16 20 0 
242166 1379 1162 450 6 1320 335 9 486 2636 12 13 9 17 0 
242215 1389 1165 431 6 1317 285 6 491 2643 18 9 16 9 0 
242220 1384 1178 462 6 1262 306 6 484 2644 16 5 17 10 0 
242372 1338 1168 463 5 1211 310 7 483 2591 13 10 12 17 0 
242119 1368 1193 444 9 1274 311 6 527 2700 11 7 14 17 0 
242205 1389 1122 428 6 1264 347 3 524 2669 16 1 6 20 0 
242217 1298 1185 414 2 1295 359 10 522 2653 10 7 13 15 0 
242331 1359 1181 417 4 1268 299 9 475 2593 18 10 15 20 1 
242133 1304 1176 477 10 1334 324 3 498 2693 11 9 13 15 0 
242187 1343 1166 432 7 1288 342 4 511 2671 16 5 14 14 0 
242130 1333 1227 442 9 1259 337 6 526 2679 20 4 12 16 0 
241976 1384 1252 469 10 1309 304 15 510 2722 16 6 12 15 0 
242276 1349 1117 415 9 1324 324 8 509 2617 15 7 9 21 0 
242250 1346 1145 424 2 1287 325 5 473 2696 18 5 8 16 0 
242206 1328 1162 477 2 1301 317 5 507 2650 17 6 8 14 0 
242180 1402 1170 429 7 1335 326 7 516 2581 20 5 9 13 0 
242084 1348 1199 442 7 1326 309 1 563 2677 15 8 8 13 0 
242226 1364 1217 440 4 1253 311 2 484 2654 12 9 6 18 0 
242324 1316 1127 450 4 1278 351 5 486 2611 14 6 13 15 0 
242241 1348 1195 451 5 1279 338 5 490 2614 12 5 10 7 0 
242218 1352 1186 433 14 1273 330 8 501 2645 15 5 7 13 0 
242258 1282 1218 433 7 1280 317 2 467 2692 19 5 8 12 0 
242049 1379 1198 428 5 1340 318 4 529 2698 16 10 13 13 0 
242228 1395 1221 437 5 1263 320 3 490 2586 15 8 15 13 1 
242229 1305 1161 449 3 1299 331 9 506 2658 16 7 14 13 0 
242110 1351 1147 445 11 1327 321 3 552 2679 10 11 14 19 0 
242194 1320 1134 447 8 1220 344 5 539 2742 12 6 15 13 1 
242089 1379 1227 464 2 1356 331 4 516 2601 12 4 5 10 0 
242043 1393 1239 430 8 1251 355 8 509 2726 14 4 9 11 0 
242180 1293 1232 396 8 1293 351 6 534 2651 14 9 20 13 0 
242146 1417 1149 400 9 1296 330 8 481 2717 15 9 14 9 0 
242304 1312 1164 449 6 1273 324 6 499 2617 16 7 9 14 0 
242072 1368 1183 478 6 1304 339 5 497 2698 11 6 14 19 0 
242077 1384 1236 444 3 1305 318 3 488 2698 18 6 6 14 0 
242180 1368 1142 452 6 1285 308 9 521 2680 19 6 5 19 0 
241995 1413 1244 460 7 1358 312 4 505 2670 13 5 6 8 0 
242200 1352 1181 437 9 1267 293 10 512 2687 18 4 15 15 0 
242045 1370 1302 399 3 1331 358 7 509 2632 11 11 11 11 0 
242080 1460 1199 457 3 1286 312 4 509 2641 22 7 9 11 0 
242275 1380 1168 421 3 1309 317 7 520 2549 20 7 15 9 0 
242053 1383 1182 445 3 1327 327 6 510 2710 19 6 14 15 0 
242234 1382 1167 425 4 1228 361 6 489 2653 17 11 11 12 0 
242112 1396 1191 443 6 1313 314 4 492 2683 14 3 15 14 0 
242170 1337 1181 424 8 1317 364 5 486 2661 16 8 8 15 0 
242120 1306 1171 447 7 1320 330 9 470 2770 19 8 11 12 0 
242188 1414 1147 438 13 1256 297 10 476 2721 11 3 10 16 0 
242188 1361 1223 437 5 1283 314 3 474 2666 19 5 9 13 0 
242035 1321 1239 484 7 1320 300 12 501 2722 20 8 15 16 0 
242217 1286 1221 416 2 1296 324 4 508 2681 7 6 10 22 0 
242252 1369 1178 476 3 1286 332 5 443 2607 15 6 14 14 0 
242044 1380 1188 435 10 1297 343 5 531 2720 17 3 8 19 0 
242257 1359 1135 448 4 1329 313 4 469 2616 25 9 14 18 0 
242117 1342 1216 447 10 1259 354 5 445 2760 12 6 16 11 0 
242108 1329 1200 454 9 1291 328 9 528 2691 21 7 9 16 0 
242175 1334 1213 453 5 1283 319 6 496 2666 14 9 7 20 0 
242184 1396 1163 399 6 1286 335 7 519 2662 15 7 11 10 0 
242187 1370 1201 435 8 1237 320 5 497 2694 23 3 10 10 0 
242231 1334 1114 446 6 1262 320 7 502 2733 19 6 7 13 0 
242323 1386 1097 448 5 1328 300 5 457 2605 18 8 13 7 0 
242281 1318 1197 425 7 1289 330 3 517 2576 17 9 17 14 0 
242030 1373 1177 447 7 1311 305 8 559 2745 17 4 7 10 0 
242048 1328 1244 476 6 1334 336 5 501 2675 17 6 7 17 0 
242131 1342 1129 403 11 1287 340 8 510 2785 13 9 17 15 0 
242127 1373 1193 453 3 1246 331 5 508 2702 23 12 14 10 0 
242216 1311 1254 445 2 1264 331 5 500 2618 16 5 17 16 0 
242324 1299 1118 416 5 1298 326 4 457 2712 14 5 13 9 0 
242393 1333 1110 429 3 1277 350 4 475 2588 14 6 12 6 0 
242236 1408 1163 459 4 1247 328 11 506 2591 22 5 8 12 0 
242170 1395 1168 435 4 1300 297 8 549 2628 13 6 13 14 0 
242192 1400 1176 448 10 1292 303 8 471 2663 9 7 9 12 0 
242119 1378 1266 481 3 1203 357 5 488 2650 16 13 8 12 1 
242104 1349 1163 449 9 1307 330 4 493 2747 13 3 14 15 0 
242191 1298 1219 452 4 1288 334 8 493 2663 21 4 12 13 0 
242129 1351 1171 426 4 1299 335 4 521 2720 12 6 10 12 0 
242132 1348 1234 473 5 1325 309 10 484 2637 17 6 7 13 0 
242216 1318 1197 410 11 1301 318 5 499 2670 21 7 15 12 0 
242160 1328 1222 455 8 1282 313 9 497 2673 18 4 16 15 0 
242203 1375 1153 468 5 1255 331 8 463 2693 12 9 17 8 0 
242285 1333 1150 446 4 1281 304 5 495 2652 23 2 8 12 0 
242217 1305 1177 459 6 1363 317 8 490 2618 16 4 10 10 0 
241991 1338 1166 454 4 1351 329 6 499 2803 14 10 16 19 0 
242013 1396 1217 424 7 1304 319 7 527 2738 12 5 19 12 0 
242271 1359 1216 454 5 1255 299 6 435 2645 21 9 6 19 0 
242135 1367 1201 429 5 1265 277 6 515 2742 19 6 15 18 0 
242159 1375 1216 418 3 1250 344 7 512 2657 16 10 20 13 0 
242205 1378 1150 449 6 1296 331 7 530 2605 14 6 12 10 1 
242172 1385 1244 494 10 1241 330 6 475 2599 20 6 11 7 0 
242117 1350 1213 425 9 1305 335 8 477 2705 14 7 17 18 0 
242147 1340 1229 447 6 1270 332 12 491 2676 15 4 15 16 0 
242221 1330 1158 481 3 1344 319 6 515 2580 11 10 11 11 0 
242295 1366 1140 454 7 1350 302 3 522 2515 15 4 6 21 0 
242232 1386 1137 457 9 1312 310 8 491 2612 12 6 12 16 0 
242177 1337 1227 402 9 1326 340 7 448 2681 14 9 10 13 0 
242020 1340 1247 400 7 1262 336 6 516 2815 19 8 6 18 0 
242053 1331 1241 417 3 1339 339 6 490 2732 17 4 11 17 0 
242198 1306 1233 397 6 1303 328 6 482 2700 12 10 11 8 0 
242172 1345 1186 409 7 1309 337 9 491 2686 17 9 13 10 0 
242273 1332 1159 438 2 1277 283 9 522 2664 16 6 12 7 0 
242141 1340 1153 483 4 1323 359 8 522 2630 11 4 12 10 0 
242271 1364 1209 428 4 1253 305 8 475 2637 13 6 14 13 0 
242128 1382 1158 432 3 1300 308 8 491 2739 14 12 12 12 1 
242320 1340 1136 385 8 1292 334 7 519 2610 8 9 18 14 0 
242135 1402 1188 407 4 1282 342 4 477 2708 10 6 14 21 0 
242114 1339 1220 467 4 1279 318 2 507 2704 15 4 15 12 0 
242008 1381 1206 437 6 1345 342 10 520 2705 12 8 8 12 0 
242194 1346 1136 448 7 1305 318 4 495 2706 11 6 11 13 0 
242167 1347 1188 437 8 1319 336 5 535 2613 10 5 13 17 0 
242244 1318 1198 431 7 1266 323 5 497 2659 13 9 15 15 0 
242190 1346 1170 441 3 1245 339 4 495 2714 28 8 6 11 0 
242292 1278 1167 449 12 1282 324 6 525 2614 15 7 11 18 0 
242056 1367 1199 444 12 1347 314 8 508 2690 12 9 14 20 0 
242233 1335 1183 421 13 1372 328 5 476 2590 15 4 11 14 0 
242200 1378 1174 423 10 1309 300 9 453 2691 15 7 15 16 0 
242335 1328 1114 402 9 1232 320 6 519 2685 15 10 10 14 1 
242249 1276 1161 391 11 1324 322 4 500 2722 11 6 11 12 0 
242122 1323 1217 453 6 1289 365 9 482 2685 18 6 10 15 0 
242212 1346 1184 452 11 1296 339 4 494 2615 17 8 12 10 0 
242336 1357 1134 449 5 1270 307 4 461 2621 7 15 15 19 0 
242277 1385 1159 449 10 1277 329 5 446 2618 10 10 12 13 0 
242317 1294 1192 427 4 1258 316 9 492 2634 15 7 12 22 1 
242042 1307 1200 459 1 1371 338 9 522 2714 10 7 11 9 0 
242169 1384 1198 442 6 1271 294 4 525 2644 20 11 14 18 0 
242229 1309 1210 466 5 1305 284 6 460 2688 15 2 11 10 0 
242215 1380 1156 434 6 1363 330 12 492 2566 14 9 10 13 0 
242344 1376 1132 470 8 1250 305 11 492 2564 18 4 18 8 0 
242175 1359 1183 433 6 1299 333 4 499 2674 7 3 10 15 0 
242240 1323 1168 405 8 1302 342 6 466 2696 16 4 10 14 0 
241975 1442 1158 451 5 1364 322 7 532 2678 21 7 19 19 0 
242316 1341 1147 413 4 1248 306 3 516 2656 13 6 13 18 0 
242117 1323 1191 446 8 1324 316 10 530 2686 18 11 11 9 0 
242188 1324 1202 463 6 1248 314 9 483 2712 11 5 15 19 1 
242290 1324 1122 412 4 1350 315 2 492 2635 23 3 14 14 0 
242160 1329 1168 434 5 1351 325 8 501 2678 13 4 15 9 0 
242198 1344 1168 408 9 1284 333 14 482 2713 13 7 11 16 0 
242250 1365 1137 444 5 1243 314 6 500 2684 13 3 19 17 0 
242212 1329 1178 458 7 1332 314 5 501 2608 17 13 11 15 0 
242165 1357 1180 418 5 1275 333 6 547 2672 18 5 7 12 0 
242122 1370 1144 455 5 1312 321 3 479 2739 18 4 12 16 0 
242091 1373 1192 430 4 1391 329 3 440 2694 20 6 11 16 0 
242138 1342 1187 456 3 1321 305 11 482 2713 8 5 13 16 0 
242036 1363 1238 429 10 1398 333 4 519 2632 11 7 8 12 0 
242110 1424 1215 442 8 1277 326 6 476 2662 12 7 22 13 0 
242223 1320 1237 419 7 1284 314 10 466 2674 18 4 16 8 0 
242166 1295 1206 463 9 1220 335 12 503 2738 11 8 20 14 0 
242255 1375 1189 463 7 1308 316 3 465 2581 9 7 9 13 0 
242279 1324 1217 449 6 1226 320 5 498 2633 12 10 11 10 0 
242154 1374 1192 417 2 1319 311 5 500 2682 10 3 15 16 0 
242197 1357 1221 440 4 1274 319 7 503 2617 22 5 17 17 0 
242132 1357 1238 426 7 1229 326 5 472 2772 10 4 10 12 0 
242066 1340 1254 447 6 1326 298 7 485 2723 19 4 13 12 0 
242164 1453 1124 440 6 1316 315 10 529 2599 14 7 15 8 0 
242094 1427 1202 483 4 1273 310 8 510 2640 17 5 11 16 0 
242198 1350 1203 466 8 1250 323 5 527 2616 18 12 10 14 0 
242171 1332 1190 424 9 1321 335 6 515 2651 10 4 10 22 0 
242207 1301 1191 453 8 1290 312 9 490 2697 11 4 12 15 0 
242154 1390 1179 446 5 1329 331 8 507 2595 16 13 14 13 0 
242366 1340 1139 448 9 1168 355 6 474 2648 17 6 11 13 0 
242319 1378 1166 413 3 1287 310 6 503 2572 17 10 7 9 0 
242253 1328 1186 457 5 1250 310 7 500 2654 17 8 13 12 0 
242169 1385 1179 436 5 1252 308 2 521 2698 8 6 15 16 0 
242247 1403 1133 400 10 1321 309 3 482 2652 11 10 13 6 0 
242171 1378 1172 466 5 1300 327 9 511 2621 14 10 8 8 0 
242061 1366 1198 429 9 1366 311 6 492 2724 11 4 9 14 0 
242281 1347 1190 430 5 1253 320 3 489 2641 15 4 12 10 0 
242149 1339 1206 480 3 1341 292 6 502 2640 10 7 12 13 0 
242271 1292 1178 445 7 1247 328 7 506 2675 13 5 14 12 0 
242169 1344 1211 449 9 1314 319 8 523 2600 24 4 12 14 0 
242234 1387 1142 429 9 1311 309 3 483 2656 9 6 11 11 0 
242094 1334 1205 451 6 1312 340 6 476 2727 22 8 7 12 0 
242046 1430 1170 449 5 1306 343 5 476 2721 13 9 13 14 0 
242161 1365 1208 429 8 1280 320 5 518 2652 21 6 14 13 0 
242216 1361 1147 429 3 1303 338 7 490 2648 15 8 12 23 0 
242147 1326 1224 428 10 1295 325 4 532 2657 18 10 12 12 0 
242207 1348 1175 461 5 1281 363 8 470 2643 9 5 12 13 0 
242297 1335 1168 431 6 1259 329 6 519 2607 17 4 6 16 0 
242104 1323 1229 458 4 1317 317 7 535 2660 9 9 9 19 0 
242140 1374 1151 442 2 1315 333 9 462 2731 16 9 5 11 0 
241993 1422 1216 452 11 1277 343 8 518 2710 15 8 19 8 0 
242093 1384 1223 405 4 1291 331 5 514 2700 19 8 12 11 0 
242266 1324 1168 434 8 1265 338 1 492 2638 26 4 18 18 0 
242219 1334 1171 444 10 1262 300 8 512 2692 12 11 8 17 0 
242154 1375 1173 443 9 1300 350 12 501 2637 18 4 10 14 0 
242169 1370 1195 428 11 1279 323 8 512 2655 12 13 15 10 0 
242154 1333 1226 445 4 1269 329 6 485 2708 14 5 9 13 0 
242140 1358 1234 429 5 1288 333 7 511 2637 21 5 14 18 0 
242060 1393 1168 444 7 1367 339 7 492 2678 14 4 11 16 0 
242277 1329 1159 427 8 1275 342 7 490 2637 10 10 13 15 1 
242256 1356 1156 427 6 1274 312 10 483 2682 13 6 9 10 0 
242303 1323 1189 424 6 1285 291 4 501 2617 16 8 15 18 0 
242157 1345 1167 426 8 1343 328 4 512 2660 13 6 19 12 0 
242304 1336 1158 440 8 1273 314 7 485 2636 15 6 7 11 0 
242109 1334 1180 440 11 1338 297 6 530 2705 18 5 13 14 0 
242275 1353 1147 445 3 1331 348 7 500 2536 12 9 16 18 0 
242134 1392 1170 425 7 1256 317 6 507 2742 19 4 9 12 0 
242100 1377 1194 442 7 1306 322 8 518 2678 15 2 13 18 0 
242154 1372 1188 407 6 1263 329 10 519 2707 16 9 8 12 0 
242205 1336 1241 423 2 1264 301 4 475 2698 17 9 13 12 0 
242313 1320 1188 413 6 1274 326 2 481 2632 21 4 12 8 0 
242108 1369 1186 431 10 1329 333 8 514 2676 12 9 5 10 0 
242143 1391 1164 474 11 1302 311 6 504 2651 15 7 10 11 0 
242019 1378 1206 429 7 1328 352 11 493 2728 16 11 12 9 1 
242074 1425 1202 429 6 1289 329 6 477 2725 17 5 7 9 0 
242128 1389 1170 447 6 1300 334 6 473 2693 18 5 13 18 0 
242279 1402 1165 412 6 1238 302 8 508 2640 16 5 6 13 0 
242197 1319 1170 428 7 1341 334 11 514 2629 16 11 14 9 0 
242143 1248 1238 468 6 1370 354 7 500 2621 13 7 15 10 0 
242322 1340 1162 442 6 1265 332 3 465 2628 14 4 12 5 0 
242191 1335 1172 472 9 1253 326 4 519 2675 17 5 11 11 0 
242151 1417 1119 470 3 1318 343 3 520 2605 17 10 11 13 0 
241995 1360 1200 475 9 1312 302 6 535 2769 21 5 7 4 0 
242178 1386 1148 443 9 1269 316 8 516 2676 22 7 10 12 0 
242213 1365 1184 457 7 1249 300 4 535 2626 20 4 15 21 0 
242218 1360 1124 454 5 1272 323 7 535 2664 11 3 8 16 0 
242148 1364 1194 439 3 1311 317 7 530 2638 15 9 14 11 0 
242183 1359 1118 443 10 1350 324 4 497 2664 15 5 12 15 1 
242257 1310 1159 418 10 1332 315 6 484 2651 18 13 11 15 1 
242200 1348 1203 441 7 1269 322 8 506 2647 20 5 10 14 0 
242197 1326 1156 429 5 1284 348 5 506 2687 17 6 15 19 0 
242254 1415 1167 412 4 1276 342 3 497 2588 9 6 10 17 0 
242215 1348 1150 458 12 1277 300 7 532 2654 23 6 9 9 0 
242198 1309 1166 463 11 1283 353 13 537 2620 12 7 13 15 0 
242301 1341 1161 443 7 1213 322 3 485 2679 16 5 17 7 0 
242177 1355 1204 423 8 1302 323 2 512 2654 13 6 9 12 0 
242232 1416 1223 455 7 1234 304 6 511 2559 18 6 12 17 0 
242123 1372 1240 450 8 1254 316 6 523 2660 17 4 8 19 0 
242033 1367 1254 475 9 1354 301 8 479 2665 17 10 16 11 1 
242119 1378 1198 448 6 1350 318 5 453 2677 15 8 12 13 0 
242232 1329 1166 454 5 1299 302 7 525 2623 19 5 17 17 0 
242142 1362 1241 425 9 1243 334 4 493 2692 20 5 9 21 0 
242266 1307 1180 466 9 1290 350 5 530 2556 13 5 11 12 0 
241999 1366 1269 406 6 1341 336 7 512 2702 24 12 10 10 0 
242189 1319 1216 438 5 1229 309 3 488 2746 20 8 12 18 0 
242123 1334 1159 449 6 1317 340 4 521 2699 20 7 14 7 0 
242213 1412 1137 444 11 1313 326 10 466 2619 15 8 13 13 0 
242315 1315 1220 407 7 1258 312 2 494 2618 13 11 8 20 0 
242102 1381 1159 451 3 1316 356 7 481 2699 13 7 8 17 0 
242266 1331 1133 428 5 1295 333 8 479 2679 11 6 10 16 0 
242106 1297 1205 423 6 1335 311 6 519 2734 16 8 20 14 0 
242214 1394 1157 413 3 1252 338 5 484 2674 26 11 11 17 1 
242078 1352 1232 452 6 1260 333 6 534 2700 11 4 11 21 0 
242152 1386 1196 426 9 1297 312 1 558 2617 13 9 10 14 0 
242005 1401 1189 486 2 1284 324 9 483 2761 16 10 17 13 0 
242120 1389 1228 460 7 1333 325 6 430 2669 6 6 12 9 0 
242273 1402 1171 429 4 1273 310 7 519 2575 10 5 9 13 0 
242118 1388 1170 449 7 1338 324 1 509 2661 7 7 9 12 0 
242214 1329 1204 446 3 1341 323 7 458 2613 19 10 20 13 0 
242157 1381 1137 427 5 1324 323 7 518 2674 19 9 9 10 0 
242252 1327 1238 413 5 1290 346 6 501 2588 11 3 7 13 0 
242070 1312 1203 453 4 1288 335 5 507 2784 13 4 7 15 0 
242200 1373 1170 442 9 1249 301 2 508 2696 10 3 16 21 0 
242174 1363 1179 446 3 1289 310 6 486 2702 13 4 10 15 0 
242166 1382 1195 446 4 1266 340 5 507 2641 19 7 6 15 1 
242000 1371 1255 473 6 1325 325 4 530 2664 14 7 13 13 0 
242142 1343 1167 471 4 1292 308 2 513 2721 15 3 9 10 0 
242191 1370 1158 443 9 1275 314 4 515 2666 20 6 13 16 0 
242018 1373 1208 465 9 1330 315 6 488 2748 10 7 7 16 0 
242257 1353 1158 469 3 1260 336 6 486 2640 7 2 11 12 0 
242108 1401 1201 497 8 1274 339 3 513 2612 18 2 10 14 0 
242052 1374 1213 410 6 1271 318 13 546 2755 15 7 11 9 0 
242247 1337 1191 456 7 1272 280 7 501 2650 22 5 11 14 0 
242072 1324 1190 454 8 1306 351 7 538 2697 21 12 7 13 0 
242042 1386 1206 451 7 1341 319 7 516 2656 14 11 30 14 0 
242255 1340 1189 398 8 1282 340 5 509 2633 13 9 9 10 0 
242354 1335 1135 440 5 1286 309 8 497 2583 16 4 12 16 0 
242165 1421 1165 400 7 1290 318 6 502 2680 21 9 6 10 0 
242097 1335 1182 452 8 1285 344 6 507 2743 9 7 9 16 0 
242225 1425 1151 435 6 1246 302 7 512 2649 13 7 9 13 0 
242098 1380 1176 441 10 1290 337 11 487 2715 12 5 20 18 0 
242323 1361 1175 444 4 1241 322 6 527 2555 13 4 11 14 0 
242314 1369 1161 444 8 1279 316 5 502 2557 9 6 14 16 0 
242170 1343 1156 457 11 1246 326 6 529 2713 12 10 8 13 0 
242110 1309 1197 456 11 1327 328 6 513 2695 10 6 18 13 1 
242090 1354 1226 422 8 1327 313 5 458 2746 12 6 12 21 0 
242208 1350 1105 480 10 1321 310 8 464 2701 13 7 11 12 0 
242188 1346 1107 452 3 1288 340 8 519 2704 14 5 12 14 0 
242343 1311 1209 437 8 1251 312 4 487 2587 16 10 12 13 0 
242329 1298 1120 403 6 1289 318 3 503 2687 15 4 14 11 0 
242115 1350 1218 433 5 1260 331 5 531 2703 14 6 12 17 0 
242133 1347 1225 452 5 1230 364 10 469 2714 15 9 16 11 0 
242258 1311 1140 434 9 1312 329 8 502 2657 14 1 14 11 0 
242324 1314 1204 434 4 1269 302 6 507 2579 15 9 17 16 0 
242091 1382 1227 415 5 1312 319 8 525 2665 19 2 16 14 0 
242196 1352 1158 466 7 1331 331 5 498 2612 20 7 6 11 0 
242239 1338 1203 435 8 1253 328 9 499 2648 9 9 10 12 0 
242165 1404 1160 424 5 1303 325 6 493 2683 11 7 8 6 0 
242141 1304 1221 410 5 1303 337 4 494 2726 14 12 14 15 0 
242195 1321 1243 440 11 1320 304 8 447 2663 18 7 7 16 0 
242215 1299 1229 438 4 1287 314 9 504 2664 13 6 8 10 0 
242138 1422 1163 415 5 1368 330 4 491 2619 14 8 12 11 0 
242210 1327 1193 440 6 1299 337 6 505 2633 13 3 18 10 0 
242082 1368 1178 454 4 1371 354 7 528 2606 17 6 10 15 0 
242260 1352 1174 443 8 1289 301 5 488 2643 14 7 7 9 0 
242116 1361 1246 452 4 1296 333 5 474 2655 21 9 12 16 0 
242124 1328 1213 436 12 1308 291 5 526 2714 7 8 18 10 0 
242247 1364 1067 410 4 1316 318 8 540 2687 13 6 9 11 0 
242308 1348 1151 422 11 1254 308 8 524 2624 12 4 13 13 0 
242224 1348 1203 443 2 1285 326 7 492 2633 7 3 11 16 0 
242229 1356 1210 443 7 1301 317 6 516 2566 16 10 9 14 0 
242252 1307 1151 447 5 1321 294 6 522 2649 15 9 12 10 0 
242053 1366 1167 457 7 1369 322 3 498 2715 9 7 13 14 0 
242169 1359 1238 409 7 1266 324 10 492 2673 16 11 13 13 0 
242233 1353 1162 418 7 1245 307 9 536 2676 14 3 17 20 0 
242196 1294 1195 455 3 1305 299 10 505 2688 16 4 16 14 0 
242181 1317 1159 451 2 1296 314 8 510 2705 19 11 10 17 0 
242252 1340 1140 459 5 1267 337 6 499 2640 18 9 17 11 0 
242176 1422 1178 399 6 1329 316 6 498 2617 18 4 19 12 0 
242297 1351 1192 423 4 1285 296 4 496 2605 17 9 14 7 0 
242168 1363 1195 461 6 1318 283 8 503 2659 9 6 11 10 0 
242226 1377 1167 431 3 1276 337 7 470 2664 17 2 13 10 0 
242064 1350 1229 464 6 1284 299 3 512 2744 14 6 14 10 1 
242151 1353 1258 432 11 1295 336 3 494 2606 20 8 17 16 0 
242193 1403 1199 438 7 1264 338 4 502 2604 13 6 13 16 0 
242208 1323 1164 441 8 1295 326 6 526 2659 14 7 9 14 0 
242149 1362 1184 476 10 1293 349 4 460 2652 13 10 17 21 0 
242184 1344 1235 457 7 1246 295 6 503 2676 14 4 9 20 0 
242251 1316 1208 445 7 1231 317 7 546 2631 16 7 12 6 0 
241904 1415 1205 451 7 1345 325 5 501 2790 15 9 13 15 0 
242151 1357 1188 465 6 1290 313 6 501 2670 14 8 13 18 0 
242278 1355 1163 427 6 1277 341 10 541 2563 13 4 7 15 0 
242237 1329 1143 441 5 1302 322 8 514 2657 9 3 10 20 0 
242072 1348 1314 442 8 1285 294 9 494 2689 17 7 7 14 0 
242118 1334 1196 442 6 1340 291 6 518 2700 14 7 13 15 0 
242102 1351 1160 430 4 1270 349 7 530 2742 21 7 19 8 0 
242114 1346 1135 447 5 1380 327 4 501 2692 17 4 11 17 0 
242177 1387 1235 432 8 1322 327 7 507 2557 13 8 13 7 0 
242158 1391 1168 446 3 1253 317 11 508 2696 21 5 12 11 0 
242205 1419 1168 433 5 1276 317 8 493 2642 12 5 9 8 0 
242126 1367 1206 416 4 1299 333 3 488 2705 15 4 18 16 0 
241976 1421 1212 478 9 1282 316 7 475 2781 17 4 9 13 0 
242169 1379 1157 446 6 1296 331 9 511 2640 11 10 14 21 0 
242250 1320 1248 490 4 1290 303 7 471 2560 23 8 12 14 0 
242382 1356 1205 437 5 1229 304 4 512 2518 17 10 7 14 0 
242336 1281 1181 462 7 1309 334 6 488 2558 16 5 8 9 0 
242145 1285 1168 434 10 1337 309 5 505 2749 13 6 17 17 0 
242273 1282 1224 442 6 1303 330 8 509 2578 15 9 11 10 0 
242217 1357 1156 406 11 1251 309 10 513 2711 11 15 18 15 0 
242059 1324 1221 494 3 1374 335 9 478 2642 21 6 12 22 0 
242435 1297 1133 418 6 1247 326 6 502 2574 14 12 19 11 0 
242261 1345 1141 426 6 1359 294 5 517 2602 20 4 5 15 0 
242199 1345 1204 428 10 1277 331 10 475 2674 12 7 10 18 0 
242235 1356 1147 430 8 1209 328 6 527 2708 10 6 14 16 0 
242195 1324 1147 473 6 1256 283 6 522 2743 12 6 12 15 0 
242230 1347 1136 466 8 1319 302 7 548 2593 15 7 8 14 0 
242182 1332 1134 479 9 1268 329 4 523 2687 17 11 13 11 1 
242010 1380 1204 458 6 1354 347 3 518 2671 16 6 13 14 0 
242195 1357 1150 455 5 1258 325 8 531 2679 12 8 7 10 0 
242256 1336 1167 454 10 1290 301 7 510 2612 11 10 15 21 0 
242196 1424 1151 430 8 1316 322 3 485 2618 10 5 16 16 0 
242145 1316 1198 445 7 1282 320 7 482 2766 8 5 8 11 0 
242281 1313 1196 449 5 1291 320 7 480 2608 15 5 9 21 0 
242268 1328 1191 425 7 1290 305 4 492 2639 17 6 7 21 0 
242088 1369 1197 422 9 1270 332 6 504 2756 13 6 13 15 0 
242042 1371 1239 458 14 1252 319 6 574 2680 16 8 9 12 0 
242289 1346 1127 465 7 1237 309 6 480 2688 13 4 14 15 0 
242287 1277 1188 437 1 1282 294 11 484 2694 13 7 11 14 0 
242145 1382 1209 431 5 1236 311 8 495 2712 26 8 18 14 0 
242252 1331 1166 440 7 1270 315 7 499 2672 14 7 11 9 0 
242149 1405 1140 471 6 1287 307 8 518 2647 18 8 16 20 0 
242226 1347 1184 415 4 1323 329 9 526 2584 18 6 18 11 0 
242294 1315 1122 439 5 1299 320 4 482 2676 15 9 10 10 0 
242289 1285 1149 416 2 1357 322 4 498 2635 12 3 13 15 0 
242108 1398 1189 424 9 1276 342 7 523 2674 13 7 11 19 0 
242189 1409 1189 420 10 1269 352 12 485 2622 15 6 15 7 0 
242226 1295 1162 451 3 1244 314 3 506 2738 22 8 12 16 0 
242252 1407 1154 450 5 1261 321 6 553 2545 13 11 12 10 0 
242114 1396 1187 470 9 1295 292 7 538 2648 14 6 10 14 0 
242155 1338 1118 465 8 1358 331 7 487 2689 15 4 14 11 0 
242225 1344 1166 465 3 1298 318 8 498 2626 15 13 8 13 0 
241989 1389 1174 460 8 1308 372 3 541 2709 17 12 6 12 0 
242254 1376 1189 442 8 1238 314 5 488 2632 19 7 13 15 0 
242156 1351 1203 445 7 1276 322 3 495 2685 17 9 13 18 0 
242192 1341 1116 414 9 1301 332 13 490 2752 13 8 14 5 0 
242257 1337 1217 467 2 1246 323 10 489 2603 19 5 12 13 0 
242289 1302 1156 445 1 1309 330 14 541 2570 11 8 8 16 0 
242235 1364 1178 439 10 1251 294 7 496 2684 10 9 10 13 0 
242120 1368 1153 415 8 1307 334 4 547 2686 16 7 16 19 0 
242310 1317 1148 409 3 1275 299 5 485 2696 18 6 10 19 0 
242220 1352 1141 432 7 1262 322 6 539 2657 24 9 16 13 0 
242086 1411 1187 401 7 1323 324 5 518 2687 13 4 15 19 0 
242139 1381 1186 433 9 1251 348 9 469 2724 11 7 19 13 1 
242142 1356 1180 451 1 1239 353 8 523 2702 12 7 15 11 0 
242200 1392 1140 435 5 1265 314 5 522 2678 12 8 8 16 0 
242101 1352 1182 428 9 1305 348 6 501 2712 14 10 17 15 0 
242091 1438 1166 440 6 1308 318 9 503 2682 8 4 12 15 0 
242251 1377 1161 408 5 1305 329 7 489 2618 21 3 12 14 0 
242155 1423 1171 423 4 1301 320 1 481 2684 11 4 10 12 0 
242176 1399 1179 472 7 1298 326 7 501 2587 20 8 7 13 0 
242257 1379 1157 452 8 1250 347 5 483 2611 18 5 11 17 0 
242311 1373 1140 419 7 1285 322 8 515 2581 12 6 10 11 0 
242180 1319 1196 435 0 1292 344 10 509 2661 17 8 10 19 0 
242282 1287 1173 429 4 1307 299 5 496 2658 24 13 8 14 1 
242253 1355 1193 436 7 1278 298 7 498 2625 19 6 10 15 0 
242080 1390 1167 427 6 1378 312 6 509 2669 16 14 8 18 0 
242041 1310 1212 434 4 1246 325 8 565 2793 19 9 15 19 0 
242195 1344 1174 429 8 1277 339 2 484 2712 14 4 10 8 0 
242324 1335 1123 446 4 1265 327 4 477 2640 22 11 11 11 0 
242212 1333 1167 430 9 1307 280 10 537 2673 9 5 8 20 0 
242079 1368 1201 453 9 1332 317 6 479 2700 17 6 15 18 0 
242120 1242 1242 472 13 1349 353 8 476 2668 12 12 22 11 0 
242204 1332 1146 448 5 1288 337 6 485 2698 12 9 14 16 0 
242041 1361 1170 448 9 1338 335 6 543 2708 15 3 10 13 0 
242010 1411 1203 471 9 1320 305 8 470 2744 15 7 17 10 0 
242379 1351 1194 430 8 1268 285 10 468 2559 13 7 11 17 0 
242312 1331 1106 448 8 1308 344 6 510 2584 8 8 7 20 0 
242269 1336 1173 439 8 1280 333 10 487 2621 13 6 16 9 0 
242058 1361 1178 429 8 1368 339 5 512 2707 15 4 6 10 0 
242187 1398 1179 417 9 1294 303 5 524 2638 13 6 11 16 0 
242186 1308 1223 438 6 1319 313 6 495 2666 15 4 10 11 0 
242276 1350 1169 439 10 1304 316 4 480 2594 19 8 14 17 0 
242162 1393 1150 439 12 1288 339 10 483 2666 21 8 11 18 0 
242274 1394 1122 443 14 1216 309 4 500 2664 16 11 17 15 1 
242210 1334 1174 463 10 1285 319 6 504 2641 18 7 11 18 0 
242271 1396 1124 449 11 1201 316 9 537 2653 12 8 7 6 0 
242053 1397 1181 481 8 1371 364 6 498 2606 13 9 6 7 0 
242213 1334 1203 407 6 1298 321 4 523 2646 17 6 9 13 0 
242187 1334 1150 465 7 1288 325 4 496 2711 15 2 5 11 0 
242204 1334 1153 404 5 1309 323 5 551 2671 10 7 10 13 1 
241982 1375 1226 480 10 1315 321 6 536 2708 14 4 8 15 0 
242152 1340 1156 454 11 1293 312 9 511 2716 15 3 15 13 0 
242158 1319 1161 472 8 1323 294 3 504 2712 12 4 10 20 0 
242212 1295 1171 438 6 1269 332 2 500 2730 19 5 9 12 0 
242278 1315 1188 461 8 1240 294 5 460 2703 16 3 17 11 1 
242132 1330 1203 438 7 1330 333 5 518 2672 7 3 7 15 0 
242165 1340 1192 482 7 1336 311 10 497 2603 13 5 13 25 1 
242389 1274 1155 428 5 1255 302 5 513 2637 13 4 9 11 0 
242046 1419 1193 436 8 1335 326 5 513 2669 13 10 14 12 1 
242153 1395 1225 435 5 1273 315 3 508 2637 21 6 11 13 0 
242062 1305 1244 435 8 1291 345 9 502 2749 13 7 15 14 1 
242123 1413 1176 451 5 1269 326 11 517 2663 13 8 9 16 0 
242086 1449 1167 434 10 1354 310 7 499 2646 9 6 13 10 0 
242255 1323 1217 430 4 1261 317 9 503 2634 23 4 11 9 0 
242288 1302 1188 419 10 1289 333 10 478 2624 17 11 14 17 0 
242219 1388 1182 445 8 1279 351 7 489 2577 18 7 19 11 0 
242277 1296 1148 457 7 1261 331 13 477 2693 7 9 15 9 0 
242202 1324 1134 438 8 1316 320 5 494 2689 21 14 15 20 0 
242135 1357 1220 453 15 1282 304 9 491 2698 12 6 9 9 0 
242281 1313 1167 465 5 1265 314 6 518 2619 15 9 8 15 0 
242187 1342 1163 465 7 1251 302 12 512 2715 13 7 15 9 0 
242116 1396 1151 426 9 1341 306 8 469 2730 10 9 14 15 0 
242226 1388 1189 436 11 1267 342 5 504 2590 9 4 15 14 0 
242292 1334 1160 434 4 1323 351 8 487 2574 3 4 8 18 0 
242212 1335 1154 439 4 1279 349 5 538 2639 12 4 13 17 0 
242128 1338 1184 457 2 1355 311 6 515 2656 10 14 11 13 0 
242119 1447 1203 469 6 1243 334 7 472 2657 11 7 13 12 0 
242161 1321 1196 449 6 1269 352 6 515 2660 23 8 13 21 0 
242173 1395 1181 403 6 1267 303 4 520 2692 25 6 8 17 0 
242109 1289 1173 491 6 1353 327 5 500 2697 17 6 12 15 0 
242186 1359 1168 439 5 1302 330 7 502 2659 9 12 10 12 0 
242174 1394 1140 436 6 1357 286 6 501 2649 14 7 10 20 0 
242149 1381 1211 450 6 1311 305 3 497 2634 17 5 17 14 0 
242044 1381 1128 478 9 1361 331 5 534 2681 16 5 7 20 0 
242250 1315 1134 445 5 1283 326 10 530 2661 12 8 13 8 0 
242031 1384 1205 478 8 1291 355 3 509 2679 19 6 8 24 0 
242357 1273 1128 421 5 1264 323 11 497 2674 14 10 12 11 0 
242336 1302 1134 419 6 1357 313 5 485 2599 15 7 10 12 0 
242146 1333 1198 427 10 1265 310 10 518 2735 13 9 9 17 0 
242130 1384 1157 473 7 1304 290 7 492 2713 11 2 12 18 0 
242243 1384 1182 472 5 1267 314 8 490 2587 15 8 8 17 0 
242183 1406 1186 416 8 1270 330 6 468 2687 15 5 11 9 0 
242145 1333 1129 448 11 1307 313 5 511 2747 16 8 13 14 0 
242050 1339 1218 487 6 1323 310 6 515 2701 13 9 12 11 0 
242121 1378 1208 417 8 1244 306 8 543 2716 18 8 15 10 0 
242310 1318 1176 451 8 1284 288 7 545 2565 18 8 11 10 1 
242039 1393 1254 455 10 1358 317 3 498 2617 12 7 18 19 0 
242154 1378 1173 416 6 1273 318 7 518 2701 15 10 11 20 0 
242178 1332 1138 435 7 1327 300 5 495 2728 14 9 20 12 0 
242110 1375 1257 415 6 1299 354 7 483 2649 16 7 11 11 0 
242193 1402 1118 430 4 1307 328 14 454 2699 16 6 14 15 0 
242063 1396 1153 433 3 1321 333 5 492 2752 13 8 11 17 0 
242177 1359 1230 415 4 1316 332 8 512 2586 19 6 16 20 0 
242152 1392 1168 436 7 1310 352 6 493 2624 21 4 16 18 1 
242181 1369 1193 444 7 1253 306 5 514 2698 11 3 4 12 0 
242122 1352 1214 443 9 1288 331 9 535 2648 17 7 10 15 0 
242229 1303 1197 445 7 1224 348 7 543 2652 17 9 10 9 0 
242054 1452 1152 440 8 1311 306 9 528 2696 9 5 14 16 0 
242334 1328 1131 406 6 1303 322 5 464 2666 7 7 9 12 0 
242295 1378 1115 438 4 1241 348 8 520 2604 13 3 17 16 0 
241979 1369 1223 445 8 1350 338 8 551 2685 12 7 11 13 1 
242145 1382 1161 439 5 1290 337 4 514 2682 14 5 12 10 0 
242178 1331 1181 444 3 1317 306 10 520 2660 14 7 10 19 0 
242237 1345 1163 447 6 1265 341 3 519 2624 14 10 11 15 0 
242240 1339 1189 459 10 1296 321 7 500 2602 9 7 8 13 0 
242251 1331 1203 465 3 1204 313 5 483 2690 14 4 11 23 0 
