242104 1433 1087 385 5 1292 347 1 587 2698 21 9 16 15 0 
242210 1423 1180 364 3 1260 305 9 574 2626 15 7 14 10 0 
242219 1397 1207 397 3 1211 299 4 525 2701 11 3 11 12 0 
242203 1398 1203 402 6 1224 339 5 542 2633 17 1 15 12 0 
242211 1420 1168 370 5 1160 313 7 568 2722 16 7 19 14 0 
242208 1373 1179 392 7 1204 316 6 560 2725 11 4 8 7 0 
242210 1454 1198 363 4 1258 294 7 528 2643 15 9 9 8 0 
242229 1394 1163 409 11 1193 330 9 580 2636 15 11 10 10 0 
242202 1340 1173 405 8 1260 326 10 558 2675 13 13 8 9 0 
242288 1388 1181 389 6 1213 304 9 568 2610 15 8 9 12 0 
242000 1537 1233 396 5 1211 306 8 552 2708 14 3 14 13 0 
242204 1317 1153 397 1 1269 326 5 508 2769 23 10 7 11 0 
242174 1454 1180 424 6 1245 325 6 553 2588 10 10 12 13 0 
242306 1369 1137 348 7 1205 324 11 559 2681 19 4 10 20 0 
242311 1373 1169 371 9 1190 314 9 525 2678 25 7 9 10 0 
242191 1383 1179 362 3 1172 314 11 585 2753 14 3 15 15 0 
242161 1456 1173 399 4 1201 336 6 535 2688 13 8 10 10 0 
242081 1462 1212 372 10 1246 340 7 555 2674 12 4 12 13 0 
242184 1362 1198 399 5 1278 338 8 558 2623 17 6 14 10 0 
242170 1368 1165 403 3 1289 308 7 542 2709 10 9 8 9 0 
242265 1373 1162 418 6 1182 335 8 542 2666 20 6 8 9 0 
242274 1394 1192 394 4 1258 299 6 553 2590 7 8 9 12 0 
242197 1502 1150 376 12 1257 329 5 534 2592 12 9 10 15 0 
242311 1383 1143 377 5 1243 326 4 561 2591 18 10 13 15 0 
242151 1415 1199 372 9 1257 313 4 567 2667 19 6 7 14 0 
242203 1397 1225 385 8 1276 280 7 560 2616 10 8 11 14 0 
242118 1384 1168 390 10 1273 324 5 540 2745 20 4 4 15 0 
242143 1400 1191 385 9 1238 358 9 513 2705 18 6 10 15 0 
242285 1346 1135 388 2 1282 330 7 544 2640 15 6 10 10 0 
242224 1393 1154 366 6 1246 351 7 563 2645 18 6 8 13 0 
242199 1365 1159 365 5 1197 349 10 611 2689 17 9 13 12 0 
242162 1394 1206 411 8 1216 316 6 560 2678 19 5 8 11 0 
242118 1401 1226 413 10 1202 316 10 612 2631 21 3 19 18 0 
242286 1358 1230 356 3 1167 324 8 607 2606 22 4 15 14 0 
242251 1433 1121 381 6 1191 325 4 594 2637 20 8 16 13 0 
242282 1331 1154 416 8 1206 317 7 588 2644 16 6 9 16 0 
242308 1367 1138 357 9 1266 346 5 557 2605 16 2 8 16 0 
242268 1380 1165 377 5 1222 308 9 573 2647 16 2 11 17 0 
242111 1460 1243 349 7 1260 309 4 562 2652 13 6 12 12 0 
242207 1369 1178 381 5 1227 306 3 560 2709 20 5 16 14 0 
242234 1401 1156 386 6 1219 332 9 573 2645 15 6 8 10 0 
242233 1338 1223 350 8 1166 333 8 606 2683 21 6 13 12 0 
242068 1386 1231 387 4 1223 324 7 538 2775 17 8 16 16 0 
242076 1470 1191 361 10 1308 335 3 546 2652 19 8 9 12 0 
242298 1404 1185 366 6 1229 320 4 552 2593 13 7 13 10 0 
241987 1506 1223 404 3 1226 325 10 582 2685 18 4 13 13 1 
242054 1423 1221 370 8 1214 311 8 589 2748 18 8 13 14 1 
242248 1406 1191 410 10 1275 311 4 520 2579 17 10 11 7 1 
242263 1370 1124 398 11 1205 356 9 535 2678 15 10 8 18 0 
242070 1399 1126 385 7 1264 343 10 598 2753 9 6 15 15 0 
242086 1406 1169 414 7 1236 315 11 526 2773 21 6 19 11 0 
242423 1380 1114 389 6 1160 326 10 573 2569 16 7 13 14 0 
242184 1435 1112 392 14 1234 311 7 567 2700 18 1 13 12 0 
242145 1439 1118 400 7 1260 330 6 556 2692 14 10 11 12 0 
242092 1426 1217 421 7 1258 323 7 550 2647 18 12 11 11 0 
242267 1305 1219 372 7 1260 292 3 602 2611 24 10 10 17 1 
242326 1331 1195 394 1 1173 337 5 573 2627 14 3 10 11 0 
242147 1365 1207 395 5 1261 324 3 579 2671 18 6 9 10 0 
242217 1375 1174 393 9 1236 326 5 597 2625 13 8 15 7 0 
242148 1402 1195 401 7 1274 337 5 554 2625 21 10 11 10 0 
242144 1371 1231 386 4 1159 322 4 609 2734 8 6 7 15 0 
242139 1422 1166 352 2 1321 349 10 555 2632 16 9 17 9 1 
242273 1398 1118 407 4 1245 305 9 555 2632 26 8 9 11 0 
242236 1421 1169 403 6 1199 347 7 554 2606 18 7 14 13 0 
242241 1438 1168 371 6 1212 317 10 607 2579 19 4 14 14 0 
242228 1420 1111 404 7 1276 318 7 545 2635 13 11 8 17 0 
242236 1406 1239 399 3 1176 315 8 528 2642 19 4 11 14 0 
242126 1405 1219 394 9 1210 330 5 573 2673 16 12 14 14 0 
242287 1407 1197 322 7 1204 310 5 542 2674 15 5 8 17 0 
242261 1422 1150 381 2 1205 345 6 528 2645 22 10 13 10 0 
242269 1361 1153 391 8 1194 307 9 587 2673 16 9 7 16 0 
242282 1362 1183 402 9 1203 314 5 562 2630 17 7 11 13 0 
242151 1364 1204 426 9 1272 324 15 545 2644 19 4 11 11 1 
242265 1437 1175 373 5 1201 304 5 536 2660 14 4 12 9 0 
242250 1442 1119 401 4 1224 314 6 561 2622 20 9 15 13 0 
242237 1429 1150 390 7 1228 326 5 563 2612 18 10 13 12 0 
242152 1392 1205 376 5 1271 299 4 566 2667 18 7 16 22 0 
242389 1362 1139 391 6 1212 340 7 556 2550 15 4 18 11 0 
242200 1451 1181 408 4 1210 313 5 559 2628 16 4 12 9 0 
242118 1431 1270 402 6 1200 289 6 570 2659 13 8 18 10 0 
242094 1502 1196 430 6 1172 316 3 587 2640 19 7 13 15 0 
242154 1483 1195 375 10 1228 328 12 542 2621 16 4 15 17 0 
242209 1385 1129 389 5 1217 304 7 611 2704 13 9 8 10 0 
242168 1423 1188 400 9 1208 314 6 555 2673 21 6 15 14 0 
242209 1349 1219 377 5 1225 335 8 555 2673 20 2 13 10 0 
242183 1363 1177 400 11 1230 323 5 578 2680 19 4 13 13 1 
242269 1428 1150 352 6 1182 366 6 558 2631 13 10 11 18 0 
242291 1364 1181 358 8 1221 316 5 574 2640 16 3 13 10 0 
242156 1368 1216 374 7 1227 335 6 528 2734 18 9 14 8 0 
242480 1360 1150 381 6 1213 287 9 544 2526 13 2 18 11 0 
242175 1404 1178 400 10 1261 296 10 526 2665 23 17 20 15 0 
242305 1380 1138 374 8 1202 319 7 598 2619 19 6 10 15 0 
242341 1370 1157 399 8 1291 318 5 522 2542 15 8 8 16 0 
242144 1421 1135 369 6 1228 338 10 587 2719 16 8 10 9 0 
242221 1343 1243 357 10 1282 347 6 535 2605 15 9 10 17 0 
242108 1373 1246 396 4 1252 315 5 585 2669 17 6 15 9 0 
242309 1380 1109 381 9 1221 325 7 559 2653 20 4 13 10 0 
242217 1397 1242 418 4 1227 326 3 534 2585 20 6 8 13 0 
242147 1463 1153 373 10 1298 342 8 545 2616 11 7 11 16 0 
242304 1432 1147 399 11 1201 321 8 530 2604 12 5 15 11 0 
242113 1466 1152 372 4 1273 308 5 575 2692 9 6 13 11 1 
242230 1355 1208 416 1 1227 326 5 564 2618 28 8 5 9 0 
242038 1404 1154 402 6 1239 356 13 565 2774 17 8 12 12 0 
242192 1412 1198 424 17 1190 327 6 559 2626 16 5 12 16 0 
242253 1343 1152 386 5 1241 317 8 526 2724 13 6 12 14 0 
242265 1392 1182 389 4 1245 311 7 554 2607 10 9 14 11 0 
242288 1362 1191 395 6 1211 291 9 567 2639 14 5 11 11 0 
242065 1469 1171 392 10 1172 339 5 595 2732 12 7 15 16 0 
242180 1485 1184 381 6 1225 307 5 592 2589 15 6 12 13 0 
242241 1414 1194 410 11 1161 314 6 545 2654 20 8 13 9 0 
242167 1396 1142 430 8 1227 319 2 610 2650 16 12 10 11 0 
242346 1357 1167 385 11 1197 315 10 574 2584 18 5 16 15 0 
242094 1427 1218 355 6 1209 331 6 617 2694 11 8 12 12 0 
242172 1404 1206 397 8 1229 299 9 538 2677 32 5 10 14 0 
242269 1418 1205 344 4 1224 315 9 545 2611 19 9 17 11 0 
242088 1421 1183 403 8 1264 332 7 544 2700 12 8 12 18 0 
242131 1427 1221 379 5 1281 316 6 533 2638 20 12 16 15 0 
242246 1347 1226 394 14 1220 307 3 592 2601 19 7 9 15 0 
242215 1360 1186 384 7 1289 306 9 541 2663 14 8 8 10 0 
242061 1408 1209 406 8 1281 320 5 563 2699 16 7 3 14 0 
242264 1326 1262 375 9 1197 305 8 538 2672 13 11 10 10 0 
242227 1430 1184 380 6 1282 298 7 530 2615 17 8 10 6 0 
242302 1395 1193 370 6 1220 328 2 568 2565 16 9 10 16 0 
242279 1454 1095 375 4 1256 326 10 542 2617 18 7 6 11 0 
242241 1383 1178 367 8 1233 305 4 565 2667 14 8 10 17 0 
242390 1350 1148 413 9 1245 310 5 522 2554 15 12 15 12 0 
242268 1400 1183 407 5 1237 316 2 551 2562 25 10 17 17 0 
242056 1381 1196 405 5 1229 326 6 571 2784 13 7 6 15 0 
242311 1399 1219 376 3 1257 296 8 557 2514 16 12 17 15 0 
242136 1347 1249 391 5 1280 342 5 515 2684 18 7 12 9 0 
242176 1404 1193 396 4 1299 320 6 561 2604 11 8 9 9 0 
242248 1371 1188 373 6 1244 342 5 554 2615 18 10 11 15 0 
242107 1456 1195 367 7 1284 327 4 556 2644 24 6 14 9 0 
242228 1432 1223 394 3 1161 311 7 559 2631 12 12 10 17 0 
242220 1372 1197 419 6 1211 305 4 538 2678 13 5 17 15 0 
241998 1458 1197 388 7 1237 365 6 566 2724 20 8 15 11 0 
242183 1370 1185 407 1 1246 299 8 581 2679 10 5 12 14 0 
242122 1410 1172 387 5 1267 307 5 567 2691 25 11 21 10 0 
242042 1426 1221 351 6 1216 335 6 612 2740 13 9 10 12 1 
242242 1418 1131 386 10 1216 303 8 561 2676 14 7 10 18 0 
242275 1428 1198 369 2 1244 320 8 528 2586 17 3 8 14 0 
242246 1368 1140 385 6 1250 321 6 582 2650 13 2 16 15 0 
242138 1419 1236 385 6 1256 318 11 554 2639 15 4 8 11 0 
242290 1381 1168 342 5 1270 321 4 563 2612 14 6 12 12 0 
242188 1376 1197 379 5 1209 315 6 551 2733 12 7 11 11 0 
242215 1426 1169 423 5 1246 322 1 562 2585 12 6 12 16 0 
242126 1391 1188 353 7 1333 315 12 554 2669 19 5 7 20 1 
242197 1395 1181 379 5 1260 330 3 503 2682 24 10 19 11 1 
242163 1450 1195 379 9 1240 321 5 551 2640 19 6 16 6 0 
242085 1387 1173 407 9 1265 339 5 615 2657 29 8 12 9 0 
242323 1346 1128 371 10 1258 308 9 571 2634 13 8 11 10 0 
242391 1340 1117 378 11 1243 332 4 565 2564 17 6 11 21 0 
242347 1366 1129 373 5 1219 321 6 558 2634 18 3 10 11 0 
242111 1442 1199 381 9 1241 311 9 568 2673 15 9 13 19 0 
242164 1351 1175 383 6 1273 320 11 601 2668 12 11 11 13 1 
242243 1378 1173 383 5 1235 361 6 540 2627 18 7 11 13 0 
242308 1415 1147 380 7 1214 341 4 553 2596 11 5 12 7 0 
242201 1336 1202 388 10 1302 313 8 550 2641 18 4 12 15 0 
242254 1421 1184 362 7 1193 324 4 549 2659 9 8 10 16 0 
242417 1367 1113 393 8 1211 291 5 541 2599 20 8 10 17 0 
242298 1413 1185 393 7 1236 306 4 562 2554 9 7 15 11 0 
242181 1334 1143 377 8 1279 320 9 575 2729 15 7 10 13 0 
242123 1399 1241 362 8 1239 328 3 561 2689 12 5 16 13 1 
242109 1450 1198 384 9 1205 320 8 551 2729 11 7 16 3 0 
242325 1394 1181 372 13 1169 307 8 582 2607 17 6 9 10 0 
241980 1478 1191 408 8 1252 324 9 583 2719 16 4 12 16 0 
242193 1394 1258 377 7 1231 318 10 530 2630 17 5 17 13 0 
242182 1481 1159 389 6 1247 335 6 526 2625 15 2 12 15 0 
242108 1360 1182 389 5 1243 317 5 563 2779 16 5 17 11 0 
242263 1428 1178 376 11 1230 303 9 534 2617 20 7 13 11 0 
242230 1393 1168 349 6 1288 306 7 594 2613 13 7 15 11 0 
242082 1399 1164 401 7 1278 324 5 569 2710 18 13 16 13 1 
242415 1373 1104 393 5 1223 301 8 579 2544 24 4 14 13 0 
242110 1380 1207 384 7 1284 319 11 561 2691 12 10 13 11 0 
242099 1450 1147 368 8 1245 349 6 581 2694 18 6 17 12 0 
242224 1448 1165 380 7 1265 345 8 497 2612 21 6 12 10 0 
242051 1402 1193 382 2 1264 297 7 592 2760 17 13 15 5 0 
242140 1418 1179 373 7 1238 336 3 548 2709 16 11 10 12 0 
242182 1419 1199 394 2 1311 326 10 508 2592 13 12 17 15 0 
242176 1407 1155 405 5 1234 314 10 569 2682 14 9 10 10 0 
242298 1397 1148 389 3 1239 290 7 578 2594 15 9 13 20 0 
242274 1438 1149 408 6 1194 311 4 530 2649 13 7 7 10 0 
242301 1396 1128 359 3 1240 317 10 561 2634 13 8 16 14 0 
241937 1453 1200 418 6 1266 362 5 558 2753 14 3 11 14 0 
242176 1416 1178 387 7 1221 314 3 558 2689 18 5 13 15 0 
242169 1389 1240 381 9 1251 311 11 517 2667 18 7 14 16 0 
242237 1490 1171 384 4 1230 286 5 536 2595 21 12 12 17 0 
242303 1370 1173 393 5 1225 317 12 540 2625 9 3 9 16 0 
242044 1431 1200 370 8 1273 347 2 616 2655 24 6 11 13 0 
242210 1358 1168 408 9 1275 345 4 563 2617 14 10 8 11 0 
242123 1362 1233 377 2 1254 354 6 571 2666 19 11 12 10 0 
242224 1381 1156 402 9 1288 353 4 565 2569 13 8 12 16 0 
242053 1339 1216 422 5 1261 320 4 559 2759 19 9 18 16 0 
242265 1406 1240 382 9 1287 314 12 544 2494 13 9 9 16 0 
241963 1377 1168 398 6 1314 359 7 576 2791 14 1 8 18 0 
242291 1408 1152 375 2 1248 310 6 524 2632 18 5 19 10 0 
242227 1354 1173 401 5 1251 303 4 545 2686 17 5 16 13 0 
242229 1400 1242 367 10 1170 334 12 562 2632 14 8 7 13 0 
242264 1433 1137 386 7 1177 310 6 535 2688 20 5 20 12 0 
242243 1457 1177 390 6 1225 306 9 549 2588 11 11 14 14 0 
242280 1356 1214 370 7 1219 318 3 604 2590 17 3 12 7 0 
242330 1388 1115 362 8 1180 319 7 535 2714 12 9 8 12 1 
242135 1360 1156 377 7 1260 353 7 591 2705 19 5 16 8 1 
242327 1384 1132 420 4 1228 327 11 583 2526 17 5 21 15 0 
242309 1356 1210 410 6 1222 280 7 555 2603 14 8 9 9 2 
242184 1389 1216 387 7 1234 298 10 537 2696 15 7 8 12 0 
242131 1413 1177 406 9 1248 325 6 535 2702 24 8 7 9 0 
242193 1420 1214 368 6 1242 307 7 584 2617 21 3 8 10 0 
242191 1378 1151 393 10 1279 303 10 528 2705 20 6 9 17 0 
242259 1399 1149 372 9 1209 328 5 563 2647 23 8 16 13 0 
242337 1390 1176 355 7 1188 345 12 527 2610 21 7 11 14 0 
242156 1415 1179 381 8 1243 321 3 546 2696 20 7 16 9 0 
242128 1339 1138 417 7 1227 327 8 610 2754 17 6 13 9 0 
242189 1389 1184 354 10 1181 329 6 598 2705 15 7 20 13 0 
242038 1432 1209 423 9 1215 348 10 571 2698 12 11 12 12 0 
242397 1369 1155 365 3 1201 312 6 511 2623 14 9 14 21 0 
242161 1398 1173 369 6 1283 343 7 599 2609 20 6 13 13 0 
242173 1472 1162 370 4 1232 330 5 568 2635 14 9 13 13 0 
242155 1360 1181 384 5 1262 309 10 588 2700 12 8 8 18 0 
242134 1418 1194 404 3 1240 330 8 545 2682 10 5 11 16 0 
242129 1404 1166 392 11 1240 314 2 603 2693 14 6 14 12 0 
242156 1435 1171 362 5 1274 291 8 548 2702 12 9 13 14 0 
242244 1405 1142 387 5 1202 292 8 568 2697 18 8 14 10 0 
242211 1420 1188 373 5 1231 298 12 532 2676 11 4 19 20 0 
242317 1350 1264 349 11 1190 330 4 580 2565 13 5 9 13 0 
242258 1469 1196 379 4 1207 302 7 545 2588 19 6 9 10 1 
242363 1428 1155 373 6 1146 314 4 519 2651 13 8 11 9 0 
242144 1456 1228 385 7 1232 319 2 581 2604 9 10 10 13 0 
242223 1352 1181 364 3 1311 317 5 550 2649 18 1 13 13 0 
242368 1342 1201 384 7 1208 309 3 519 2607 18 6 16 12 0 
242130 1485 1191 388 7 1159 333 6 552 2690 16 7 22 14 0 
242283 1450 1111 390 5 1190 316 6 543 2663 14 9 13 7 0 
242108 1416 1156 405 8 1239 312 5 599 2702 25 11 11 3 0 
242139 1470 1212 354 7 1267 332 5 540 2627 15 6 13 12 1 
242229 1431 1188 387 6 1227 332 7 567 2577 16 7 14 12 0 
242197 1304 1208 408 5 1256 323 11 582 2655 22 8 11 10 0 
242290 1360 1139 377 4 1266 319 4 548 2650 16 4 11 12 0 
242177 1377 1193 364 2 1251 343 4 559 2680 20 10 7 13 0 
242132 1448 1160 378 7 1213 325 12 528 2748 12 9 16 12 0 
242139 1361 1212 395 5 1248 308 5 565 2720 14 7 9 12 0 
242147 1404 1175 359 9 1224 294 4 609 2726 13 4 18 14 0 
242237 1441 1160 385 8 1253 337 7 560 2568 20 2 15 7 0 
242124 1486 1197 395 8 1211 325 6 569 2627 18 7 12 15 0 
242160 1402 1195 383 2 1211 324 5 542 2736 12 10 9 9 0 
242251 1419 1156 374 9 1174 322 5 502 2742 11 7 19 9 0 
242284 1421 1165 415 7 1231 310 5 561 2556 15 5 12 13 0 
242209 1451 1235 373 4 1170 289 8 593 2620 10 4 14 20 0 
242208 1442 1210 387 7 1284 334 5 556 2528 13 7 9 10 0 
242026 1449 1149 402 7 1235 316 5 601 2754 23 6 10 16 1 
242048 1507 1217 393 8 1233 330 8 559 2658 17 4 7 11 0 
242245 1411 1188 381 12 1215 318 9 555 2616 13 8 16 13 0 
242211 1407 1174 374 7 1262 319 5 526 2675 11 7 10 12 0 
242341 1375 1126 388 7 1237 317 3 498 2652 18 7 18 13 0 
242117 1400 1186 342 3 1313 343 10 575 2657 17 9 14 13 1 
242091 1358 1169 368 7 1277 342 7 575 2761 16 8 8 13 0 
242020 1459 1199 395 8 1321 313 4 596 2645 8 6 14 11 1 
242237 1423 1161 341 9 1332 327 2 521 2587 15 12 21 12 0 
242165 1404 1143 390 2 1231 341 5 587 2689 20 3 9 11 0 
242046 1435 1203 406 5 1234 338 8 588 2695 17 7 8 10 0 
242139 1404 1211 343 12 1296 311 9 572 2661 12 8 11 11 0 
242052 1425 1174 419 6 1279 315 4 567 2715 10 2 14 18 0 
242159 1418 1241 352 6 1250 328 11 568 2623 15 5 7 17 0 
242290 1399 1164 377 10 1160 291 11 559 2684 13 11 13 18 0 
242179 1433 1144 391 12 1218 336 5 564 2676 13 4 12 13 0 
242024 1469 1219 377 12 1301 297 7 560 2683 17 7 12 15 0 
242286 1348 1195 368 8 1296 343 4 515 2591 14 8 6 17 1 
242243 1378 1188 372 10 1183 294 6 575 2704 14 6 14 13 0 
242200 1417 1157 364 6 1231 333 8 569 2653 18 5 21 18 0 
242174 1438 1125 398 1 1270 326 3 570 2648 17 10 12 8 0 
242312 1389 1219 327 5 1158 302 9 599 2626 18 8 13 15 0 
242303 1423 1117 388 9 1221 301 10 530 2647 16 7 15 13 0 
242257 1375 1173 401 5 1207 303 7 535 2685 22 7 12 11 0 
242102 1456 1160 399 8 1299 323 7 547 2645 18 6 16 14 0 
242267 1441 1186 403 9 1176 314 7 597 2556 15 5 12 12 0 
242152 1448 1191 410 4 1226 318 6 587 2618 9 3 17 11 0 
242093 1443 1156 369 7 1339 321 2 539 2676 15 14 13 13 0 
242243 1377 1188 400 7 1246 336 7 557 2599 19 4 3 14 0 
242203 1369 1210 400 14 1199 318 5 564 2663 18 10 14 13 0 
242081 1448 1206 422 7 1254 315 3 596 2630 17 3 11 7 0 
242247 1390 1166 403 5 1233 306 16 542 2646 11 9 17 9 0 
242184 1428 1182 382 8 1207 317 5 554 2695 10 2 12 14 0 
242135 1480 1222 359 4 1228 319 9 571 2627 15 7 16 7 1 
242221 1394 1231 400 8 1198 337 5 564 2593 11 11 8 19 0 
242242 1334 1210 367 5 1269 320 6 542 2642 24 8 16 15 0 
242114 1342 1260 386 10 1240 316 6 598 2681 11 7 16 13 0 
242162 1419 1101 389 10 1242 316 4 539 2759 18 7 19 15 0 
242308 1421 1162 374 5 1181 306 8 551 2644 16 5 9 10 0 
242196 1394 1115 377 9 1322 349 5 570 2620 12 7 10 14 0 
242247 1341 1226 359 11 1225 289 8 559 2675 21 12 12 15 0 
242186 1442 1169 387 4 1302 328 3 536 2595 12 7 17 12 0 
242063 1420 1225 398 11 1242 325 5 597 2660 29 6 5 14 0 
242072 1468 1231 356 3 1239 295 5 534 2747 24 4 10 12 0 
242085 1410 1191 413 6 1217 309 12 583 2726 17 8 13 10 0 
242354 1361 1204 390 7 1193 328 7 567 2540 21 3 15 10 0 
242192 1372 1160 389 4 1271 304 7 516 2727 23 3 17 15 0 
242062 1448 1156 406 4 1309 319 6 540 2709 15 5 10 11 0 
242207 1444 1242 377 6 1190 320 3 568 2591 17 6 9 20 0 
242253 1419 1071 356 6 1236 321 10 613 2680 15 3 7 9 1 
242102 1399 1207 362 5 1263 302 10 559 2736 23 6 15 11 0 
242016 1454 1186 443 7 1262 350 8 549 2685 14 6 11 9 0 
242348 1416 1114 380 12 1171 309 3 543 2656 11 6 15 15 1 
242028 1481 1187 366 7 1271 317 5 581 2713 12 5 11 16 0 
242196 1368 1198 369 6 1194 363 7 556 2689 18 4 16 16 0 
242337 1398 1155 369 7 1265 294 5 564 2542 23 8 18 15 0 
242301 1435 1171 387 8 1222 290 6 530 2596 24 4 11 13 2 
242226 1418 1163 382 1 1238 323 6 556 2644 19 3 4 17 0 
242122 1418 1186 382 7 1204 317 10 564 2728 23 8 13 18 0 
242236 1429 1104 379 10 1221 359 8 555 2642 14 7 22 14 0 
242278 1426 1120 353 11 1210 328 7 547 2685 13 6 8 8 0 
242140 1437 1188 392 6 1233 333 6 582 2633 25 3 11 11 0 
242181 1427 1136 382 5 1255 301 9 567 2703 11 2 9 12 0 
242172 1402 1194 377 6 1239 334 9 535 2680 14 7 22 9 0 
242136 1415 1166 392 9 1340 325 4 556 2604 23 3 9 18 0 
242216 1425 1156 368 6 1217 329 4 579 2666 14 8 7 5 0 
242177 1406 1146 407 7 1241 337 5 553 2675 12 8 14 12 0 
242068 1395 1200 383 5 1264 332 9 591 2698 21 9 14 11 0 
242045 1445 1197 426 9 1182 312 6 588 2742 19 4 8 17 0 
242082 1440 1241 388 9 1242 352 4 561 2647 12 4 8 10 0 
242170 1403 1182 388 4 1211 320 8 559 2701 18 7 16 13 0 
242234 1415 1200 404 8 1249 307 5 543 2590 12 11 13 9 0 
242060 1416 1143 376 7 1242 326 6 581 2790 14 7 20 12 0 
242204 1383 1189 396 4 1171 311 4 573 2710 14 10 15 16 0 
242256 1383 1156 369 10 1277 304 1 494 2694 16 10 15 15 0 
242160 1427 1139 360 7 1207 332 7 565 2759 10 3 14 10 0 
242069 1452 1184 397 8 1213 317 7 555 2756 13 6 13 10 0 
242011 1478 1148 416 5 1239 346 2 568 2746 11 6 13 11 0 
242305 1435 1158 374 3 1194 322 3 568 2578 21 6 11 22 0 
242116 1435 1191 403 5 1243 320 5 610 2618 16 9 17 12 0 
242147 1389 1165 404 8 1241 330 8 570 2695 12 6 12 13 0 
242172 1324 1149 418 8 1228 329 7 603 2717 15 6 11 13 0 
242355 1446 1184 374 4 1187 327 7 542 2533 8 5 9 19 0 
242301 1387 1155 372 6 1217 303 9 584 2621 13 6 16 10 0 
242238 1380 1204 409 5 1240 330 7 523 2609 18 8 11 17 1 
242208 1446 1172 385 7 1241 306 4 578 2600 15 7 16 15 0 
242161 1435 1202 384 6 1280 305 2 592 2589 11 4 14 15 0 
242332 1389 1154 386 7 1167 354 4 544 2611 23 3 12 14 0 
242114 1454 1228 390 6 1273 317 7 549 2617 15 3 14 13 0 
242294 1393 1146 351 8 1252 308 10 540 2648 14 12 11 13 0 
242284 1364 1192 403 7 1172 311 5 546 2659 18 10 13 16 0 
242175 1444 1146 397 6 1206 319 5 545 2701 20 9 11 16 0 
242297 1347 1227 350 13 1225 302 7 554 2625 16 8 19 10 0 
242215 1413 1169 385 6 1244 337 5 598 2588 14 5 10 11 0 
242121 1386 1213 355 2 1234 345 5 546 2741 22 6 8 16 0 
242213 1444 1152 372 5 1277 303 3 559 2627 13 5 14 13 0 
242188 1420 1199 396 7 1273 319 10 587 2551 28 7 4 11 0 
242082 1388 1149 425 9 1309 329 7 608 2655 15 5 12 7 0 
242230 1371 1177 425 7 1207 351 4 566 2610 19 6 12 15 0 
242241 1342 1210 370 8 1247 329 5 520 2669 20 8 12 19 0 
242226 1445 1148 361 8 1195 329 5 570 2663 21 5 14 10 0 
242150 1399 1226 350 8 1218 330 2 591 2689 15 4 6 12 0 
242161 1362 1148 400 7 1332 333 5 576 2625 11 10 11 19 0 
242237 1336 1193 339 3 1288 322 7 547 2682 21 6 9 10 0 
242296 1403 1182 392 8 1189 309 4 577 2588 22 1 16 13 0 
242199 1424 1157 383 5 1228 341 7 573 2634 20 6 10 13 0 
242101 1412 1212 388 10 1276 344 6 550 2643 18 10 16 14 0 
242255 1400 1154 381 5 1245 319 8 542 2623 21 8 14 25 0 
242064 1416 1247 410 9 1201 348 10 552 2690 15 5 13 20 0 
242294 1460 1142 399 7 1205 329 4 542 2570 16 7 12 13 0 
242268 1381 1156 408 3 1215 320 12 558 2631 18 10 12 8 0 
242295 1400 1097 399 7 1265 318 5 540 2628 16 8 12 10 0 
242169 1424 1176 391 4 1276 295 9 573 2634 19 10 8 12 0 
242264 1393 1157 393 9 1194 345 9 553 2628 18 8 12 17 0 
242281 1404 1211 366 6 1167 325 8 518 2670 11 9 11 13 0 
242043 1437 1203 391 3 1326 335 6 569 2637 18 7 9 16 0 
242264 1385 1205 397 8 1217 307 3 537 2624 17 7 10 19 0 
242096 1427 1223 380 8 1278 339 2 576 2621 11 8 15 16 0 
242243 1379 1196 385 5 1236 330 4 549 2617 19 10 11 16 0 
242181 1380 1242 364 5 1262 320 5 571 2602 23 15 17 13 0 
242075 1414 1223 387 10 1234 339 6 530 2730 18 5 15 14 0 
242169 1401 1223 394 8 1256 364 7 559 2568 14 7 14 16 0 
242149 1416 1204 417 4 1242 289 6 535 2689 19 7 13 10 0 
242164 1359 1203 428 6 1280 315 6 592 2596 24 5 11 11 0 
242182 1409 1183 366 7 1176 329 7 590 2707 13 5 15 11 0 
242287 1452 1184 376 4 1205 328 1 539 2579 17 5 14 9 0 
242181 1376 1167 371 4 1256 312 3 583 2680 23 6 17 21 0 
242180 1425 1226 380 9 1263 321 9 512 2629 16 2 13 15 0 
242226 1387 1147 380 6 1217 354 9 567 2656 20 2 14 15 0 
242147 1363 1170 400 9 1225 379 6 517 2736 11 7 16 14 0 
242177 1409 1202 407 8 1233 317 6 533 2669 19 8 6 6 0 
242030 1439 1214 418 3 1238 325 6 575 2700 22 1 16 12 1 
242277 1363 1159 409 9 1261 299 11 573 2594 17 6 12 10 0 
242270 1425 1202 347 6 1230 344 10 567 2547 17 8 12 15 0 
242157 1392 1197 394 11 1253 311 7 562 2677 8 4 8 19 0 
242244 1402 1131 391 7 1254 334 6 572 2612 20 5 11 11 0 
242242 1426 1187 432 10 1128 311 2 588 2633 11 5 11 14 0 
242108 1464 1152 405 7 1304 301 5 563 2637 15 4 23 12 0 
242150 1437 1204 388 4 1221 352 6 580 2599 20 10 13 16 0 
242232 1402 1125 370 6 1236 353 6 559 2670 15 10 6 10 0 
242238 1427 1167 354 13 1278 330 10 548 2587 20 7 9 12 0 
242267 1365 1178 395 7 1166 340 6 525 2714 9 5 10 13 0 
242082 1403 1229 380 9 1262 331 1 594 2662 22 6 8 11 0 
242067 1427 1169 397 4 1235 347 9 549 2746 19 5 10 16 0 
242152 1379 1168 414 7 1258 320 6 579 2658 18 9 10 22 0 
242215 1431 1227 366 6 1300 337 6 501 2565 17 5 16 8 0 
242116 1343 1263 380 9 1254 325 9 572 2676 20 5 14 14 0 
242125 1443 1222 395 12 1224 323 13 574 2622 17 4 9 17 0 
242067 1361 1203 376 13 1286 351 8 564 2724 15 3 13 16 0 
242160 1390 1245 400 6 1227 329 6 538 2648 21 3 14 13 0 
242259 1435 1128 381 6 1219 338 11 522 2654 20 8 9 10 0 
242087 1367 1288 419 9 1257 331 4 544 2650 15 5 14 10 0 
242103 1453 1245 345 9 1303 357 6 556 2572 25 6 9 11 0 
242148 1425 1213 374 5 1235 279 8 573 2685 15 7 14 19 0 
242200 1390 1177 391 10 1230 339 7 624 2585 23 5 7 12 0 
242028 1438 1177 435 6 1291 376 6 521 2667 17 7 16 15 0 
242151 1377 1159 381 3 1218 331 7 615 2708 14 9 18 9 0 
242264 1365 1181 371 9 1210 316 3 579 2653 16 7 13 12 1 
242175 1449 1174 387 9 1249 322 5 559 2624 13 7 13 14 0 
242133 1410 1218 392 8 1245 293 7 570 2673 13 9 16 13 0 
242094 1495 1144 390 4 1270 298 5 580 2676 13 7 11 13 0 
242113 1391 1233 404 5 1256 343 12 526 2669 17 6 10 15 0 
242164 1372 1215 395 7 1247 301 15 509 2717 20 11 15 12 0 
242266 1441 1198 364 7 1215 300 12 517 2641 14 9 8 8 0 
242147 1433 1206 367 6 1255 342 5 557 2631 16 8 12 15 0 
242315 1398 1182 382 3 1237 321 9 506 2599 12 9 13 14 0 
242150 1436 1163 406 5 1223 287 10 548 2736 14 6 6 10 0 
242223 1384 1207 380 9 1276 320 4 528 2632 16 6 5 10 0 
242330 1357 1186 368 8 1219 331 9 552 2596 14 7 12 11 0 
242064 1439 1204 401 8 1281 307 4 589 2658 16 7 9 13 0 
242180 1460 1182 401 7 1188 318 7 588 2617 19 9 11 13 0 
242244 1442 1170 368 6 1268 306 8 523 2616 13 7 12 17 0 
242350 1361 1157 401 8 1156 289 7 558 2661 18 11 11 12 0 
242213 1374 1212 379 4 1255 321 3 527 2655 16 7 15 19 0 
242163 1370 1196 364 5 1262 312 7 591 2685 13 5 13 13 1 
242300 1388 1125 370 4 1253 308 4 543 2649 15 5 20 16 0 
242252 1372 1196 407 6 1225 311 3 546 2643 10 5 10 14 0 
242118 1415 1143 396 8 1264 362 4 578 2667 11 9 14 11 0 
242198 1389 1206 424 10 1183 327 3 574 2633 22 10 9 10 2 
242203 1454 1188 413 8 1134 311 7 581 2656 12 4 14 15 0 
242293 1410 1206 385 8 1216 300 4 540 2594 16 10 8 10 0 
242139 1358 1168 371 7 1237 348 7 562 2748 19 7 15 14 0 
242196 1418 1156 383 10 1222 355 6 566 2645 14 9 9 11 0 
242172 1403 1185 399 9 1284 315 8 556 2621 19 8 13 8 0 
242243 1415 1155 370 6 1235 326 5 550 2667 14 6 3 5 0 
242223 1385 1222 375 9 1248 287 8 577 2618 12 8 14 14 0 
242135 1433 1197 399 8 1187 341 5 569 2669 17 6 13 21 0 
242224 1421 1173 377 6 1199 314 6 575 2656 20 8 9 12 0 
242066 1475 1244 342 5 1257 339 6 604 2617 13 6 9 17 0 
242173 1390 1166 418 7 1220 335 11 574 2657 17 6 17 9 0 
242054 1489 1225 389 6 1251 339 4 531 2679 13 4 9 7 0 
242229 1452 1132 404 17 1235 316 13 543 2626 6 4 9 14 0 
242229 1403 1179 388 4 1260 303 8 584 2602 11 8 9 12 0 
242089 1371 1179 407 9 1217 330 11 584 2746 15 10 12 20 0 
242184 1446 1160 379 8 1277 313 6 564 2607 15 7 18 16 0 
242108 1396 1191 383 6 1257 337 6 588 2677 21 9 10 11 0 
242188 1402 1198 389 6 1229 347 8 571 2612 14 13 10 13 0 
242191 1381 1167 380 8 1275 317 3 551 2670 17 11 15 14 0 
242198 1404 1194 402 7 1212 313 6 579 2632 18 5 19 11 0 
242171 1395 1176 368 9 1266 309 2 596 2662 10 9 14 13 0 
242147 1379 1179 358 9 1201 299 11 593 2771 16 8 12 17 0 
242399 1316 1183 352 3 1234 312 9 551 2582 21 11 12 15 0 
242083 1455 1203 397 8 1254 312 8 526 2710 19 1 16 8 0 
242176 1435 1209 369 3 1250 304 9 587 2604 15 16 10 13 0 
242128 1488 1185 407 7 1245 336 9 555 2596 22 4 9 9 0 
242204 1374 1242 404 3 1234 326 5 550 2616 15 7 12 8 0 
242024 1401 1205 376 6 1329 326 5 536 2746 14 3 15 14 0 
242260 1451 1219 374 7 1198 338 8 535 2568 11 7 13 11 0 
242227 1423 1187 364 7 1239 306 6 554 2643 18 6 10 10 0 
242247 1415 1199 351 4 1246 341 14 550 2581 18 5 12 17 0 
242285 1388 1202 378 9 1164 330 8 579 2609 12 5 12 19 0 
242237 1348 1159 393 6 1255 338 5 579 2636 12 6 8 18 0 
242144 1427 1236 389 5 1190 308 8 591 2658 14 5 13 12 0 
242215 1366 1188 422 6 1220 346 4 602 2586 19 5 13 8 0 
242092 1441 1182 358 4 1268 318 6 538 2736 16 8 16 17 0 
242267 1430 1173 391 5 1189 297 9 592 2608 14 3 11 10 1 
242046 1414 1184 382 3 1252 355 6 550 2769 15 5 13 6 0 
242239 1386 1141 384 11 1247 323 5 554 2656 19 7 14 14 0 
242187 1410 1161 402 4 1255 345 3 561 2620 19 6 15 11 1 
242214 1402 1209 357 10 1177 339 5 557 2679 14 5 17 15 0 
242247 1398 1151 351 10 1261 319 7 535 2688 10 5 7 11 0 
242174 1366 1206 402 5 1227 345 4 566 2665 18 4 7 10 1 
242170 1429 1173 405 1 1212 351 6 538 2658 17 7 13 20 0 
242046 1388 1222 396 7 1281 360 10 556 2669 34 4 14 13 0 
242220 1357 1167 415 3 1294 314 8 589 2591 10 8 10 14 0 
242185 1420 1151 391 11 1217 295 11 608 2668 14 5 17 7 0 
242183 1427 1205 370 5 1253 299 12 569 2629 10 8 18 12 0 
242209 1417 1158 373 8 1212 312 9 564 2683 14 8 20 13 0 
242285 1370 1188 367 3 1210 319 8 563 2640 13 7 15 12 0 
242021 1445 1227 398 6 1252 324 15 586 2679 12 5 15 15 0 
242176 1391 1195 367 9 1235 329 9 558 2698 13 5 8 7 0 
242264 1406 1153 370 3 1250 338 7 500 2655 20 5 16 13 0 
242293 1392 1180 387 10 1256 294 11 554 2577 16 12 7 11 0 
242170 1372 1271 392 9 1219 346 8 549 2619 13 6 10 16 0 
242143 1441 1204 406 8 1254 292 14 581 2603 20 7 14 13 0 
242231 1353 1166 407 6 1209 318 5 568 2678 21 8 12 18 0 
242153 1408 1172 370 9 1261 337 4 571 2656 23 5 16 15 0 
242150 1449 1155 419 4 1258 318 6 558 2629 23 7 14 10 0 
242170 1374 1228 386 2 1215 328 3 528 2715 23 3 15 10 0 
242213 1374 1128 396 3 1230 362 8 556 2685 13 8 15 9 0 
242265 1377 1210 394 3 1142 317 9 555 2681 18 7 10 12 0 
242166 1406 1147 368 12 1277 340 9 566 2660 16 8 13 12 0 
242076 1404 1217 423 6 1265 326 2 573 2656 17 9 12 14 0 
242068 1465 1223 412 5 1236 312 3 549 2670 24 7 14 12 0 
242274 1375 1191 387 6 1242 329 3 570 2577 15 6 15 10 0 
242122 1468 1203 385 5 1262 313 9 549 2635 10 7 12 20 0 
242083 1495 1182 395 8 1217 320 9 585 2652 22 10 8 14 0 
242190 1437 1204 367 4 1183 330 3 566 2664 16 10 13 13 0 
242292 1357 1186 374 5 1258 301 8 561 2611 13 7 16 11 0 
242215 1446 1184 386 4 1181 339 9 527 2667 14 9 8 11 0 
241991 1421 1229 395 13 1330 328 11 551 2682 16 8 9 16 0 
242177 1476 1198 387 9 1218 318 6 552 2620 14 5 6 14 0 
