242244 1277 1170 467 9 1322 325 4 478 2652 18 9 17 8 0 
242225 1305 1163 468 6 1290 345 6 476 2667 14 4 15 16 0 
242115 1294 1165 486 8 1347 337 4 434 2763 10 11 10 16 0 
242030 1303 1234 489 7 1330 342 4 515 2697 24 4 8 13 0 
242170 1309 1247 488 5 1331 311 6 487 2610 13 6 9 8 0 
242233 1240 1138 469 6 1316 326 8 479 2744 16 8 7 10 0 
242125 1327 1204 440 3 1346 295 11 494 2709 12 8 10 16 0 
242263 1333 1138 423 3 1309 328 5 471 2685 6 8 13 15 0 
242312 1270 1204 458 3 1308 306 11 479 2592 12 12 18 15 0 
242190 1314 1187 465 7 1333 311 7 476 2652 21 6 12 19 0 
242242 1267 1243 475 7 1289 341 5 487 2598 18 2 12 14 0 
242204 1278 1170 479 4 1302 313 7 462 2735 11 5 10 20 0 
242133 1345 1179 487 7 1343 341 4 437 2681 6 4 13 20 0 
242167 1327 1115 462 7 1327 333 7 472 2751 13 9 4 6 0 
242134 1338 1270 495 6 1299 308 6 455 2638 17 7 15 12 0 
242053 1333 1182 467 7 1419 340 4 513 2631 22 8 8 13 0 
242104 1334 1214 449 6 1270 351 5 482 2736 8 7 12 22 0 
242241 1355 1146 462 5 1307 325 4 477 2629 21 9 8 11 0 
242131 1319 1186 499 6 1312 335 14 499 2658 8 3 15 15 0 
242216 1287 1182 473 11 1284 339 10 519 2632 15 6 11 15 0 
242143 1357 1218 470 7 1307 323 6 481 2631 19 9 15 14 0 
242313 1282 1168 469 10 1296 313 9 478 2591 14 20 15 22 0 
242176 1343 1104 501 9 1343 320 7 436 2705 18 6 11 21 0 
242257 1306 1147 447 5 1349 295 4 502 2634 12 5 19 18 0 
242202 1289 1162 461 6 1356 302 6 511 2661 12 6 18 8 0 
242037 1266 1213 501 3 1323 343 2 493 2771 17 7 6 18 0 
242137 1280 1224 468 5 1337 345 9 459 2680 17 7 12 20 0 
242148 1358 1216 427 8 1274 341 4 460 2709 22 9 10 14 0 
242235 1296 1091 494 6 1392 341 9 441 2652 11 9 13 10 0 
242245 1374 1159 442 10 1302 316 5 480 2620 16 8 13 10 0 
242123 1304 1214 449 12 1362 343 6 468 2671 15 7 12 14 0 
242184 1320 1172 496 11 1284 305 11 438 2726 9 10 21 13 0 
242157 1300 1214 522 9 1333 308 7 486 2622 13 3 11 15 0 
242257 1268 1172 437 7 1363 306 5 458 2670 19 10 11 17 0 
242189 1324 1129 493 7 1384 303 9 455 2669 15 8 6 9 0 
242306 1342 1121 448 10 1302 301 6 490 2622 14 9 10 19 0 
242172 1297 1190 469 5 1386 345 3 471 2622 13 10 7 10 0 
242167 1399 1147 490 4 1310 307 7 491 2638 8 8 5 19 0 
242169 1332 1217 479 6 1390 297 5 460 2587 22 6 15 15 0 
242066 1317 1212 494 3 1361 324 8 463 2702 11 9 15 15 0 
242035 1354 1182 430 5 1376 371 7 468 2727 9 4 17 15 0 
242173 1319 1180 472 6 1328 304 5 468 2698 20 6 9 12 0 
242199 1316 1182 458 4 1326 296 4 455 2712 13 9 11 15 0 
242195 1328 1209 467 5 1294 318 4 476 2657 11 7 12 17 0 
242253 1294 1105 426 7 1360 333 3 487 2700 11 7 7 7 0 
242162 1344 1215 470 7 1315 316 4 442 2673 11 12 13 16 0 
241899 1317 1220 500 8 1418 329 5 504 2748 11 10 13 18 0 
242114 1327 1164 451 6 1370 332 9 467 2712 18 8 11 11 0 
242182 1289 1236 440 6 1271 331 4 473 2712 13 12 12 19 0 
242040 1271 1204 504 3 1307 391 11 490 2737 15 2 9 16 0 
242345 1365 1150 488 3 1262 294 5 460 2582 13 5 11 17 0 
242065 1351 1261 490 7 1331 305 8 427 2710 14 9 12 10 0 
241941 1347 1202 508 10 1363 346 4 478 2756 15 9 9 12 0 
242156 1282 1185 479 10 1358 337 11 468 2666 18 6 8 16 0 
242214 1282 1208 474 5 1331 322 8 472 2642 15 5 12 10 0 
242200 1271 1202 422 8 1370 325 3 469 2686 11 6 15 12 0 
242247 1293 1199 491 1 1261 301 6 462 2706 15 3 8 7 0 
242114 1352 1210 490 9 1336 333 5 448 2660 13 9 8 12 1 
242235 1314 1169 474 8 1311 322 6 446 2674 11 9 12 9 0 
242121 1359 1188 491 9 1271 341 5 446 2713 21 5 9 21 0 
242325 1288 1186 465 9 1270 309 11 538 2543 19 8 8 21 0 
242292 1329 1176 468 4 1311 303 5 436 2626 17 10 12 11 0 
242084 1335 1190 453 9 1369 340 6 493 2679 12 10 10 10 0 
242122 1315 1215 487 8 1341 292 5 466 2697 14 11 14 13 0 
242179 1363 1191 469 5 1294 331 6 478 2641 13 5 12 13 0 
242171 1315 1203 471 9 1369 317 6 475 2618 21 5 8 12 0 
242360 1305 1126 431 9 1340 307 5 445 2621 9 9 16 17 0 
242211 1258 1136 482 8 1307 334 4 474 2737 17 9 11 12 0 
242290 1337 1178 464 5 1262 300 3 433 2683 16 9 8 12 0 
242078 1328 1227 469 6 1325 318 3 473 2724 9 9 14 17 0 
242128 1324 1201 471 8 1319 324 6 426 2746 13 7 8 19 0 
242108 1361 1191 495 10 1350 350 10 464 2613 12 7 7 22 0 
242212 1329 1170 468 3 1324 322 7 477 2633 11 10 13 21 0 
242114 1304 1236 440 6 1327 339 7 453 2723 12 5 15 19 0 
242152 1352 1197 436 5 1328 334 7 486 2666 10 5 14 8 0 
242101 1309 1240 500 6 1338 342 6 490 2624 16 5 7 16 0 
242227 1343 1146 460 9 1337 306 6 440 2677 14 8 6 21 0 
242124 1360 1164 481 6 1367 308 7 464 2669 16 9 12 13 0 
242110 1342 1212 458 3 1302 307 7 466 2748 15 6 7 17 0 
242071 1311 1234 468 13 1329 322 7 453 2731 13 11 16 21 0 
242315 1270 1142 449 6 1293 333 5 452 2696 16 6 5 12 0 
242231 1251 1219 475 4 1324 333 7 457 2660 7 3 17 12 0 
242120 1320 1185 485 8 1408 311 6 438 2668 14 6 14 16 1 
242167 1292 1193 460 13 1330 347 10 491 2651 15 5 15 11 0 
242148 1331 1183 473 6 1331 312 10 494 2669 12 9 6 16 0 
242265 1408 1167 465 2 1309 314 7 455 2566 7 5 17 13 0 
242237 1288 1202 496 4 1302 335 5 470 2605 20 7 14 15 0 
242213 1318 1187 469 5 1368 304 6 505 2584 9 5 14 13 0 
242187 1350 1152 463 6 1298 333 5 466 2686 20 4 13 17 0 
242253 1289 1192 497 13 1300 321 4 425 2654 14 9 15 14 0 
241911 1457 1178 458 6 1418 328 8 474 2710 16 11 9 16 0 
242124 1344 1169 482 5 1350 312 8 469 2690 14 7 14 12 0 
242188 1322 1166 493 9 1331 363 6 480 2593 19 7 8 15 0 
242192 1275 1164 492 4 1361 328 3 487 2638 10 7 13 26 0 
242285 1278 1137 468 7 1300 312 0 473 2682 16 7 16 19 0 
242142 1325 1207 487 5 1291 312 13 446 2719 17 6 16 14 0 
242136 1351 1199 487 5 1334 317 6 483 2635 12 9 12 14 0 
242048 1318 1219 523 5 1360 337 14 497 2627 11 3 17 21 0 
242229 1306 1159 502 10 1311 382 4 462 2593 16 4 8 14 0 
242123 1295 1183 494 4 1308 352 4 452 2733 19 9 16 8 0 
242259 1310 1170 484 6 1323 314 7 447 2636 10 7 12 15 0 
242177 1312 1169 493 6 1371 338 8 459 2628 12 5 10 12 0 
242087 1364 1150 469 9 1340 309 6 459 2755 11 12 15 14 0 
242191 1292 1162 463 3 1300 328 5 487 2707 15 12 14 21 0 
242090 1351 1226 497 5 1347 316 6 465 2662 11 4 6 14 0 
242340 1315 1192 416 4 1281 318 2 459 2638 12 11 6 6 0 
242162 1322 1204 457 7 1271 344 4 468 2714 17 9 8 13 0 
242251 1302 1197 462 5 1349 322 6 454 2612 7 3 18 12 0 
242326 1235 1164 450 8 1348 304 9 464 2648 17 8 5 14 0 
242039 1326 1205 530 4 1364 346 4 459 2679 13 6 11 14 0 
241961 1328 1184 466 7 1341 337 6 536 2781 16 7 18 12 0 
242220 1342 1209 463 4 1228 303 9 465 2709 11 8 15 14 0 
242231 1298 1188 482 5 1318 361 10 452 2619 12 3 11 10 0 
242181 1334 1208 472 10 1327 330 8 458 2626 16 5 12 13 0 
242263 1258 1112 505 7 1314 306 6 504 2683 12 9 12 9 0 
242175 1282 1184 492 5 1362 344 13 464 2616 17 11 15 20 0 
242163 1344 1227 464 5 1294 340 3 482 2640 13 6 12 7 0 
242151 1339 1214 458 9 1357 311 5 467 2638 11 17 12 11 0 
242186 1308 1188 476 10 1333 345 11 461 2627 15 12 12 16 0 
242182 1283 1165 504 7 1337 332 4 446 2691 14 4 14 17 0 
242295 1291 1212 461 6 1339 315 6 465 2565 15 5 12 13 0 
242142 1336 1202 505 8 1301 299 2 440 2718 15 9 10 13 0 
242203 1278 1208 466 6 1345 317 11 476 2646 15 10 12 7 0 
242101 1320 1201 448 7 1332 326 5 515 2686 15 12 12 20 0 
242033 1379 1212 488 7 1351 339 3 449 2692 9 8 8 21 1 
242270 1368 1175 434 5 1318 322 6 452 2598 18 6 10 18 0 
242359 1287 1125 461 9 1218 316 10 523 2645 14 7 12 14 0 
242192 1316 1182 469 12 1324 343 6 483 2613 21 7 13 19 0 
242367 1318 1152 447 4 1331 344 10 490 2498 15 2 5 17 0 
242243 1367 1192 472 5 1302 315 7 424 2631 13 5 13 11 0 
242155 1244 1220 487 4 1342 328 7 490 2681 20 3 9 10 0 
242380 1325 1169 443 7 1277 324 6 458 2561 14 8 13 15 0 
242129 1341 1213 462 6 1319 329 3 454 2699 15 4 11 15 0 
242195 1257 1201 467 6 1348 330 10 468 2661 18 7 8 24 0 
242136 1344 1214 474 6 1266 333 7 465 2707 11 6 14 17 0 
242340 1322 1168 452 4 1272 306 8 471 2613 17 4 11 12 0 
242178 1327 1114 473 5 1299 327 4 517 2713 17 5 9 12 0 
242368 1328 1133 428 12 1296 314 7 451 2618 12 8 11 14 0 
242117 1365 1189 476 4 1289 310 5 475 2727 11 8 6 18 0 
242314 1282 1194 473 5 1239 311 11 456 2680 11 4 5 15 0 
242207 1349 1168 435 13 1311 294 5 460 2707 12 7 20 12 0 
242221 1364 1113 463 10 1290 306 9 492 2678 19 5 12 18 0 
242155 1341 1197 458 6 1281 317 16 474 2715 17 7 8 8 0 
242038 1395 1197 433 5 1346 355 5 464 2715 13 10 9 15 0 
242324 1298 1173 461 5 1256 292 4 494 2652 11 4 8 18 0 
242165 1299 1157 499 3 1408 292 6 467 2661 17 4 10 12 0 
242190 1314 1143 491 5 1332 314 6 480 2670 15 9 15 16 0 
242179 1404 1154 456 8 1281 325 8 481 2665 7 8 14 10 0 
242058 1379 1185 494 7 1333 349 4 459 2677 16 8 9 22 0 
242179 1294 1147 484 3 1377 319 7 450 2686 14 6 16 18 0 
242243 1282 1132 490 9 1313 341 12 466 2658 17 6 19 12 0 
242265 1313 1156 434 10 1320 334 10 466 2635 13 7 13 24 0 
242055 1319 1276 492 4 1309 334 3 460 2706 11 10 9 12 0 
242258 1309 1171 483 4 1345 322 9 440 2612 21 7 8 11 0 
242148 1327 1244 465 3 1300 338 8 452 2655 20 10 13 17 0 
242133 1357 1189 424 10 1320 329 2 491 2694 18 7 15 11 0 
242176 1321 1169 481 4 1289 322 5 511 2669 14 9 12 18 0 
242107 1397 1195 485 8 1298 307 5 474 2687 17 3 9 8 0 
242156 1295 1174 439 7 1371 313 5 490 2705 11 3 11 20 0 
242228 1297 1203 483 5 1350 321 5 480 2597 10 4 8 9 0 
242265 1317 1090 476 8 1309 340 5 477 2663 14 9 11 16 0 
242160 1322 1175 472 6 1347 306 6 477 2687 14 5 11 12 0 
242090 1313 1206 461 5 1338 303 3 484 2743 20 9 13 12 0 
242263 1317 1190 458 2 1292 307 7 494 2635 12 3 5 15 0 
242155 1285 1157 438 9 1342 322 5 465 2778 9 8 14 13 0 
242153 1276 1207 495 9 1335 285 4 463 2737 7 8 11 10 0 
242266 1287 1192 440 5 1335 322 7 450 2636 25 12 8 15 0 
242063 1323 1185 460 6 1352 342 8 464 2744 10 12 8 23 0 
242111 1415 1160 447 9 1329 338 7 471 2666 10 3 20 14 0 
242200 1319 1181 455 9 1319 333 7 480 2645 16 6 16 14 0 
242340 1261 1172 484 8 1378 303 8 476 2522 14 7 10 17 0 
242138 1339 1243 458 7 1281 318 7 492 2667 19 7 12 12 0 
242127 1308 1201 488 8 1298 340 11 496 2671 18 8 13 13 0 
242198 1235 1203 474 7 1316 315 7 485 2712 18 7 7 16 0 
242247 1288 1189 470 4 1329 325 2 460 2628 21 8 13 16 0 
242134 1351 1166 452 6 1308 346 1 479 2706 22 4 11 14 0 
242090 1289 1230 463 9 1302 332 8 464 2758 21 4 9 21 0 
242237 1301 1164 452 7 1314 358 4 458 2656 15 5 14 14 1 
242234 1345 1149 480 6 1294 329 12 470 2633 18 4 14 12 0 
242158 1349 1155 487 8 1373 330 10 434 2646 15 10 12 13 0 
242122 1355 1149 477 3 1313 302 3 467 2755 15 9 18 12 0 
242105 1310 1268 464 9 1284 315 6 464 2723 17 8 10 17 0 
241977 1278 1205 524 9 1394 334 8 463 2768 10 9 10 11 0 
242228 1324 1157 487 5 1312 331 5 461 2626 18 7 16 23 0 
242419 1187 1199 463 3 1330 310 8 458 2575 13 9 10 16 0 
242180 1390 1221 484 11 1320 281 9 440 2621 10 7 7 19 0 
242150 1327 1189 500 6 1300 308 7 465 2695 13 9 18 13 0 
242213 1326 1180 444 8 1389 339 4 476 2567 17 11 14 12 0 
242280 1330 1162 471 5 1260 347 6 468 2623 12 7 15 14 0 
242196 1351 1207 460 6 1258 358 4 495 2619 12 7 8 19 0 
242227 1296 1140 443 9 1377 307 9 466 2671 17 4 12 22 0 
242117 1247 1247 516 5 1367 316 7 463 2666 13 7 14 15 0 
242037 1350 1188 528 4 1349 270 5 499 2729 15 5 6 15 0 
242247 1326 1151 452 4 1356 333 0 452 2630 16 11 12 10 0 
242103 1398 1189 500 3 1339 306 3 429 2688 15 7 10 10 0 
242261 1333 1180 472 7 1258 316 3 460 2668 16 4 11 11 0 
242094 1313 1201 467 12 1339 313 7 482 2724 15 9 12 12 0 
242286 1304 1166 495 9 1283 324 10 474 2608 10 2 13 16 0 
241995 1348 1192 508 4 1354 338 5 481 2735 11 6 8 14 1 
242187 1289 1198 466 6 1213 324 7 516 2750 14 4 16 10 0 
242254 1349 1189 446 8 1298 304 5 437 2663 13 6 7 21 0 
242049 1314 1245 503 8 1357 326 10 454 2685 16 1 11 21 0 
242253 1333 1185 458 6 1330 331 2 483 2581 13 5 7 13 0 
242107 1340 1190 495 9 1337 332 10 494 2645 11 6 14 10 0 
242268 1303 1160 490 4 1264 306 6 482 2659 21 11 9 17 0 
242244 1353 1193 450 3 1323 331 7 426 2621 19 8 11 11 0 
242121 1382 1137 478 7 1362 339 3 462 2657 23 7 10 12 0 
242206 1331 1134 480 9 1318 342 8 433 2684 20 5 9 21 0 
242269 1273 1179 448 9 1327 306 9 446 2695 15 2 10 12 0 
242192 1361 1173 459 5 1276 306 5 495 2681 17 1 14 15 0 
242158 1291 1128 512 4 1331 364 6 473 2681 21 4 12 15 0 
242222 1288 1175 487 4 1348 334 5 466 2618 16 9 14 14 0 
242090 1370 1226 490 6 1295 322 5 494 2653 12 8 9 20 0 
242141 1325 1186 470 6 1340 313 9 478 2685 18 6 8 15 0 
242313 1308 1160 479 7 1305 326 8 464 2578 10 7 10 25 0 
242082 1393 1196 468 6 1329 330 6 456 2685 18 7 11 13 0 
242145 1348 1204 496 8 1333 329 5 465 2623 12 5 13 14 0 
242362 1283 1112 462 7 1275 299 4 473 2668 15 11 14 14 1 
242280 1328 1166 473 8 1272 303 6 456 2660 7 9 13 19 0 
242288 1303 1196 480 9 1311 323 5 463 2583 10 9 7 13 0 
242229 1332 1199 493 6 1308 298 8 444 2647 7 4 11 14 0 
242120 1335 1211 464 5 1278 326 5 484 2724 15 4 11 18 0 
242307 1286 1151 482 4 1312 321 7 482 2600 16 7 13 12 0 
242230 1311 1169 522 3 1317 312 6 424 2649 16 7 16 18 0 
242188 1352 1165 445 7 1351 302 5 487 2651 14 5 12 16 0 
242249 1282 1128 456 11 1409 345 1 467 2602 22 8 6 14 0 
242206 1283 1119 450 6 1401 314 3 474 2688 12 9 12 23 0 
242254 1315 1171 474 12 1309 320 4 458 2637 16 7 12 11 0 
242317 1308 1192 479 10 1304 320 3 451 2579 9 5 11 12 0 
242188 1353 1137 459 10 1381 329 6 467 2622 17 10 9 12 0 
242072 1316 1223 485 8 1379 381 6 470 2602 16 7 16 19 0 
242057 1356 1189 480 6 1406 319 5 474 2663 14 6 7 18 0 
242135 1314 1196 476 4 1351 321 9 479 2662 13 11 15 14 0 
242298 1287 1093 489 7 1346 323 11 453 2635 12 8 21 17 0 
242050 1311 1153 488 7 1312 367 8 495 2762 19 4 8 16 0 
241951 1365 1230 503 10 1389 350 9 479 2668 15 6 12 13 0 
242162 1281 1215 500 5 1321 317 10 485 2659 8 7 17 13 0 
242089 1368 1186 454 16 1369 335 7 509 2627 14 2 8 16 0 
242174 1288 1189 517 5 1334 328 7 452 2651 19 9 13 14 0 
242205 1288 1205 441 5 1358 327 9 458 2651 20 4 17 12 0 
242244 1332 1173 440 9 1363 306 5 506 2560 14 6 17 24 1 
242260 1278 1147 439 6 1384 319 7 451 2667 13 5 10 14 0 
242208 1318 1132 491 5 1335 294 9 452 2701 17 7 16 15 0 
242102 1313 1211 470 11 1332 303 5 483 2720 17 4 10 19 0 
242252 1276 1170 444 7 1275 313 8 485 2715 7 12 18 18 0 
242095 1338 1184 467 7 1361 321 5 472 2690 14 11 14 21 0 
242203 1259 1189 506 5 1362 330 3 491 2612 15 5 12 8 0 
242265 1263 1150 472 7 1307 288 6 470 2736 9 5 13 9 0 
242248 1285 1219 467 10 1257 317 3 493 2641 15 7 14 24 0 
242183 1311 1177 420 7 1342 333 5 497 2664 25 5 12 19 0 
242251 1316 1172 466 2 1350 311 8 466 2608 16 6 10 17 1 
242163 1304 1186 498 4 1289 312 6 509 2685 11 9 10 14 0 
242271 1307 1174 464 6 1313 306 9 485 2609 14 7 17 17 1 
242215 1260 1181 466 11 1293 329 7 471 2732 10 9 6 10 0 
242183 1309 1188 487 6 1308 326 9 466 2666 19 5 14 14 0 
242342 1352 1120 458 8 1312 341 9 446 2566 12 6 13 14 1 
242319 1296 1162 468 6 1287 307 6 454 2641 19 6 15 14 0 
242141 1377 1153 456 9 1327 320 3 480 2681 22 7 11 13 0 
242103 1361 1175 440 8 1326 321 8 512 2706 8 12 8 12 0 
242346 1254 1156 472 7 1331 336 6 468 2574 16 10 15 9 0 
242413 1304 1106 442 8 1241 333 7 459 2634 16 7 16 14 0 
242110 1376 1166 478 6 1321 333 4 498 2661 19 5 10 13 0 
242148 1330 1240 465 5 1277 285 12 496 2692 16 12 11 11 0 
242032 1360 1226 448 4 1316 342 4 494 2718 13 6 19 18 0 
242254 1313 1130 463 5 1303 314 4 495 2677 10 8 12 12 0 
242177 1267 1193 452 6 1359 304 9 476 2717 11 10 8 11 0 
242267 1286 1149 441 5 1311 327 2 459 2714 16 5 10 8 0 
242274 1308 1206 441 7 1295 336 9 480 2590 21 6 13 14 0 
242163 1319 1182 453 3 1308 290 9 495 2723 18 11 16 10 0 
242192 1315 1126 521 9 1357 316 2 463 2645 21 9 8 16 0 
242199 1368 1126 492 5 1322 295 7 492 2650 12 5 8 19 0 
242176 1317 1180 462 6 1277 319 10 468 2736 13 9 11 16 0 
242010 1342 1220 470 12 1320 375 7 484 2707 15 5 17 16 0 
242111 1273 1220 466 8 1334 312 9 462 2760 16 8 10 11 0 
242202 1327 1173 464 6 1300 340 10 469 2664 15 7 6 17 0 
242199 1308 1179 502 6 1308 326 6 409 2704 19 9 15 10 0 
242286 1283 1147 463 6 1326 308 7 455 2665 23 3 9 19 0 
242256 1379 1207 444 7 1302 322 1 455 2577 9 7 13 21 0 
242117 1371 1222 479 6 1345 357 6 453 2619 11 3 6 5 0 
242217 1304 1213 496 4 1353 288 4 461 2614 8 6 15 17 0 
242181 1282 1220 483 6 1365 302 7 504 2608 14 6 11 11 0 
242139 1350 1192 497 3 1272 329 7 442 2723 16 6 5 19 0 
242232 1301 1183 462 6 1298 312 7 483 2680 16 3 6 11 0 
242141 1371 1149 507 4 1326 322 11 506 2619 15 5 11 13 0 
242115 1372 1193 473 5 1334 316 4 463 2665 18 7 17 18 0 
242175 1366 1172 445 8 1285 311 11 467 2726 11 4 7 12 0 
242176 1325 1214 459 5 1303 334 4 496 2633 16 8 9 18 0 
241944 1410 1179 482 8 1331 350 12 448 2776 17 12 16 15 0 
242031 1247 1201 504 8 1424 331 5 485 2715 12 6 19 12 0 
242233 1267 1190 465 4 1336 323 5 489 2645 13 7 12 11 0 
242288 1265 1145 431 3 1305 336 7 463 2705 15 12 10 15 0 
242203 1356 1144 476 5 1311 380 3 475 2601 16 7 9 14 0 
242149 1349 1147 454 3 1282 313 9 504 2747 14 9 12 8 0 
242234 1360 1147 493 6 1297 337 4 474 2599 10 4 13 22 0 
242147 1299 1201 505 5 1264 327 6 463 2733 8 10 10 22 0 
242176 1323 1204 514 6 1292 318 6 485 2633 10 11 11 11 0 
242197 1356 1198 472 11 1278 356 5 448 2638 14 5 10 12 0 
242014 1363 1226 491 4 1354 323 8 476 2689 16 6 12 18 0 
242113 1322 1165 463 5 1329 336 8 438 2762 17 10 12 20 0 
241878 1398 1167 484 4 1342 360 9 482 2822 14 8 17 15 0 
242165 1335 1165 480 5 1273 352 8 472 2708 9 5 8 15 0 
242122 1336 1180 509 8 1270 284 6 479 2758 16 5 10 17 0 
242275 1287 1194 470 4 1293 320 5 457 2652 12 2 17 12 0 
242158 1337 1127 448 7 1372 349 7 457 2703 9 4 7 15 0 
242208 1329 1193 481 5 1304 351 10 458 2615 15 5 14 12 0 
242089 1312 1209 450 6 1342 339 8 468 2725 16 13 12 11 0 
242223 1327 1145 454 9 1358 306 11 437 2682 21 6 7 13 1 
242097 1306 1223 491 7 1312 340 5 492 2677 13 3 15 19 0 
242155 1343 1219 467 4 1334 325 9 454 2642 11 6 16 15 0 
242105 1306 1205 479 12 1333 314 7 516 2677 15 4 10 17 0 
242115 1315 1218 455 2 1403 277 8 485 2667 17 6 13 19 0 
242062 1341 1198 470 11 1343 327 9 475 2711 19 8 17 9 0 
242248 1308 1173 463 3 1363 330 6 462 2593 15 12 10 14 0 
242020 1341 1237 496 5 1368 311 6 472 2695 22 6 8 13 0 
242090 1349 1152 475 11 1367 311 3 488 2703 13 9 13 14 2 
242121 1337 1153 444 5 1318 350 8 517 2702 16 6 9 14 0 
242065 1345 1210 481 7 1335 330 8 442 2715 21 5 22 14 0 
242324 1286 1146 462 9 1319 301 5 476 2621 17 6 9 19 0 
242097 1317 1165 523 3 1363 353 6 487 2650 16 4 5 11 0 
242379 1274 1141 448 2 1307 318 7 454 2620 15 4 10 21 0 
242045 1389 1185 460 5 1323 358 5 476 2702 17 8 15 12 0 
242178 1355 1187 469 7 1287 331 7 449 2685 13 4 6 22 0 
242235 1279 1174 462 3 1336 340 5 476 2643 20 6 8 13 0 
242183 1278 1227 473 2 1302 342 5 488 2661 11 6 7 14 1 
242199 1392 1142 470 8 1333 318 7 467 2614 21 6 12 11 0 
242269 1275 1234 460 2 1282 333 2 483 2616 15 4 12 13 0 
242229 1319 1184 437 4 1338 304 5 458 2657 21 5 16 23 0 
242248 1368 1177 461 5 1327 270 6 459 2635 22 5 5 12 0 
242226 1365 1180 460 6 1253 332 10 483 2640 16 4 11 14 0 
242144 1305 1180 492 4 1349 313 5 444 2720 9 8 16 11 0 
242103 1337 1166 489 5 1250 327 2 511 2765 15 0 13 16 1 
242104 1320 1201 462 14 1341 316 6 493 2702 10 8 12 11 0 
242323 1285 1191 483 9 1317 331 2 466 2556 10 6 14 7 0 
242160 1317 1159 477 7 1358 311 6 484 2665 15 8 16 17 0 
242145 1316 1183 422 4 1347 336 7 478 2708 19 3 14 18 0 
242106 1320 1181 501 6 1320 314 8 484 2718 12 6 15 9 0 
242304 1306 1150 477 8 1300 332 7 435 2638 12 6 13 12 0 
242204 1270 1239 461 7 1244 312 5 505 2704 13 9 13 14 0 
242286 1307 1111 489 9 1349 292 4 442 2650 24 6 14 17 0 
242136 1266 1227 477 8 1334 353 7 501 2649 11 5 15 10 1 
242113 1388 1222 470 9 1338 299 5 448 2643 18 15 11 21 0 
242179 1288 1130 512 6 1304 350 4 477 2706 15 8 7 14 0 
242285 1336 1167 465 4 1317 334 4 473 2559 18 7 14 17 0 
242169 1308 1168 504 14 1333 331 5 488 2636 17 6 11 10 0 
242297 1216 1182 490 8 1308 343 6 515 2582 19 6 12 16 0 
242030 1320 1169 467 9 1387 345 4 512 2710 13 3 13 18 0 
242273 1311 1192 460 3 1280 329 5 455 2649 14 7 9 13 0 
242095 1293 1224 514 4 1333 328 7 460 2696 9 8 11 18 0 
242074 1379 1203 506 9 1301 295 9 473 2705 15 5 12 14 0 
242144 1338 1121 497 6 1371 337 5 434 2691 19 6 14 17 0 
242327 1336 1152 463 7 1295 334 6 427 2599 20 9 8 17 0 
242308 1285 1142 476 10 1302 337 16 448 2638 6 5 10 17 0 
242195 1290 1179 473 9 1306 317 3 538 2649 13 8 9 11 0 
242108 1333 1209 463 5 1297 336 5 487 2718 11 4 14 10 0 
242189 1347 1196 479 6 1362 323 9 423 2621 10 4 13 18 0 
242091 1344 1172 466 6 1368 327 4 436 2722 21 8 12 23 0 
242236 1344 1201 429 6 1339 316 5 494 2582 20 4 13 11 0 
242095 1305 1253 502 5 1374 319 7 482 2620 13 10 9 6 0 
242218 1336 1114 476 7 1385 352 8 468 2583 16 6 18 13 0 
242181 1294 1175 453 6 1354 341 8 475 2659 22 4 19 9 0 
242134 1365 1167 508 9 1357 338 6 490 2581 13 8 10 14 0 
242096 1329 1213 516 6 1334 324 3 489 2628 22 6 13 21 0 
242089 1302 1221 469 8 1343 330 8 509 2672 13 6 14 16 0 
242298 1302 1227 462 4 1229 338 4 452 2641 11 6 15 11 0 
242088 1306 1208 469 4 1356 314 9 496 2691 17 3 23 16 0 
242080 1390 1246 473 6 1329 343 6 451 2632 15 4 13 12 0 
242129 1306 1234 461 6 1308 335 12 473 2684 12 5 12 23 0 
242168 1352 1163 470 8 1315 320 4 491 2644 11 8 18 28 0 
242331 1296 1178 454 9 1281 301 6 442 2663 16 7 9 7 0 
242076 1341 1182 504 8 1388 309 6 434 2700 10 11 10 21 0 
242283 1371 1153 456 4 1271 316 6 477 2619 14 6 8 16 0 
242031 1405 1193 468 7 1382 299 7 473 2687 14 5 16 13 0 
242172 1304 1159 468 5 1276 300 8 470 2803 13 4 6 12 0 
242109 1379 1162 495 7 1340 323 6 452 2688 8 5 10 16 0 
242117 1340 1144 468 5 1294 315 10 506 2740 27 6 11 17 0 
242186 1330 1207 454 2 1353 331 6 496 2597 12 9 10 7 0 
242243 1305 1174 485 12 1348 304 4 472 2589 21 10 10 23 0 
242242 1321 1128 513 5 1334 336 5 460 2609 9 6 16 16 0 
242159 1329 1129 441 7 1360 327 9 470 2713 16 7 14 19 0 
242294 1288 1171 481 8 1290 335 6 493 2576 18 5 22 12 1 
242063 1414 1154 472 8 1291 295 3 504 2751 14 4 8 18 1 
242310 1290 1249 439 1 1327 328 5 462 2544 12 6 12 15 0 
242231 1353 1138 473 8 1295 345 6 477 2635 15 5 8 11 0 
242120 1325 1218 461 10 1311 323 4 483 2709 11 1 14 9 1 
242116 1328 1183 498 11 1330 312 9 494 2679 11 7 10 12 0 
242218 1365 1150 459 5 1318 322 3 452 2658 18 3 13 16 0 
242317 1307 1191 468 7 1242 314 4 430 2678 12 5 14 11 0 
242076 1403 1170 465 11 1312 318 5 511 2680 14 10 8 17 0 
242087 1355 1180 495 5 1315 305 6 443 2759 14 9 11 16 0 
242256 1326 1199 485 20 1297 329 6 463 2569 9 8 13 20 0 
242202 1385 1190 472 7 1294 313 8 455 2622 22 7 11 12 0 
242240 1313 1145 466 12 1337 326 13 493 2594 18 5 11 27 0 
242214 1315 1193 439 11 1322 304 4 459 2686 15 11 9 18 0 
242152 1384 1179 456 5 1329 332 9 438 2658 16 9 17 16 0 
242134 1390 1184 503 5 1323 323 7 465 2617 15 11 8 15 0 
242186 1362 1182 494 5 1269 330 2 484 2639 13 4 9 21 0 
242137 1337 1201 462 9 1310 321 8 466 2701 18 3 17 10 0 
242244 1343 1138 473 4 1398 344 6 435 2574 16 7 10 8 0 
242249 1291 1205 449 11 1250 318 5 484 2685 12 8 11 22 0 
242311 1317 1177 447 7 1319 343 8 442 2591 11 6 9 12 0 
242167 1300 1156 486 4 1314 337 6 516 2669 13 3 11 17 1 
242134 1302 1193 454 12 1429 346 4 468 2614 12 4 9 19 0 
242394 1347 1158 421 3 1294 315 3 480 2533 17 10 10 15 0 
242228 1281 1222 466 7 1270 315 13 496 2662 17 6 6 11 0 
242139 1291 1155 495 5 1337 336 13 460 2716 16 4 12 21 0 
242203 1317 1213 484 6 1339 308 7 439 2632 8 5 19 20 0 
242275 1357 1150 467 10 1295 329 9 465 2597 14 4 15 13 0 
242258 1326 1145 472 10 1330 340 3 460 2608 13 12 7 16 0 
242217 1317 1166 477 9 1350 340 10 470 2603 11 6 10 14 0 
242218 1278 1104 499 6 1327 332 12 467 2703 19 9 10 16 0 
242271 1336 1225 465 11 1300 313 4 442 2580 12 9 13 19 0 
242109 1322 1267 444 11 1330 315 4 464 2680 7 10 18 19 0 
242058 1316 1194 475 12 1343 367 8 462 2714 17 6 11 17 0 
242143 1373 1178 495 2 1334 337 5 509 2585 14 3 8 14 0 
242198 1295 1162 493 7 1373 322 2 434 2669 15 1 16 13 0 
242114 1301 1175 480 8 1361 343 8 491 2676 12 9 10 12 0 
242169 1307 1227 503 5 1299 322 5 478 2646 15 5 6 13 0 
242236 1299 1172 480 6 1299 318 6 459 2679 14 7 15 10 0 
242163 1380 1103 483 7 1305 304 12 494 2703 22 6 8 9 1 
242170 1367 1166 536 14 1291 314 6 493 2599 16 5 10 13 0 
242040 1364 1133 461 8 1349 292 13 459 2846 10 6 9 10 0 
242186 1278 1171 450 8 1379 328 6 482 2662 12 7 12 19 0 
242103 1360 1179 472 7 1377 312 6 504 2624 15 8 17 16 0 
242239 1297 1187 435 7 1301 314 5 503 2647 25 9 12 19 0 
242202 1298 1175 456 4 1340 306 5 472 2691 13 8 17 13 0 
242194 1345 1172 498 8 1269 333 5 506 2621 13 8 13 14 1 
242272 1271 1211 426 7 1312 308 9 492 2649 15 7 11 10 0 
242285 1304 1157 456 5 1334 343 6 479 2579 16 6 13 17 0 
242162 1388 1153 490 6 1336 327 7 486 2589 13 10 15 18 0 
242155 1337 1201 476 5 1302 363 2 479 2640 13 4 8 15 0 
242038 1355 1163 494 5 1344 313 6 491 2728 14 11 18 20 0 
242180 1319 1168 456 7 1364 323 4 468 2654 17 10 17 13 0 
242212 1299 1161 458 6 1366 348 5 448 2645 9 8 15 20 0 
242055 1361 1222 503 5 1308 329 8 459 2704 10 13 13 10 0 
242152 1365 1222 467 6 1277 309 7 475 2677 13 6 8 16 0 
242140 1362 1184 500 6 1349 309 2 461 2643 16 6 9 13 0 
242316 1301 1148 492 9 1337 303 4 465 2571 14 7 16 17 0 
242334 1283 1188 425 5 1301 305 6 427 2676 16 5 11 18 0 
242137 1285 1152 518 6 1368 362 2 457 2681 9 4 9 10 0 
242130 1302 1125 487 10 1326 321 4 510 2746 14 9 6 10 0 
242322 1325 1154 474 9 1353 316 4 443 2550 12 8 12 18 0 
242280 1306 1197 492 5 1276 307 7 452 2635 10 10 10 13 0 
242265 1268 1168 460 4 1315 315 7 455 2697 15 7 9 15 0 
242204 1302 1170 450 10 1386 336 2 445 2640 15 7 9 24 0 
242215 1303 1143 466 9 1363 324 10 459 2665 7 10 9 17 0 
241961 1302 1232 470 7 1390 321 5 498 2759 15 8 13 19 0 
242205 1333 1153 461 1 1336 330 7 448 2674 10 6 15 21 0 
242228 1365 1150 459 8 1306 329 9 458 2635 18 8 10 17 0 
242224 1292 1212 458 7 1348 336 4 476 2595 16 10 12 10 0 
242120 1361 1171 433 5 1340 327 8 498 2695 12 5 12 13 0 
242197 1294 1134 487 6 1293 344 8 480 2724 10 2 13 8 0 
242270 1270 1203 473 5 1301 281 5 523 2631 13 4 11 10 0 
242253 1276 1170 478 6 1289 330 7 484 2659 13 10 11 14 0 
242282 1254 1193 477 8 1295 335 5 454 2645 22 6 13 11 0 
242246 1316 1134 473 5 1296 295 7 478 2702 16 10 11 11 0 
242123 1280 1163 480 3 1345 321 7 495 2734 16 5 13 15 0 
242245 1339 1130 480 4 1335 309 5 453 2663 13 6 9 9 0 
242159 1299 1287 468 7 1320 331 3 477 2595 16 5 18 15 0 
242124 1351 1194 459 7 1361 333 6 456 2664 11 5 15 14 0 
242174 1364 1176 474 10 1300 324 10 428 2699 9 5 13 14 0 
242175 1279 1193 461 4 1343 334 13 452 2709 10 8 8 10 1 
242150 1330 1164 476 9 1300 350 8 459 2704 13 3 14 19 1 
242207 1352 1142 494 8 1309 338 4 494 2600 17 4 17 14 0 
242135 1275 1220 489 7 1366 354 8 477 2617 14 8 10 20 0 
242210 1273 1224 464 5 1312 331 8 484 2632 18 7 16 15 1 
242218 1393 1156 475 7 1252 324 8 499 2616 16 6 14 16 0 
242162 1356 1228 453 8 1319 297 6 446 2670 19 11 12 13 0 
242237 1323 1157 475 9 1323 314 3 496 2606 16 9 14 18 0 
242303 1304 1141 465 3 1303 353 8 501 2580 18 6 6 9 0 
242107 1278 1186 489 5 1332 340 5 437 2771 10 8 12 20 0 
242149 1344 1190 441 4 1260 319 10 467 2756 19 6 14 21 0 
242186 1327 1205 482 11 1326 319 11 459 2622 14 11 8 19 0 
242150 1324 1201 488 6 1337 300 7 454 2683 14 9 14 13 0 
242314 1296 1140 485 8 1271 305 8 477 2639 20 9 7 20 1 
242174 1321 1207 456 9 1287 330 5 479 2686 16 6 10 14 0 
242287 1325 1142 461 5 1343 320 6 514 2555 14 6 8 14 0 
242319 1314 1119 447 6 1309 333 7 461 2644 15 6 11 9 0 
242233 1331 1183 447 0 1279 293 1 486 2705 15 5 9 13 0 
242201 1364 1117 484 5 1272 294 1 454 2744 21 6 17 20 0 
242203 1297 1167 453 9 1315 320 3 459 2718 20 8 17 11 0 
242145 1320 1230 477 7 1336 321 11 455 2656 13 7 6 15 1 
242013 1352 1197 508 9 1270 334 10 504 2748 18 6 12 19 0 
242259 1320 1177 501 4 1256 302 6 458 2671 15 6 11 14 0 
242096 1348 1210 482 7 1405 319 7 493 2585 20 5 9 14 0 
242036 1416 1205 438 6 1372 313 4 493 2671 9 4 17 16 0 
242305 1322 1147 468 4 1372 327 5 450 2562 11 6 7 14 0 
242152 1280 1182 464 9 1369 348 9 482 2646 16 5 19 19 0 
242130 1295 1225 441 6 1362 339 5 487 2655 18 9 7 21 0 
242267 1328 1125 486 3 1287 328 6 449 2671 11 10 14 15 0 
242224 1361 1150 450 14 1316 326 4 486 2621 17 6 10 15 0 
242157 1321 1234 469 10 1251 338 7 456 2719 12 4 13 8 1 
242262 1343 1186 478 9 1254 323 9 460 2624 20 7 11 14 0 
242409 1242 1092 416 7 1284 363 4 491 2649 12 4 14 13 0 
242196 1282 1188 468 9 1310 331 7 418 2737 18 8 9 19 0 
242232 1338 1189 497 8 1252 323 4 497 2612 13 5 13 17 0 
242237 1362 1203 482 5 1292 318 7 446 2598 19 6 11 14 0 
242244 1348 1170 486 8 1314 327 5 483 2573 16 3 10 13 0 
242099 1351 1193 433 6 1377 345 4 483 2654 14 8 16 17 0 
242302 1299 1171 433 6 1286 337 6 482 2634 12 9 9 14 0 
242156 1386 1153 472 3 1224 329 4 480 2758 5 7 13 10 0 
