96702 601 570 172 1 477 130 6 240 1078 9 4 4 6 0 
96740 532 596 172 3 519 132 2 218 1060 8 3 8 7 0 
96752 591 551 170 2 490 125 3 213 1088 7 0 6 1 1 
96772 539 594 163 1 458 127 0 230 1099 7 4 3 3 0 
96842 562 577 145 4 502 103 2 201 1042 6 2 4 7 1 
96753 570 563 145 4 560 115 1 228 1043 4 5 5 4 0 
96744 570 553 141 3 486 142 6 239 1096 6 6 4 4 0 
96690 581 625 180 4 463 137 3 232 1063 8 2 8 4 0 
96773 572 563 140 4 515 131 1 225 1055 5 3 7 6 0 
96709 557 610 165 3 487 136 2 237 1077 4 2 5 6 0 
96662 574 549 157 2 516 141 0 248 1129 6 3 6 7 0 
96739 523 607 152 4 444 145 1 248 1107 7 3 10 10 0 
96778 514 591 167 5 471 132 4 226 1089 11 2 6 4 0 
96773 528 578 138 7 485 135 2 240 1096 4 6 5 3 0 
96803 530 578 139 4 498 128 5 226 1067 7 3 7 5 0 
96774 568 649 133 1 479 135 5 219 1009 11 5 7 5 0 
96771 559 561 171 3 501 143 2 238 1036 6 1 5 3 0 
96795 578 584 153 2 473 137 4 229 1020 9 7 5 4 0 
96854 560 557 129 4 473 142 1 194 1071 5 2 4 4 0 
96792 526 599 169 1 443 137 4 239 1061 11 2 4 12 0 
96856 547 581 141 2 501 125 4 222 1000 11 4 4 2 0 
96660 613 597 161 7 528 118 3 223 1073 3 5 2 7 0 
96701 529 594 154 5 506 147 5 242 1102 4 1 7 3 0 
96793 577 579 138 2 505 120 3 227 1036 3 5 6 6 0 
96777 500 589 152 2 492 142 3 237 1086 6 0 7 7 0 
96784 546 534 142 5 520 123 2 240 1081 12 2 4 5 0 
96789 511 570 152 4 511 137 1 234 1074 6 4 4 3 0 
96729 575 603 144 2 493 116 3 220 1100 2 3 7 3 0 
96725 549 603 161 3 498 145 3 220 1074 9 2 1 7 0 
96689 580 570 158 2 517 138 4 250 1074 3 1 8 5 1 
96765 582 552 176 3 522 152 3 232 998 6 5 1 3 0 
96768 549 577 155 1 502 124 5 224 1072 4 5 8 6 0 
96807 538 565 159 4 500 130 2 240 1043 5 2 2 3 0 
96771 572 596 130 3 500 136 3 220 1053 5 4 3 4 0 
96804 561 585 154 2 462 154 0 212 1056 6 2 2 0 0 
96691 535 625 155 6 503 135 2 235 1089 8 4 4 8 0 
96713 582 605 145 3 483 128 2 203 1115 7 2 5 7 0 
96799 554 559 157 4 529 130 3 213 1040 2 3 6 1 0 
96716 605 589 157 1 466 148 1 214 1079 3 5 9 7 0 
96719 575 602 149 4 487 128 4 221 1096 6 3 2 4 0 
96766 605 556 149 4 500 121 3 211 1064 8 3 7 3 0 
96764 557 595 158 2 502 125 2 229 1046 5 2 6 7 0 
96827 573 561 138 1 456 132 2 217 1072 3 3 9 6 0 
96620 599 573 175 1 480 141 4 234 1137 10 7 13 6 0 
96750 548 607 140 3 473 130 2 230 1100 4 1 9 3 0 
96789 600 590 149 2 471 133 2 201 1041 7 4 3 8 0 
96781 582 595 144 2 508 121 3 232 1018 3 3 4 4 0 
96734 531 585 164 3 507 127 3 233 1091 7 3 8 4 0 
96765 561 595 141 2 489 143 2 207 1075 9 4 2 5 0 
96771 536 533 172 5 510 154 4 226 1069 5 1 10 4 0 
96759 535 595 151 5 499 126 3 234 1078 2 5 3 5 0 
96673 611 604 166 4 530 113 3 220 1057 7 5 4 3 0 
96778 560 574 131 2 495 143 1 245 1056 6 2 4 3 0 
96661 601 566 154 3 477 148 0 256 1111 3 5 7 8 0 
96782 540 598 148 1 507 108 2 234 1062 5 3 7 3 0 
96781 523 598 159 5 512 122 3 214 1067 5 2 5 4 0 
96759 611 564 146 2 479 134 4 243 1038 5 4 9 2 0 
96800 566 559 137 3 487 116 3 212 1091 7 2 12 5 0 
96782 570 602 157 6 472 125 0 249 1012 8 4 8 5 0 
96779 562 546 157 7 492 118 5 226 1091 8 3 1 5 0 
96690 573 591 167 3 478 127 2 206 1139 8 3 3 10 0 
96701 594 596 165 2 504 119 2 214 1080 10 7 4 2 0 
96765 545 597 151 0 478 122 5 205 1106 10 5 2 9 0 
96667 544 608 164 6 540 130 5 225 1089 8 4 8 2 0 
96925 511 575 126 2 480 134 4 230 992 6 2 7 6 0 
96768 603 565 150 4 480 155 3 209 1048 5 4 4 2 0 
96720 599 584 150 4 543 140 6 212 1012 7 5 8 10 0 
96749 547 592 163 3 468 130 2 230 1092 5 5 8 6 0 
96753 567 588 140 2 473 140 4 235 1078 6 3 7 4 0 
96780 597 577 161 3 480 133 2 245 996 7 7 6 5 1 
96866 543 582 130 5 508 117 5 205 1019 6 3 4 7 0 
96751 562 594 173 5 476 129 1 188 1102 4 2 9 4 0 
96743 567 584 171 4 497 141 3 214 1051 6 8 9 2 0 
96831 576 548 150 1 440 139 4 201 1078 10 6 5 11 0 
96854 551 577 143 2 498 122 2 208 1020 7 2 5 9 0 
96823 532 550 139 8 469 139 1 236 1082 12 0 7 2 0 
96712 557 596 157 2 498 139 2 226 1088 12 4 2 5 0 
96698 625 613 145 5 501 129 3 197 1066 8 1 5 4 0 
96799 580 538 163 3 463 137 1 233 1065 5 3 5 5 0 
96816 591 565 154 5 504 134 5 211 996 5 3 6 5 0 
96701 563 609 160 1 496 122 1 224 1109 4 4 3 3 0 
96765 570 610 145 4 481 131 0 236 1044 5 4 3 2 0 
96740 553 601 160 3 469 154 4 225 1071 5 3 8 4 0 
96736 562 599 170 3 509 127 0 223 1048 7 5 4 7 0 
96790 565 578 164 4 487 120 7 242 1024 7 2 5 5 0 
96682 580 617 157 5 525 131 3 233 1035 9 8 10 5 0 
96628 557 623 164 2 510 147 2 210 1133 8 7 7 2 0 
96705 587 540 145 2 539 137 3 251 1075 4 2 4 6 0 
96816 544 586 148 8 533 109 3 248 983 6 9 4 3 0 
96794 541 578 150 3 511 124 2 227 1058 4 2 4 2 0 
96770 559 622 155 3 487 128 4 236 1018 8 1 4 5 0 
96715 553 597 162 7 488 134 3 219 1091 12 4 8 7 0 
96675 567 582 171 4 530 135 5 213 1092 10 6 5 5 0 
96701 577 585 134 1 496 112 0 257 1115 8 5 6 3 0 
96757 574 543 160 6 480 121 0 267 1075 5 4 5 3 0 
96841 511 580 162 4 505 133 2 211 1030 4 5 8 4 0 
96616 582 633 179 3 486 137 2 245 1099 8 4 3 3 0 
96719 573 586 162 1 542 142 3 223 1028 8 4 5 4 0 
96730 571 608 159 4 463 114 2 252 1073 5 6 8 5 0 
96770 600 571 143 3 507 138 4 221 1020 7 0 8 8 0 
96813 558 561 154 4 510 130 4 222 1026 9 2 2 5 0 
96710 552 601 154 3 507 125 4 227 1094 8 1 9 5 0 
96703 582 591 160 2 460 138 0 196 1150 6 2 7 3 0 
96801 540 563 170 1 498 139 3 227 1041 8 1 3 5 0 
96759 563 564 156 0 512 130 2 215 1081 6 1 7 4 0 
96737 609 608 148 0 496 125 4 228 1027 8 5 4 1 0 
96735 549 588 146 2 517 130 1 238 1063 12 3 9 7 0 
96726 581 621 173 3 468 128 6 231 1046 7 2 3 4 1 
96756 590 583 153 3 466 112 2 202 1112 5 4 6 6 0 
96816 511 627 142 3 479 130 4 194 1059 9 8 9 9 0 
96745 558 542 150 4 510 127 4 250 1089 7 5 5 4 0 
96808 537 584 132 2 486 131 2 225 1073 4 5 4 7 0 
96788 572 536 158 5 497 140 3 216 1066 10 0 5 4 0 
96689 596 590 153 1 509 137 1 196 1115 3 3 2 5 0 
96718 593 581 138 5 528 131 2 229 1050 5 5 9 5 1 
96843 536 549 163 3 519 125 4 218 1010 7 9 9 5 0 
96754 533 597 153 2 512 115 1 221 1098 1 4 4 5 0 
96737 597 573 163 3 490 138 3 233 1047 7 6 0 3 0 
96702 576 628 152 3 484 136 1 215 1085 8 1 5 4 0 
96757 586 585 169 2 480 108 1 223 1067 7 4 6 5 0 
96835 532 579 156 4 488 115 2 227 1038 7 1 11 5 0 
96867 578 564 150 1 457 115 2 213 1032 4 3 8 6 0 
96599 613 609 148 4 514 157 4 226 1108 5 1 5 7 0 
96787 555 568 175 0 453 128 3 228 1079 6 3 5 10 0 
96744 592 555 161 4 464 133 4 259 1066 4 6 6 2 0 
96633 610 591 158 0 508 122 0 250 1108 4 4 6 6 0 
96764 561 566 142 2 474 140 3 247 1077 7 3 11 3 0 
96753 568 596 157 4 488 115 3 233 1062 8 5 4 4 0 
96781 585 597 141 5 520 115 1 221 1020 6 2 1 5 0 
96736 569 580 172 2 533 106 0 222 1062 8 3 3 4 0 
96886 532 586 144 0 499 115 3 221 986 10 3 7 8 0 
96765 518 622 143 1 509 125 3 231 1057 7 6 10 3 0 
96707 574 609 150 0 501 142 0 236 1060 9 1 2 8 1 
96766 571 579 160 2 489 112 5 213 1089 7 1 1 5 0 
96750 537 585 178 3 492 143 1 232 1066 5 3 3 2 0 
96760 556 574 177 5 479 155 2 202 1063 8 3 11 5 0 
96833 567 578 152 1 465 127 3 217 1031 12 4 3 7 0 
96751 539 564 150 5 508 134 4 246 1070 10 4 7 8 0 
96717 562 580 142 5 478 127 3 260 1109 4 3 3 6 1 
96732 557 562 166 2 521 129 5 219 1081 11 5 5 5 0 
96707 568 633 151 3 504 119 3 235 1060 6 1 6 4 0 
96770 536 602 164 2 480 126 4 240 1047 14 2 6 7 0 
96669 600 590 174 4 524 143 3 216 1055 9 2 7 4 0 
96791 556 580 130 3 459 113 3 222 1126 2 1 7 7 0 
96687 572 593 151 3 542 127 2 231 1070 10 5 4 3 0 
96818 545 593 176 4 481 129 2 204 1033 4 0 6 5 0 
96862 538 546 157 4 504 121 3 214 1030 8 5 5 3 0 
96744 557 602 139 7 489 139 1 232 1071 3 2 8 6 0 
96687 570 607 159 6 533 135 2 222 1064 2 3 8 2 0 
96722 551 631 151 5 497 132 6 239 1040 11 1 8 6 0 
96889 551 581 146 4 501 131 5 201 966 7 1 9 8 0 
96879 561 597 146 9 449 114 1 210 1007 9 5 8 5 0 
96630 584 630 181 7 523 141 5 210 1063 7 4 7 8 0 
96700 563 626 156 2 503 118 2 234 1078 5 3 6 4 0 
96719 536 622 155 6 511 118 0 222 1091 2 6 7 5 0 
96811 560 576 135 2 499 150 6 234 1009 5 2 2 9 0 
96790 555 573 152 2 497 125 2 226 1057 5 9 4 3 0 
96728 536 594 151 1 506 135 2 249 1078 8 2 6 4 0 
96757 581 570 145 2 491 129 5 210 1091 6 5 2 6 0 
96762 588 602 167 2 469 124 3 240 1030 3 1 6 3 0 
96749 563 590 166 4 496 120 6 226 1059 6 5 6 4 0 
96743 575 604 138 3 475 142 2 198 1100 6 3 8 3 0 
96711 573 599 154 3 492 145 5 227 1061 9 4 9 8 0 
96668 610 593 166 4 535 139 1 224 1039 9 3 4 5 0 
96791 560 584 158 5 510 136 5 228 1000 12 3 6 2 0 
96807 566 572 163 4 481 117 2 208 1061 8 3 3 5 0 
96766 567 628 142 4 457 135 0 223 1058 8 3 5 4 0 
96864 530 580 139 0 469 112 4 227 1053 5 2 9 6 0 
96792 586 594 150 6 506 147 0 206 989 5 7 4 8 0 
96869 543 616 158 5 481 136 1 195 980 1 2 7 6 0 
96764 582 562 172 4 528 120 4 208 1038 4 5 5 4 0 
96776 554 600 156 3 493 108 3 217 1067 9 3 7 4 0 
96842 510 583 148 2 497 102 2 237 1055 6 5 8 3 0 
96772 566 558 145 2 530 109 5 224 1069 6 2 5 6 1 
96693 596 625 147 4 501 137 1 241 1032 4 4 8 7 0 
96779 542 610 152 5 488 123 4 233 1030 13 3 8 9 1 
96677 618 594 163 5 476 138 4 262 1040 8 2 8 5 0 
96680 613 605 142 2 497 113 2 219 1105 4 4 5 9 0 
96831 552 539 145 3 515 104 4 247 1044 6 0 6 4 0 
96696 593 596 146 6 493 120 0 255 1077 2 7 6 3 0 
96631 593 624 150 4 527 137 1 246 1068 8 3 3 5 0 
96844 536 586 146 3 461 138 2 223 1045 6 0 3 7 0 
96676 567 611 168 2 537 123 3 222 1073 6 3 7 2 0 
96731 543 659 139 4 486 129 1 220 1070 6 5 5 2 0 
96749 588 588 143 4 490 152 2 229 1039 5 2 4 5 0 
96844 552 569 160 8 439 134 3 229 1042 11 1 4 4 0 
96699 547 622 169 3 500 136 2 237 1064 8 3 6 4 0 
96670 573 638 162 1 522 143 1 239 1030 3 4 7 7 0 
96760 519 606 180 2 496 117 6 225 1064 8 2 12 3 0 
96746 570 564 162 2 511 125 3 223 1065 6 8 4 11 0 
96863 548 596 144 5 471 133 4 213 1002 4 4 7 6 0 
96817 537 562 140 2 525 140 3 201 1052 6 6 8 1 0 
96799 541 575 131 2 502 130 1 235 1060 9 2 8 5 0 
96753 531 572 149 1 542 136 2 235 1054 10 3 7 5 0 
96803 570 547 148 3 493 146 2 216 1057 6 3 3 3 0 
96802 532 545 152 4 507 108 2 243 1083 8 4 5 5 0 
96770 550 570 147 3 521 137 2 230 1052 3 5 4 6 0 
96768 558 607 161 1 470 118 2 221 1073 9 3 6 3 0 
96735 548 608 164 5 507 130 2 219 1056 6 6 8 6 0 
96669 587 615 167 5 543 126 2 231 1036 8 1 4 6 0 
96686 559 632 143 4 527 148 1 217 1059 6 5 7 6 0 
96745 502 611 149 5 503 117 1 241 1098 9 6 9 4 0 
96758 583 605 150 5 477 129 1 246 1022 9 3 7 5 0 
96825 540 587 176 8 459 109 4 225 1048 10 1 3 5 0 
96832 511 583 136 3 491 129 2 220 1071 5 6 7 4 0 
96736 565 575 166 5 478 129 3 253 1056 10 5 9 10 0 
96718 532 605 153 1 527 133 0 247 1069 5 3 4 3 0 
96782 570 566 159 2 489 128 4 222 1054 11 6 6 1 0 
96776 561 608 154 1 505 117 8 208 1035 9 4 2 12 0 
96728 589 594 128 2 502 140 6 229 1067 3 3 6 3 0 
96774 572 596 154 2 497 126 1 236 1018 11 5 4 4 0 
96769 538 569 162 3 505 117 2 226 1087 11 3 3 5 0 
96694 574 618 153 2 483 133 3 226 1088 5 6 8 7 0 
96769 559 547 139 1 528 128 4 238 1074 4 1 4 4 0 
96839 494 577 157 5 491 133 3 219 1068 4 2 3 5 0 
96720 580 576 130 6 499 135 3 241 1089 7 4 5 5 0 
96781 560 572 165 2 506 124 0 202 1058 11 4 8 7 0 
96814 574 552 133 2 503 135 3 229 1040 6 1 4 4 0 
96770 549 610 127 3 490 138 0 228 1061 8 7 4 5 0 
96714 586 601 141 7 502 137 2 199 1083 9 5 7 7 0 
96785 587 539 160 4 508 120 4 232 1039 8 8 2 4 0 
96862 572 522 154 4 456 154 2 204 1053 6 4 3 4 0 
96649 533 623 154 6 507 142 3 261 1105 5 4 3 5 0 
96725 570 607 154 4 494 122 2 236 1060 7 6 5 8 0 
96746 561 565 168 2 528 133 2 229 1049 3 1 5 8 0 
96722 554 578 163 2 488 143 4 235 1085 11 4 5 6 0 
96795 580 548 151 1 466 125 4 231 1072 6 4 12 5 0 
96751 580 574 178 2 502 124 2 243 1023 5 4 6 6 0 
96753 566 626 164 4 486 112 2 223 1050 4 1 4 5 0 
96725 587 577 158 3 476 129 2 216 1103 6 7 8 3 0 
96725 558 599 147 5 467 146 3 227 1099 4 4 6 10 0 
96809 581 566 151 5 499 142 2 181 1046 7 3 3 5 0 
96821 565 537 150 4 493 133 2 205 1075 4 5 4 2 0 
96691 604 615 144 2 478 128 2 229 1093 7 3 2 2 0 
96781 538 574 159 5 498 124 7 218 1071 11 3 5 6 0 
96732 573 572 152 2 507 138 2 230 1080 6 2 2 2 0 
96680 540 631 169 2 493 116 4 253 1097 4 3 4 4 0 
96777 556 558 142 3 502 142 2 207 1089 6 1 8 7 0 
96768 545 584 162 3 495 114 4 216 1088 7 4 4 6 0 
96753 572 603 158 1 490 127 4 207 1063 7 4 5 6 0 
96752 537 613 158 4 475 128 2 221 1096 4 4 3 3 0 
96768 547 615 165 2 473 143 3 210 1054 4 5 2 9 0 
96833 501 563 148 3 541 121 3 202 1063 5 5 8 4 0 
96855 572 576 151 3 453 124 3 213 1031 3 6 7 3 0 
96746 567 575 144 7 455 134 2 245 1102 8 4 6 5 0 
96772 564 544 160 2 525 127 0 214 1069 8 5 6 4 0 
96700 552 608 142 6 498 136 2 241 1092 6 3 9 5 0 
96808 544 600 139 2 534 120 2 191 1044 5 1 5 5 0 
96696 558 639 161 3 490 120 7 215 1089 9 4 6 3 0 
96733 557 617 145 2 496 127 4 190 1109 4 5 7 4 0 
96680 600 598 154 10 527 126 4 250 1032 8 4 3 4 0 
96739 548 593 145 5 505 145 4 239 1053 6 7 8 3 0 
96709 551 624 162 5 485 138 3 224 1080 5 1 7 6 0 
96735 590 588 169 5 470 137 2 219 1058 7 3 11 6 0 
96799 582 556 158 3 492 131 5 200 1060 2 5 4 3 0 
96737 547 608 139 7 507 123 1 212 1091 5 6 13 4 0 
96797 554 595 141 3 476 134 3 236 1041 9 0 6 5 0 
96745 572 580 128 5 517 149 0 228 1055 6 3 6 6 0 
96835 553 552 140 3 484 122 6 249 1031 6 4 10 5 0 
96742 543 635 148 5 473 123 1 205 1110 5 2 3 5 0 
96787 577 578 168 2 474 113 0 227 1056 8 0 8 2 0 
96791 556 588 165 4 520 97 1 238 1021 8 4 5 2 0 
96714 531 591 157 1 560 125 1 241 1061 5 3 6 4 0 
96732 547 625 130 2 476 146 4 236 1077 6 2 9 8 0 
96705 581 601 161 4 491 128 4 217 1080 9 6 7 6 0 
96719 562 573 148 1 535 136 2 221 1079 10 4 6 4 0 
96669 577 614 165 3 508 113 1 223 1103 10 5 4 5 0 
96731 562 598 137 4 499 141 2 230 1066 12 7 7 4 0 
96868 528 578 145 7 494 135 3 194 1025 9 2 7 5 0 
96816 558 598 164 3 497 142 2 218 982 4 2 6 8 0 
96751 550 605 142 2 486 129 1 212 1093 14 7 7 1 0 
96820 549 574 147 3 473 138 5 242 1027 10 3 5 4 0 
96809 552 609 147 1 495 131 1 234 996 6 5 8 6 0 
96661 601 611 157 3 505 127 2 235 1077 4 4 9 4 0 
96758 604 597 150 7 438 137 2 247 1037 8 2 7 6 0 
96884 548 583 148 1 471 113 4 221 1008 4 1 7 7 0 
96755 535 593 158 1 474 118 1 243 1106 6 1 6 3 0 
96764 553 612 147 3 477 115 0 218 1090 6 3 5 7 0 
96746 563 602 170 5 495 134 5 218 1042 5 6 4 5 0 
96764 570 604 141 1 479 117 1 238 1061 7 5 5 7 0 
96770 538 543 172 3 534 140 1 246 1031 11 3 4 4 0 
96840 525 571 152 4 489 117 0 227 1056 7 5 3 4 0 
96703 562 603 168 6 498 136 2 207 1102 3 3 4 3 0 
96725 562 610 151 3 482 125 1 223 1104 5 3 2 4 0 
96788 515 668 136 4 486 132 2 189 1051 6 8 10 5 0 
96735 567 550 141 2 532 111 1 250 1084 11 6 7 3 0 
96805 530 568 158 1 516 137 2 219 1047 6 3 2 6 0 
96685 555 575 149 6 518 116 2 237 1131 8 1 6 11 0 
96668 592 574 145 4 522 138 6 244 1086 6 2 8 5 0 
96765 597 598 147 5 484 131 4 209 1041 6 2 7 4 0 
96787 592 587 156 3 475 140 8 221 1010 11 5 0 5 0 
96802 484 614 161 3 464 134 4 242 1080 3 2 3 4 0 
96803 623 559 125 2 463 118 5 209 1059 8 8 13 5 0 
96827 547 597 160 5 467 126 3 218 1026 10 2 4 8 0 
96710 584 587 144 1 513 132 5 229 1070 10 2 5 8 0 
96799 576 592 147 4 443 133 3 232 1054 6 2 5 4 0 
96752 586 548 136 5 514 135 0 224 1073 9 7 7 4 0 
96807 538 565 148 2 514 146 2 243 1020 5 2 4 4 0 
96787 529 605 144 3 487 98 1 246 1089 7 1 2 1 0 
96801 562 573 132 1 474 159 4 215 1050 9 6 7 7 0 
96791 558 624 159 1 485 130 2 241 997 5 1 4 2 0 
96877 540 587 152 6 471 122 1 206 1019 6 4 7 2 0 
96713 517 593 155 3 516 152 2 239 1091 6 1 4 7 1 
96858 533 533 139 5 500 120 5 211 1077 11 3 0 5 0 
96754 583 602 146 3 514 145 3 226 999 10 1 8 6 0 
96713 538 612 172 3 473 124 2 258 1088 9 1 5 2 0 
96759 548 562 153 0 498 141 3 223 1095 6 2 7 3 0 
96740 578 618 155 5 511 110 5 226 1036 5 4 3 4 0 
96832 523 573 161 1 473 122 2 224 1070 4 8 2 5 0 
96695 541 583 170 2 472 140 3 230 1145 6 4 8 1 0 
96785 578 572 136 6 496 129 1 225 1046 14 0 7 5 0 
96781 574 590 144 2 496 130 4 255 1004 4 2 7 7 0 
96745 629 585 135 3 511 132 1 224 1008 5 2 14 6 0 
96741 551 606 147 1 499 148 0 220 1068 10 2 3 4 0 
96787 534 594 148 4 506 107 1 220 1084 3 1 4 7 0 
96696 571 604 165 3 498 114 7 226 1100 4 2 4 6 0 
96781 573 584 147 4 474 131 2 229 1056 11 1 6 1 0 
96832 595 526 126 4 503 128 1 221 1045 7 1 5 6 0 
96749 566 609 143 5 472 113 3 240 1079 6 2 6 7 0 
96732 559 600 125 5 511 106 5 245 1084 6 4 11 7 0 
96854 528 583 169 2 484 116 5 232 1000 11 2 6 8 0 
96769 547 586 169 2 494 131 4 251 1026 6 2 10 3 0 
96795 549 600 143 2 462 146 2 213 1071 4 2 5 5 1 
96745 583 573 155 0 495 122 5 239 1067 6 3 3 4 0 
96682 549 608 150 6 530 131 5 209 1103 10 1 6 10 0 
96752 528 617 198 4 448 117 2 235 1076 5 3 11 4 0 
96750 593 572 141 4 487 113 1 230 1085 7 3 4 10 0 
96739 561 613 168 7 501 134 5 221 1039 3 3 3 3 0 
96686 581 589 161 6 514 118 1 220 1109 6 2 4 3 0 
96680 561 635 151 2 523 117 3 209 1088 7 4 13 7 0 
96771 549 577 157 2 473 121 3 249 1072 9 2 6 9 0 
96794 545 596 164 3 485 102 0 251 1048 3 0 8 1 0 
96800 539 599 149 6 477 126 1 219 1064 11 2 3 4 0 
96854 536 616 152 4 456 130 5 201 1036 2 2 3 3 0 
96825 570 563 144 3 510 132 2 196 1041 3 5 4 2 0 
96755 541 632 133 2 490 124 5 234 1063 5 12 1 3 0 
96713 584 576 145 1 518 143 4 241 1051 7 5 7 5 0 
96796 560 564 144 4 509 124 4 224 1055 8 1 3 4 0 
96780 554 581 156 1 468 126 2 259 1056 5 2 5 5 0 
96754 582 583 125 1 502 124 2 224 1082 6 4 7 4 0 
96751 539 601 150 3 540 154 3 235 1006 5 2 4 7 0 
96669 577 595 157 4 509 150 4 245 1071 7 3 5 4 0 
96868 533 602 138 2 482 130 1 227 992 7 8 3 7 0 
96827 580 588 128 1 471 133 2 225 1033 3 2 4 3 0 
96782 531 581 161 2 505 146 0 254 1011 16 3 4 4 0 
96751 551 612 162 3 469 123 3 205 1103 7 3 4 4 0 
96764 576 573 160 3 503 134 3 221 1044 7 2 4 6 0 
96678 547 647 138 2 505 121 2 223 1112 7 1 10 7 0 
96727 569 570 179 0 520 125 3 236 1048 7 5 5 5 1 
96717 598 556 165 4 520 141 1 219 1056 8 6 6 3 0 
96763 566 546 162 3 517 123 2 220 1082 6 4 3 3 0 
96765 547 574 159 3 501 127 1 214 1090 7 5 2 5 0 
96715 585 595 148 4 487 138 1 234 1072 2 7 6 6 0 
96831 527 598 132 3 500 123 3 234 1036 7 1 4 1 0 
96731 517 607 142 5 511 136 2 206 1119 7 3 11 3 0 
96771 560 581 146 2 473 133 1 240 1075 3 4 3 7 1 
96852 533 608 136 3 496 131 3 203 1019 4 3 5 4 0 
96741 562 625 157 5 487 126 2 225 1041 10 5 9 5 0 
96807 557 576 173 4 533 122 2 203 1003 5 3 6 6 0 
96713 548 620 131 5 519 124 2 218 1100 6 5 4 5 0 
96821 565 583 149 1 468 104 2 209 1080 7 1 5 5 0 
96794 536 604 134 4 480 112 2 241 1074 8 4 2 5 0 
96791 592 609 149 4 456 133 2 216 1029 8 2 6 3 0 
96661 573 636 171 2 511 158 4 202 1068 3 1 4 6 0 
96818 537 570 156 2 458 132 3 227 1079 7 3 6 2 0 
96795 585 589 158 4 490 123 2 223 1013 9 3 4 2 0 
96873 553 542 148 1 482 130 4 225 1022 5 2 6 7 0 
96687 582 610 157 3 497 120 6 235 1088 3 7 3 2 0 
96710 533 590 149 4 479 146 0 233 1124 9 4 10 9 0 
96720 536 616 146 6 475 127 7 221 1129 9 3 1 4 0 
96687 590 617 167 1 507 143 2 229 1040 2 5 8 2 0 
96772 586 568 147 2 534 118 0 220 1039 4 1 4 5 0 
96765 565 607 145 4 485 133 8 237 1030 5 4 5 7 0 
96714 524 549 159 5 520 119 1 234 1147 11 5 4 8 0 
96852 529 594 165 1 472 114 1 214 1036 7 5 6 4 0 
96834 574 548 168 3 462 111 5 202 1071 4 4 7 7 0 
96752 536 631 153 5 510 139 2 192 1062 5 1 8 4 0 
96671 588 605 153 2 517 133 3 233 1074 7 2 1 11 0 
96761 559 590 159 3 491 132 1 205 1076 6 5 7 5 0 
96671 551 609 159 2 538 134 3 227 1085 5 3 7 6 0 
96746 544 573 163 3 499 148 3 224 1080 8 2 5 2 0 
96706 560 609 170 2 475 127 3 249 1085 7 1 5 1 0 
96832 591 533 181 0 518 116 4 194 1009 6 4 5 7 0 
96748 582 595 146 2 486 134 2 219 1062 9 2 3 10 0 
96839 578 535 125 6 484 126 3 237 1040 7 3 10 7 0 
96825 569 567 141 0 459 112 3 210 1088 12 4 5 5 0 
96743 587 595 158 4 481 125 6 221 1047 9 7 8 9 0 
96763 567 583 167 1 454 117 4 234 1088 3 6 8 4 1 
96758 604 593 166 2 475 122 4 208 1045 4 2 11 6 0 
96809 543 562 138 6 511 130 5 221 1060 6 1 4 4 0 
96840 536 612 158 7 455 140 2 199 1039 3 2 4 3 0 
96793 567 580 137 6 478 123 3 227 1066 6 3 6 5 0 
96806 557 637 140 3 447 118 2 231 1045 6 0 4 4 0 
96815 527 579 157 6 505 128 1 212 1046 5 8 6 5 0 
96749 530 583 135 4 526 143 4 193 1109 6 4 9 5 0 
96802 584 566 143 3 469 123 1 235 1058 5 2 5 4 0 
96691 593 563 166 4 508 125 1 229 1095 9 5 4 7 0 
96633 567 619 176 5 489 123 2 248 1108 10 2 8 10 0 
96795 592 625 150 3 486 146 4 214 954 10 3 12 6 0 
96831 586 559 170 1 457 126 5 208 1039 10 3 1 4 0 
96769 590 579 157 4 495 119 4 224 1033 9 2 9 6 0 
96797 524 548 154 1 470 109 5 245 1128 6 2 5 5 1 
96728 559 569 145 6 518 132 3 239 1071 11 3 8 8 0 
96719 558 599 159 4 471 153 2 233 1079 8 4 4 7 0 
96738 542 601 172 6 467 123 6 240 1084 9 2 7 3 0 
96787 581 560 136 2 525 141 1 237 1007 9 4 4 6 0 
96710 579 578 153 3 488 145 1 230 1098 4 3 6 2 0 
96811 539 616 149 4 477 135 3 212 1034 8 4 4 4 0 
96757 551 602 133 1 526 135 1 214 1060 5 1 9 5 0 
96687 561 621 138 0 491 132 1 218 1129 4 5 8 5 0 
96867 514 586 145 2 484 128 1 218 1037 6 4 2 6 0 
96726 555 640 156 4 474 117 6 214 1085 7 4 4 8 0 
96812 550 558 148 1 454 139 1 221 1087 7 5 8 9 0 
96750 573 569 146 5 491 125 3 231 1086 6 1 8 6 0 
96782 558 622 121 1 491 132 1 222 1053 7 2 2 6 0 
96784 572 572 132 2 482 115 3 198 1121 7 4 2 5 1 
96791 567 581 158 3 471 128 3 228 1045 4 8 10 3 0 
96803 553 565 150 4 482 117 1 199 1107 5 3 9 2 0 
96767 576 603 153 1 439 139 5 208 1089 7 3 7 3 0 
96811 551 599 148 2 474 141 3 219 1034 8 0 4 6 0 
96672 547 613 175 5 531 146 2 248 1043 9 1 4 4 0 
96668 573 620 153 2 498 137 5 234 1090 5 2 9 4 0 
96758 566 604 164 3 483 122 3 209 1068 7 5 5 3 0 
96708 531 576 135 4 523 137 3 264 1100 7 3 7 2 0 
96709 563 596 165 2 516 145 4 243 1031 6 6 5 9 0 
96704 551 600 146 2 501 130 2 256 1088 7 2 6 5 0 
96692 577 582 168 3 526 126 3 234 1070 7 1 6 5 0 
96733 561 581 152 4 478 138 1 245 1085 6 5 6 5 0 
96694 563 588 157 1 503 126 1 222 1120 8 4 6 6 1 
96802 540 571 164 5 468 139 3 215 1069 8 7 5 4 0 
96758 618 555 148 3 507 130 5 214 1039 9 1 9 4 0 
96685 581 603 176 4 469 139 1 217 1114 1 1 6 3 0 
96824 554 582 171 3 476 127 3 234 1010 6 3 3 4 0 
96810 546 571 157 4 480 129 4 228 1056 4 2 5 4 0 
96801 574 597 143 3 477 121 4 192 1069 6 2 7 3 1 
96650 572 590 163 4 541 129 4 234 1084 10 5 7 7 0 
96641 605 593 130 3 499 131 4 242 1117 11 6 10 8 0 
96933 542 521 137 2 441 117 2 245 1040 4 3 7 6 0 
96740 561 564 154 2 502 115 2 233 1109 9 3 4 2 0 
96735 554 584 154 1 525 149 1 235 1041 4 1 12 4 0 
96774 575 593 152 5 449 111 7 256 1064 2 2 4 6 0 
96797 538 614 156 2 483 139 3 231 1018 7 5 4 3 0 
96765 565 619 154 0 516 115 4 226 1016 8 4 3 5 0 
96792 558 610 146 1 476 135 5 208 1054 4 2 7 2 0 
96665 580 608 164 2 522 137 3 215 1084 6 7 5 2 0 
96774 526 583 152 5 532 127 1 229 1050 2 3 11 5 0 
96725 540 600 140 4 542 128 1 236 1066 3 2 9 4 0 
96793 565 594 150 3 462 142 1 217 1055 4 3 2 9 0 
96707 527 572 183 2 527 114 4 198 1148 4 5 4 5 0 
96773 585 574 163 3 479 135 4 200 1062 4 7 9 2 0 
96887 517 537 157 1 479 119 2 208 1070 8 3 4 8 0 
96856 569 562 134 5 503 109 0 224 1013 5 4 10 6 0 
96771 585 550 151 2 502 130 2 219 1066 10 4 6 2 0 
96739 573 609 154 9 526 123 3 241 998 11 1 3 10 0 
96799 578 582 135 3 492 127 0 233 1031 6 4 6 4 0 
96792 569 558 152 4 479 119 3 223 1079 3 2 9 8 0 
96831 563 623 152 2 504 116 3 204 979 9 2 7 5 0 
96728 556 603 170 4 502 117 3 236 1054 9 4 5 9 0 
96734 599 569 157 2 511 111 2 232 1065 2 5 3 8 0 
96621 577 591 156 2 536 137 4 263 1091 4 6 8 4 0 
96777 580 564 143 0 490 131 3 227 1072 4 3 5 1 0 
96736 537 645 153 2 512 131 6 226 1035 5 1 6 5 0 
96727 573 635 155 3 505 105 3 207 1067 3 2 8 7 0 
96799 517 579 165 5 492 128 4 239 1048 8 4 6 6 0 
96732 558 575 169 1 501 123 7 246 1063 8 4 7 6 0 
96711 570 636 146 4 512 140 1 196 1062 5 4 6 7 0 
96643 577 588 166 2 531 142 3 246 1080 8 4 4 6 0 
96715 562 592 171 1 496 124 2 247 1068 7 4 10 1 0 
96845 521 618 147 5 441 122 6 227 1052 1 3 5 7 0 
96763 562 570 162 6 508 135 2 207 1063 5 6 6 5 0 
96816 550 586 150 7 482 126 2 237 1017 5 8 5 9 0 
96804 537 566 174 2 487 105 5 235 1066 6 2 7 4 0 
96757 575 583 147 1 489 121 5 234 1061 10 6 5 6 0 
96792 590 564 136 3 481 146 2 210 1050 6 6 8 6 0 
96721 562 629 154 5 481 128 0 235 1065 4 3 5 8 0 
96709 590 621 153 4 524 132 5 228 1021 4 0 4 5 0 
96765 582 602 148 5 496 139 0 211 1033 4 3 6 6 0 
96804 561 559 143 2 511 127 3 236 1039 3 2 4 6 0 
96692 563 585 166 3 518 145 3 232 1074 7 2 6 4 0 
96844 559 592 121 3 456 122 1 213 1069 9 1 6 4 0 
96765 542 600 158 4 457 131 3 212 1105 10 1 6 6 0 
96757 562 607 148 3 476 128 2 222 1077 7 3 5 3 0 
96736 565 593 148 5 504 131 4 238 1057 3 2 6 8 0 
96686 594 570 170 7 546 125 3 231 1054 4 2 2 6 0 
96694 551 653 156 6 487 112 1 253 1061 9 2 8 7 0 
96777 558 621 126 3 510 136 4 219 1031 3 5 1 6 0 
96787 567 572 152 4 488 119 1 239 1048 6 5 8 4 0 
96763 526 626 153 4 492 127 2 209 1072 6 7 6 7 0 
96767 576 598 158 3 514 127 2 192 1037 11 4 5 6 0 
96676 578 640 150 4 505 130 4 206 1084 5 5 6 7 0 
96840 543 583 142 6 496 115 1 227 1020 11 5 3 7 1 
96736 595 587 144 4 509 108 3 208 1085 8 3 3 7 0 
96708 576 591 177 3 498 133 5 217 1063 7 4 12 6 0 
96744 561 591 156 5 526 133 3 224 1034 9 3 8 3 0 
96738 555 591 164 2 476 128 4 199 1128 5 3 4 3 0 
96698 597 548 135 2 510 107 4 244 1138 6 2 4 5 0 
96856 537 587 155 6 475 119 3 218 1022 9 3 2 8 0 
96760 524 585 141 5 520 136 1 245 1067 5 3 7 1 0 
96782 553 566 152 1 527 137 4 214 1048 4 2 6 4 0 
96777 548 551 146 2 521 118 1 217 1097 5 3 9 4 1 
