96713 557 609 178 2 501 130 2 208 1080 10 2 3 5 0 
96801 533 558 145 3 519 128 3 198 1088 11 3 8 2 0 
96703 536 612 163 2 504 132 7 227 1087 12 1 7 7 0 
96791 585 566 177 2 479 133 5 213 1032 5 3 5 4 0 
96733 552 591 149 0 516 125 3 231 1076 3 3 9 9 0 
96679 516 613 157 5 554 137 3 202 1112 7 3 2 10 0 
96806 506 612 156 3 488 121 3 231 1059 4 1 6 4 0 
96798 599 555 162 1 506 115 1 214 1031 8 5 3 2 0 
96758 586 586 159 4 517 129 3 218 1024 2 3 5 6 0 
96775 557 584 151 4 513 125 4 221 1041 8 5 7 5 0 
96677 538 618 171 1 483 151 4 215 1120 5 4 7 6 0 
96739 549 585 196 0 489 130 1 226 1061 9 3 5 7 0 
96779 517 564 168 3 477 126 3 220 1121 11 3 4 4 0 
96859 556 534 145 3 522 136 2 203 1019 6 4 5 6 0 
96725 535 602 182 5 508 131 4 222 1065 6 4 5 6 0 
96749 527 612 166 6 521 120 2 217 1063 4 4 5 4 0 
96715 557 622 170 4 491 124 1 196 1094 7 4 7 8 0 
96790 491 571 188 3 504 137 0 223 1066 10 2 10 5 0 
96777 537 576 167 1 514 118 7 194 1094 5 3 3 4 0 
96779 538 563 172 6 506 140 1 203 1077 7 1 6 1 0 
96683 541 594 164 6 513 153 3 219 1107 4 5 5 3 0 
96774 554 603 162 0 489 138 4 215 1051 1 3 4 2 0 
96747 516 630 167 4 526 135 1 206 1054 3 2 3 6 0 
96818 518 618 163 7 495 106 5 234 1011 12 5 4 4 0 
96749 566 595 178 1 461 120 1 209 1106 5 2 5 2 0 
96794 572 552 150 0 474 144 3 209 1085 3 3 6 5 0 
96814 511 566 174 1 528 143 2 219 1026 5 3 5 3 0 
96765 517 617 147 4 509 116 1 205 1103 4 3 3 6 0 
96688 589 595 170 5 520 133 3 220 1057 4 5 6 5 0 
96785 546 588 158 3 447 132 0 221 1092 8 6 9 5 0 
96749 564 598 155 5 483 134 0 211 1082 5 8 1 5 0 
96708 553 576 200 2 550 130 1 179 1079 8 6 5 3 0 
96775 509 586 164 2 510 142 3 225 1060 8 5 4 6 1 
96831 554 557 158 1 520 115 2 196 1045 5 1 9 6 0 
96680 578 600 159 3 517 139 2 193 1104 8 4 7 6 0 
96710 590 619 187 1 472 130 0 211 1054 6 2 12 6 0 
96812 574 595 161 2 463 128 3 212 1032 3 6 5 4 0 
96698 587 580 168 4 475 122 3 230 1117 7 1 7 1 0 
96676 557 584 162 3 519 128 4 215 1132 4 5 10 1 0 
96815 523 605 148 5 522 116 3 197 1046 6 2 7 5 0 
96779 554 580 172 2 481 131 3 196 1080 6 4 8 4 0 
96709 538 597 168 2 557 126 0 223 1066 6 1 3 4 0 
96822 530 575 152 3 500 134 3 219 1046 6 5 4 1 0 
96690 557 598 199 1 493 135 7 213 1089 3 3 6 6 0 
96697 551 609 194 5 538 129 4 201 1046 10 5 3 8 0 
96821 556 593 148 4 505 118 1 203 1034 6 3 4 4 0 
96707 547 592 192 2 516 132 2 217 1070 10 1 5 7 0 
96652 570 614 176 4 526 120 2 232 1079 6 4 9 6 0 
96812 567 557 157 1 505 113 2 228 1039 6 1 7 5 0 
96730 537 628 175 5 528 124 5 196 1051 5 7 7 2 0 
96823 548 553 168 2 488 134 3 206 1054 5 4 8 4 0 
96779 541 570 169 2 463 130 2 212 1118 4 3 4 3 0 
96865 512 581 174 2 467 111 2 212 1058 3 5 4 4 0 
96759 538 593 157 5 527 125 0 191 1083 9 2 3 8 0 
96767 575 591 174 0 496 129 4 204 1043 5 3 3 6 0 
96822 535 585 168 3 518 109 3 196 1034 6 7 7 7 0 
96736 545 535 161 4 506 124 1 239 1124 7 5 3 10 0 
96776 546 613 146 4 478 135 4 234 1037 6 7 4 10 0 
96772 533 607 175 1 477 130 1 230 1044 10 4 12 4 0 
96694 610 610 157 2 485 147 2 231 1041 8 1 7 5 0 
96760 536 603 168 2 487 145 0 224 1054 3 4 8 6 0 
96798 518 592 160 2 483 153 3 194 1081 4 2 3 7 0 
96774 549 600 152 0 503 128 1 237 1031 8 5 5 7 0 
96708 558 610 147 2 504 123 2 195 1130 10 2 8 1 0 
96705 573 612 157 2 508 151 4 198 1067 8 3 8 4 0 
96835 553 587 143 1 463 135 1 211 1050 8 4 6 3 0 
96700 564 565 171 5 530 146 1 223 1077 4 3 6 5 0 
96672 547 630 167 5 534 125 1 217 1079 10 1 6 6 0 
96748 609 545 169 7 491 105 5 227 1067 9 5 6 6 1 
96802 553 588 168 4 480 129 3 225 1024 6 7 7 4 0 
96670 579 590 213 4 513 136 3 215 1061 2 3 5 6 0 
96782 564 588 179 5 480 150 5 211 1015 8 5 3 5 0 
96659 567 616 187 4 513 149 1 262 1028 2 3 2 7 0 
96789 576 589 165 2 473 118 2 195 1071 8 4 2 6 0 
96865 538 588 155 4 496 129 1 182 1019 9 2 6 6 0 
96777 541 626 174 3 505 132 2 205 1020 6 2 6 1 0 
96797 526 609 168 3 485 125 4 217 1047 5 2 8 4 0 
96785 553 567 179 2 498 122 3 222 1045 5 7 7 5 0 
96791 530 570 152 3 517 123 4 191 1102 7 2 5 3 0 
96766 542 596 181 4 516 125 3 204 1046 6 2 5 4 0 
96748 551 575 170 5 479 136 2 243 1065 3 7 5 11 0 
96765 535 600 164 3 503 125 3 223 1058 6 2 3 10 0 
96776 530 563 155 1 494 139 3 223 1100 4 6 2 4 0 
96757 574 564 160 3 527 129 2 204 1064 3 3 7 3 0 
96810 537 583 156 1 534 106 3 194 1053 10 0 3 10 0 
96763 533 622 170 1 512 108 2 225 1046 5 4 6 3 0 
96755 578 607 159 5 487 138 3 210 1038 7 2 3 8 0 
96752 569 579 159 3 506 121 2 218 1068 8 3 6 6 0 
96839 527 564 163 5 493 157 3 211 1022 4 3 7 2 0 
96743 548 571 185 2 500 115 4 215 1088 4 7 11 7 0 
96775 559 606 158 1 485 126 3 196 1065 7 5 5 9 0 
96829 565 536 155 2 489 139 7 187 1071 7 5 2 6 0 
96732 593 552 185 4 483 129 1 226 1071 4 3 12 5 0 
96726 573 577 170 6 504 137 1 210 1080 6 1 3 6 0 
96753 555 591 147 2 558 134 1 205 1034 5 5 6 4 0 
96708 564 597 167 5 509 130 0 214 1086 6 4 4 6 0 
96746 557 598 181 5 458 145 4 221 1061 4 3 8 8 1 
96750 533 627 174 1 497 118 1 195 1085 7 3 3 6 0 
96776 555 563 180 2 474 130 2 211 1084 4 4 9 6 0 
96830 532 593 164 2 474 126 1 228 1041 4 1 0 4 0 
96809 529 589 146 3 479 135 2 207 1077 8 6 8 2 0 
96656 538 635 186 4 514 120 6 231 1092 5 1 6 6 0 
96812 514 613 145 2 508 125 2 228 1033 4 2 6 6 0 
96839 529 534 146 2 528 135 1 204 1061 6 10 3 2 0 
96815 523 583 166 4 516 146 3 201 1021 6 2 7 7 0 
96782 544 625 165 2 471 131 2 206 1042 10 4 5 11 0 
96708 546 626 172 2 490 118 3 217 1093 9 3 8 5 0 
96746 570 570 152 4 507 130 3 206 1094 3 3 4 8 0 
96765 569 566 161 2 518 126 1 237 1037 5 3 3 7 0 
96678 551 610 169 4 491 140 1 218 1116 7 5 4 6 0 
96685 581 608 186 2 512 142 1 196 1066 5 3 5 8 0 
96826 548 566 164 5 474 138 2 245 1014 6 3 6 3 0 
96758 555 602 139 4 503 128 4 211 1071 10 2 4 8 1 
96641 546 632 174 5 539 122 2 230 1092 2 4 7 4 0 
96707 580 587 174 4 529 123 3 232 1041 3 3 6 8 0 
96663 549 598 178 4 547 140 6 232 1064 5 2 3 9 0 
96681 583 603 181 4 480 146 2 210 1093 2 2 8 5 0 
96863 576 564 165 1 490 108 3 213 994 7 4 10 2 0 
96737 531 571 154 3 528 140 4 199 1106 9 3 5 10 0 
96828 569 575 148 3 461 116 4 230 1049 3 5 4 5 0 
96780 572 547 161 2 497 136 5 223 1055 5 3 7 7 0 
96792 561 568 169 1 474 158 1 207 1049 5 1 6 8 0 
96677 576 591 165 4 485 145 1 236 1104 8 2 4 2 0 
96688 547 609 172 1 515 146 1 217 1090 3 2 5 4 0 
96802 565 573 163 5 502 127 3 233 998 9 5 5 10 0 
96643 564 586 160 6 521 119 5 243 1127 6 7 8 5 0 
96797 568 577 152 2 467 141 8 196 1062 11 4 4 11 0 
96797 541 592 159 2 532 121 2 210 1020 4 9 6 5 0 
96736 579 589 154 3 484 124 1 203 1114 2 5 5 1 0 
96765 539 606 176 7 465 136 1 208 1079 4 2 6 6 0 
96650 537 674 174 2 513 133 1 207 1076 10 5 13 5 0 
96809 528 602 181 2 488 123 1 217 1030 4 3 8 4 0 
96758 571 575 166 2 499 152 3 213 1047 6 0 5 3 0 
96759 502 618 168 3 531 142 4 185 1060 7 6 9 6 0 
96783 561 566 184 4 497 129 1 197 1059 4 5 4 6 0 
96756 561 592 195 3 515 123 0 220 1012 7 3 5 8 0 
96750 592 587 156 2 540 126 5 205 1010 9 5 9 4 0 
96736 565 585 151 3 507 134 4 209 1087 8 4 4 3 0 
96744 594 601 152 2 482 120 0 217 1072 6 3 2 5 0 
96771 579 605 180 3 476 118 3 214 1028 7 3 9 4 0 
96747 575 574 180 3 492 114 7 207 1082 4 1 8 6 0 
96773 566 584 143 5 502 139 3 195 1068 7 2 7 6 0 
96758 547 573 174 2 549 122 3 205 1053 4 3 2 5 0 
96729 576 595 178 5 520 125 3 202 1046 7 7 3 4 0 
96790 570 585 154 2 480 121 6 212 1060 6 3 5 6 0 
96820 566 630 151 1 487 103 2 195 1019 13 2 3 8 0 
96806 561 579 153 1 467 145 2 211 1058 3 2 6 6 0 
96898 553 562 168 4 454 152 2 195 997 3 4 4 4 0 
96729 526 645 158 6 524 118 3 248 1020 7 2 8 6 0 
96740 600 614 147 2 521 107 0 214 1033 8 0 10 4 0 
96768 571 619 134 5 479 142 6 212 1031 12 6 6 9 0 
96802 507 579 155 4 524 131 1 184 1089 8 6 5 5 0 
96710 564 598 166 0 538 138 1 222 1046 6 1 5 4 1 
96749 571 566 193 0 502 126 1 230 1045 6 2 5 4 0 
96795 526 594 159 2 502 101 4 182 1114 5 5 4 7 0 
96821 535 576 175 6 504 130 1 233 990 4 5 8 12 0 
96740 511 636 177 1 512 131 2 204 1062 12 1 6 5 0 
96776 537 572 147 3 522 148 1 214 1060 5 5 6 4 0 
96678 544 565 172 3 502 142 3 242 1130 6 3 2 8 0 
96746 550 584 162 2 499 132 1 231 1074 6 2 4 7 0 
96758 544 586 188 2 496 127 1 214 1065 5 3 5 6 0 
96807 531 603 164 2 463 119 2 217 1072 4 1 9 6 0 
96779 540 593 160 6 522 112 4 211 1043 14 6 7 3 0 
96796 522 589 163 5 525 122 2 216 1036 9 7 6 2 0 
96716 580 619 183 4 498 129 1 231 1018 4 2 10 5 0 
96632 584 619 178 3 527 125 5 224 1082 7 2 7 5 0 
96793 570 640 155 3 483 130 0 193 1011 6 3 6 7 0 
96837 590 553 163 4 479 113 3 197 1041 5 4 4 7 0 
96736 532 580 147 3 511 144 4 230 1092 6 2 4 9 0 
96725 582 600 166 3 506 127 2 197 1064 12 3 5 8 0 
96728 536 614 167 8 529 149 2 195 1046 7 5 5 8 1 
96778 565 578 177 6 509 108 5 212 1040 4 3 7 8 0 
96721 563 581 153 4 493 135 2 224 1093 9 12 3 7 0 
96796 548 564 182 3 495 142 1 210 1036 7 3 7 6 0 
96691 552 594 159 3 506 140 6 204 1129 6 4 5 1 0 
96827 514 604 159 1 472 137 0 230 1042 1 2 7 4 0 
96689 556 622 159 4 503 127 2 218 1097 5 4 11 3 0 
96796 523 619 175 1 489 125 2 244 999 9 3 8 7 0 
96715 578 553 162 3 537 143 3 214 1074 3 4 6 5 0 
96842 550 578 159 0 461 132 1 192 1065 8 4 3 5 0 
96682 588 561 177 3 515 132 3 213 1114 2 0 4 6 0 
96690 589 575 166 5 516 133 4 218 1082 6 3 10 3 0 
96788 591 567 174 6 519 133 1 204 996 8 1 7 5 0 
96841 525 552 176 5 523 133 1 200 1027 3 3 6 5 0 
96736 550 576 146 3 546 118 6 239 1058 10 1 5 6 0 
96775 544 584 180 1 476 126 1 225 1064 7 0 8 9 0 
96741 583 598 154 4 492 132 2 195 1073 10 3 7 5 1 
96788 556 600 156 3 476 129 2 222 1048 8 2 4 6 0 
96926 516 547 164 1 473 122 1 215 1016 7 3 4 5 0 
96756 553 594 162 3 485 114 2 239 1062 10 4 8 8 0 
96772 501 583 153 4 536 142 5 212 1074 5 5 4 4 0 
96802 563 595 165 1 471 102 2 223 1060 4 3 5 4 0 
96671 605 604 155 3 516 134 2 217 1076 10 1 4 2 0 
96761 551 556 191 0 510 131 1 218 1059 5 6 5 6 0 
96688 528 578 168 4 507 149 6 243 1104 11 4 4 6 0 
96853 520 535 176 1 491 130 3 221 1050 3 3 8 6 0 
96860 533 583 160 6 485 129 4 188 1024 3 5 7 13 0 
96790 536 559 174 3 535 136 3 216 1036 5 0 5 2 0 
96720 557 593 187 6 502 133 2 212 1074 4 4 5 1 0 
96823 536 557 157 4 519 110 2 200 1069 6 3 7 7 0 
96686 586 620 177 4 489 140 3 234 1039 4 4 4 10 0 
96763 567 566 186 1 483 129 4 205 1073 3 7 6 6 1 
96862 540 564 162 2 479 132 5 191 1037 9 2 6 9 0 
96678 564 612 151 1 506 127 1 219 1117 8 5 6 5 0 
96799 566 563 159 3 513 126 4 198 1053 8 1 5 2 0 
96748 551 588 156 3 492 151 2 195 1094 10 2 6 2 0 
96740 540 622 169 1 510 114 1 223 1059 8 3 5 5 0 
96696 561 587 165 2 536 126 2 202 1107 8 2 3 3 0 
96750 555 571 163 8 528 124 3 250 1030 8 3 4 3 0 
96691 545 637 192 1 535 135 2 209 1024 10 3 7 9 0 
96762 540 599 157 2 480 142 4 229 1057 9 5 9 5 0 
96768 556 573 151 3 533 137 4 192 1064 4 6 3 6 0 
96730 559 599 179 3 508 127 2 214 1059 8 4 5 3 0 
96800 546 602 148 2 524 118 6 210 1016 11 6 6 5 0 
96762 546 615 165 6 514 119 1 200 1043 4 8 10 7 0 
96709 599 631 174 1 501 126 2 188 1057 2 3 5 2 0 
96631 522 604 175 2 528 150 3 209 1160 9 2 3 2 0 
96739 570 569 180 2 498 141 1 216 1067 9 0 5 3 0 
96743 550 612 155 3 544 121 3 208 1040 8 2 6 5 0 
96722 579 645 156 4 529 122 2 204 1018 6 4 4 5 0 
96710 587 588 162 3 507 138 4 222 1066 2 2 6 3 0 
96693 515 640 149 0 515 163 3 221 1079 5 4 8 5 0 
96756 576 579 163 1 504 121 3 225 1055 7 2 4 4 0 
96815 584 553 139 6 491 128 5 230 1026 4 7 7 5 0 
96801 551 593 181 2 488 121 2 216 1020 9 4 5 7 0 
96665 583 624 156 0 541 131 3 196 1083 8 1 7 2 0 
96745 577 601 164 1 491 127 4 231 1035 5 5 7 7 0 
96676 530 625 147 3 529 140 5 224 1095 9 4 9 4 0 
96814 526 577 170 2 529 126 4 218 1016 3 2 6 7 0 
96671 577 590 154 1 491 156 4 212 1126 6 4 5 3 0 
96804 551 553 181 3 516 123 1 222 1015 9 5 11 6 0 
96835 515 575 171 1 488 137 0 199 1062 5 4 3 5 0 
96788 557 579 183 4 487 128 2 207 1046 7 2 3 7 0 
96750 574 592 179 7 485 133 3 217 1037 9 2 3 9 0 
96846 559 586 160 4 467 133 2 223 1001 6 3 8 2 0 
96767 552 592 176 1 486 134 5 208 1054 9 5 6 5 0 
96787 548 605 158 1 508 113 1 190 1068 4 2 8 6 1 
96706 548 613 178 5 512 132 3 219 1060 5 4 6 9 0 
96799 526 571 166 2 514 143 1 229 1027 5 4 5 8 0 
96769 517 621 170 4 501 144 5 218 1027 9 6 2 7 0 
96752 579 619 168 2 497 127 3 210 1016 2 8 12 5 0 
96793 490 580 144 3 493 131 4 214 1128 6 8 4 2 0 
96687 578 629 161 4 492 144 2 237 1046 5 5 7 3 0 
96689 569 611 172 4 521 141 2 215 1062 5 3 3 3 0 
96665 530 619 166 2 548 140 3 237 1067 10 1 9 3 0 
96726 556 610 135 1 511 132 3 240 1066 4 3 4 9 0 
96847 545 545 168 0 490 127 3 229 1029 3 2 7 5 0 
96805 563 573 152 4 481 140 3 220 1039 2 4 6 8 0 
96789 556 587 178 3 505 114 8 202 1038 7 2 7 4 0 
96725 571 566 186 4 483 118 0 218 1106 8 3 5 7 0 
96748 548 559 173 5 499 143 4 225 1074 9 5 4 4 0 
96734 579 543 175 0 529 144 5 201 1077 6 3 2 2 0 
96734 588 581 189 3 505 125 2 232 1027 6 3 1 4 0 
96740 516 579 173 3 540 127 1 229 1070 8 3 4 7 0 
96692 557 617 193 3 501 155 2 226 1029 8 4 6 7 0 
96743 530 585 188 2 524 135 1 204 1072 3 4 6 3 0 
96797 514 601 162 3 523 123 3 217 1041 6 3 3 4 0 
96792 517 580 176 7 472 119 5 215 1092 8 5 4 8 0 
96693 588 607 153 4 465 127 3 231 1114 5 2 4 4 0 
96768 558 613 169 3 490 120 4 205 1052 6 2 7 3 0 
96682 565 594 165 2 509 133 6 220 1104 7 2 4 7 0 
96682 543 630 172 6 491 140 3 205 1113 8 0 4 3 0 
96767 547 568 175 3 531 135 1 212 1040 7 2 8 4 0 
96726 538 612 170 4 542 156 3 214 1008 14 3 7 3 0 
96732 557 583 176 4 501 140 3 210 1080 5 0 2 7 0 
96784 588 570 162 3 501 112 2 211 1045 5 4 10 3 0 
96731 552 573 163 2 493 133 5 244 1080 5 4 8 7 0 
96782 530 589 171 2 504 132 3 216 1051 6 2 4 8 0 
96874 528 535 158 3 504 140 3 201 1031 7 2 8 6 0 
96694 536 559 155 2 527 156 3 238 1112 7 3 4 4 0 
96790 534 586 166 3 529 120 2 186 1056 14 3 7 4 0 
96684 567 613 180 1 458 137 6 236 1099 5 2 6 6 0 
96840 529 581 183 3 495 137 0 187 1030 6 3 2 4 0 
96754 580 589 138 4 516 125 4 215 1054 7 2 8 4 0 
96736 537 605 160 4 550 127 3 216 1047 4 1 4 6 0 
96684 579 584 180 6 511 128 4 216 1086 8 4 6 4 0 
96768 566 606 165 5 502 147 4 197 1023 2 5 6 4 0 
96709 599 565 179 2 526 112 5 208 1071 3 3 12 6 0 
96674 576 581 175 0 553 125 3 223 1069 5 5 8 3 0 
96742 600 567 178 4 516 108 0 200 1060 11 4 6 4 0 
96851 541 624 177 2 459 138 1 205 984 4 4 4 6 0 
96855 546 593 164 4 487 130 0 188 1020 4 3 3 3 0 
96509 576 590 181 5 560 152 3 241 1170 4 1 2 6 0 
96735 548 618 170 4 505 143 2 207 1047 6 5 5 5 0 
96746 531 600 162 1 518 144 2 213 1065 6 3 5 4 0 
96835 533 564 182 4 545 110 3 196 1010 6 3 5 4 0 
96795 528 600 175 7 488 147 1 207 1031 4 3 4 10 0 
96718 567 607 144 9 524 121 3 207 1076 5 3 9 7 0 
96683 565 606 163 2 505 151 3 209 1085 10 4 8 6 0 
96744 577 578 186 3 513 132 1 207 1044 6 1 6 1 1 
96812 523 576 141 4 480 134 3 185 1111 8 9 8 6 0 
96717 523 627 167 4 536 135 1 190 1077 3 3 5 12 0 
96760 547 587 190 3 513 113 2 236 1030 8 3 4 4 0 
96783 578 610 144 3 504 107 5 198 1042 8 2 6 9 1 
96709 588 647 162 0 539 132 4 199 1003 7 3 2 5 0 
96744 580 578 174 3 508 118 3 213 1057 8 0 7 7 0 
96653 528 627 170 1 560 128 4 248 1060 7 2 6 6 0 
96789 558 624 172 4 467 129 0 224 1004 6 3 13 7 0 
96826 539 569 169 3 490 139 5 206 1038 8 2 4 2 0 
96759 551 623 159 3 489 119 3 204 1068 8 3 5 6 0 
96902 515 572 161 1 513 132 2 188 1000 4 2 5 3 0 
96754 537 615 161 3 509 113 1 192 1091 6 7 9 2 0 
96674 581 612 158 2 532 131 0 228 1068 2 4 5 3 0 
96735 562 615 149 1 520 127 1 216 1050 6 2 8 8 0 
96764 540 582 173 5 523 130 5 210 1044 6 4 8 6 0 
96720 552 600 165 2 531 142 7 216 1043 5 7 3 7 0 
96807 537 601 155 4 517 120 1 183 1062 1 2 5 5 0 
96701 538 626 173 2 493 141 2 242 1069 3 2 4 4 0 
96690 569 559 158 2 508 134 3 212 1146 3 6 3 7 0 
96826 562 600 179 2 494 115 0 223 983 6 3 4 3 0 
96709 553 584 171 1 489 149 3 218 1098 7 5 8 5 0 
96807 534 567 181 3 503 118 2 243 1021 6 1 8 6 0 
96923 520 553 164 4 483 124 1 189 1027 5 3 4 0 0 
96749 558 597 180 2 509 119 1 217 1050 7 4 6 1 0 
96771 538 597 156 2 507 141 3 217 1051 6 4 3 4 0 
96663 543 620 187 4 522 142 5 223 1073 3 4 6 5 0 
96734 553 595 162 2 538 114 5 201 1072 5 8 2 9 0 
96654 547 635 178 2 521 130 3 238 1068 3 4 9 8 0 
96790 536 560 190 2 495 126 2 230 1049 4 3 9 4 0 
96821 530 555 163 1 506 126 1 220 1051 5 8 5 8 0 
96772 560 573 158 3 518 143 0 192 1054 11 4 6 6 0 
96722 543 581 172 2 533 124 5 222 1077 3 1 6 9 0 
96753 574 599 165 2 494 136 6 206 1036 10 4 8 7 0 
96780 528 619 179 0 503 127 1 227 1015 4 4 4 9 0 
96811 538 612 169 2 506 121 4 223 990 11 0 8 5 0 
96686 563 603 175 4 513 146 3 240 1051 5 0 9 2 0 
96709 592 572 170 1 508 146 4 227 1044 7 4 9 7 0 
96737 550 622 180 4 514 139 5 196 1036 5 3 3 6 0 
96829 506 599 163 0 511 111 3 219 1041 9 3 4 2 0 
96772 546 594 161 4 492 127 1 226 1056 5 2 10 4 0 
96774 527 589 165 4 504 149 2 214 1049 7 6 4 6 0 
96793 533 598 184 2 539 126 4 196 1002 2 4 11 6 0 
96756 535 602 171 8 529 142 1 217 1023 8 2 0 6 0 
96736 573 589 177 4 502 130 2 204 1072 3 0 6 2 0 
96769 539 619 156 3 518 125 2 220 1033 3 0 8 5 0 
96759 560 584 186 5 480 127 3 221 1054 8 3 6 4 0 
96687 561 600 178 4 516 131 2 218 1075 9 5 7 7 0 
96847 501 595 165 1 503 114 0 203 1049 10 4 3 5 0 
96786 570 566 170 6 535 117 3 188 1036 11 6 2 4 0 
96763 551 576 144 2 514 112 4 228 1088 4 2 5 6 1 
96722 545 553 167 2 499 155 3 227 1107 6 2 4 8 0 
96776 559 590 169 3 487 132 3 220 1041 4 2 9 5 0 
96753 551 578 188 3 504 126 2 220 1059 4 1 5 6 0 
96809 528 576 178 3 482 126 1 193 1085 7 4 4 4 0 
96723 534 626 157 3 514 116 0 229 1075 6 4 6 7 0 
96865 524 584 193 2 505 120 3 209 978 7 2 5 3 0 
96724 545 578 166 3 539 137 3 208 1075 5 4 6 7 0 
96782 563 590 188 4 508 113 2 216 1013 8 3 5 5 0 
96871 521 545 185 3 499 140 0 176 1042 4 2 6 6 0 
96656 571 647 168 5 538 114 2 232 1049 7 1 6 4 0 
96720 549 579 179 3 524 117 2 205 1097 4 4 8 9 0 
96731 537 606 164 3 502 121 5 210 1099 9 1 7 5 0 
96764 525 589 153 4 515 142 4 211 1080 4 2 5 2 0 
96718 546 610 151 2 496 134 3 234 1085 7 2 4 8 0 
96627 584 576 166 3 537 133 3 233 1124 3 1 7 3 0 
96715 556 626 161 3 530 120 0 216 1049 10 6 3 5 0 
96787 584 569 163 3 489 125 1 216 1037 5 2 8 11 0 
96783 523 571 146 5 533 126 5 224 1059 7 6 7 5 0 
96712 557 620 180 1 520 130 1 200 1064 5 2 8 0 0 
96752 559 556 170 5 540 108 1 202 1081 10 4 8 4 0 
96793 552 557 169 6 505 112 1 208 1076 9 2 7 3 0 
96825 531 574 151 2 525 134 3 192 1041 9 3 6 4 0 
96854 544 574 155 5 487 114 3 209 1030 6 4 11 4 0 
96776 545 566 186 3 492 139 1 217 1049 11 3 6 6 0 
96697 577 614 193 5 462 117 3 201 1111 5 4 4 7 0 
96781 565 609 140 4 492 122 5 214 1052 3 2 4 7 0 
96787 495 620 157 3 506 114 4 210 1088 5 2 5 4 0 
96792 522 591 190 5 495 134 1 219 1033 6 5 5 2 0 
96902 520 565 158 4 470 128 1 222 1011 4 3 4 8 0 
96691 541 579 145 2 530 135 5 219 1128 7 2 6 10 0 
96797 509 604 162 3 493 132 1 216 1065 4 2 10 2 0 
96686 530 622 199 4 503 142 4 206 1083 4 7 6 4 0 
96757 542 613 166 1 499 131 2 237 1039 3 2 3 5 0 
96695 554 612 163 3 540 131 5 216 1052 8 5 6 10 0 
96641 580 597 177 2 532 139 1 228 1088 8 4 2 1 0 
96802 552 623 156 2 499 125 1 193 1033 3 1 7 3 0 
96849 563 551 148 4 536 113 4 215 1002 3 4 6 2 0 
96754 588 596 153 2 501 145 8 205 1034 2 4 4 4 0 
96751 583 580 169 4 478 138 0 215 1067 8 2 4 1 0 
96853 522 552 171 3 503 142 2 201 1035 7 2 4 3 0 
96867 546 599 150 3 497 121 1 211 984 8 1 6 6 0 
96795 533 591 167 1 485 153 1 207 1046 11 0 8 2 0 
96738 530 613 171 1 499 135 5 197 1086 5 3 12 5 0 
96828 548 614 168 6 501 121 3 185 1013 4 1 2 6 0 
96811 543 572 174 4 470 128 1 187 1088 7 5 4 6 0 
96653 539 608 163 4 497 159 3 201 1157 4 7 4 1 0 
96815 591 560 160 1 504 132 2 191 1022 6 4 4 8 0 
96701 566 585 174 6 528 137 2 235 1041 6 2 10 7 0 
96806 531 571 169 2 507 126 3 202 1068 1 4 5 5 0 
96774 548 586 190 7 509 121 2 200 1041 7 4 7 4 0 
96705 562 615 173 8 462 144 1 226 1086 2 3 5 8 0 
96765 536 589 167 1 504 135 4 213 1067 3 0 6 10 0 
96756 521 602 161 2 490 143 5 208 1085 9 6 4 8 0 
96848 541 545 156 6 487 145 5 234 1018 4 4 3 4 0 
96771 551 568 177 4 518 142 3 199 1046 7 5 2 7 0 
96778 550 611 158 2 515 127 3 203 1033 3 4 4 9 0 
96838 558 557 168 3 488 120 2 184 1061 8 4 6 3 0 
96830 565 595 162 4 498 122 4 189 1009 8 2 8 4 0 
96813 514 595 164 2 494 148 5 218 1029 5 4 2 7 0 
96845 512 598 171 7 514 123 3 195 1016 6 1 2 7 0 
96835 517 603 181 3 480 137 2 191 1039 2 1 5 4 0 
96738 580 567 161 3 470 130 2 224 1104 7 3 5 6 0 
96711 534 593 165 4 487 148 4 218 1114 5 5 6 6 0 
96870 512 582 167 4 487 139 1 198 1015 8 3 5 9 0 
96765 578 576 151 3 493 141 1 201 1068 7 4 7 5 0 
96765 588 576 160 2 484 147 7 193 1062 5 1 4 6 0 
96884 536 564 158 4 491 119 4 223 1006 3 2 2 4 0 
96788 488 597 161 2 548 144 5 199 1043 5 3 10 7 0 
96734 566 606 151 4 521 152 1 211 1030 6 3 12 3 0 
96786 550 579 157 2 460 138 2 197 1116 5 1 4 3 0 
96817 528 595 180 3 506 108 2 199 1049 6 0 5 2 0 
96712 571 585 175 2 500 148 1 237 1051 5 2 3 8 0 
96737 578 575 157 4 501 124 1 206 1103 4 2 5 3 0 
96706 584 591 150 5 493 151 3 196 1103 9 1 6 2 0 
96685 600 586 148 4 533 144 4 205 1072 7 0 5 7 0 
96659 583 621 157 4 523 147 1 214 1075 6 4 2 4 0 
96680 540 617 164 4 548 126 3 196 1098 7 3 6 8 0 
96784 560 586 170 5 491 119 1 206 1052 7 3 6 10 0 
96695 583 556 175 6 511 132 4 231 1094 4 2 5 2 0 
96744 545 570 164 2 526 147 4 263 1016 7 5 6 1 0 
96743 508 617 154 4 532 124 1 202 1096 4 6 6 3 0 
96725 530 587 166 0 546 130 2 218 1076 8 4 5 3 0 
96771 547 596 168 3 490 142 3 204 1061 6 1 6 2 0 
96696 564 560 165 2 493 122 2 225 1150 5 4 7 5 0 
96707 575 613 164 4 478 134 3 210 1095 3 2 3 9 0 
96666 567 590 163 3 530 140 0 207 1122 4 1 4 3 0 
96754 573 588 154 4 492 122 2 190 1090 10 2 11 8 0 
96589 565 665 178 2 522 133 1 216 1107 1 7 12 2 0 
96760 571 567 191 1 465 116 3 213 1094 3 6 6 4 0 
96827 554 560 156 4 512 137 3 179 1051 4 2 6 5 0 
96665 566 629 189 2 537 131 6 206 1041 9 2 7 10 0 
96708 556 574 198 4 520 122 3 197 1102 5 1 6 4 0 
96869 552 565 159 2 464 115 6 208 1034 6 4 9 7 0 
96745 550 584 183 2 481 151 2 209 1074 4 3 8 4 0 
96674 571 602 191 3 529 146 1 210 1052 5 3 4 9 0 
96742 599 561 165 6 499 138 5 204 1057 8 3 10 3 0 
96743 590 597 152 4 493 129 2 202 1064 9 6 4 5 0 
96752 532 572 159 6 544 123 4 208 1072 7 5 8 8 0 
96825 538 580 178 5 492 135 0 228 1004 6 0 2 7 0 
96768 538 598 164 3 524 127 4 223 1036 4 4 6 1 0 
96809 544 606 169 2 516 107 2 202 1022 8 1 3 9 0 
96793 545 576 135 3 481 146 1 222 1084 6 0 4 4 0 
96851 516 595 152 0 488 126 2 207 1039 12 6 2 4 0 
96762 527 582 177 1 476 125 4 214 1120 6 2 2 2 0 
96786 571 537 180 0 530 118 1 192 1065 5 1 7 7 0 
96678 555 642 174 8 492 129 2 212 1080 11 4 8 5 0 
96926 506 531 164 5 491 123 3 204 1032 5 3 3 4 0 
96627 594 612 191 3 514 134 0 220 1079 8 5 6 7 0 
96786 510 568 169 4 522 135 3 211 1080 4 1 4 3 0 
96869 487 624 151 4 496 114 7 211 1017 5 4 4 7 0 
96654 575 620 168 1 546 127 1 203 1086 6 3 6 3 1 
96727 589 595 173 3 544 135 7 194 1013 5 2 7 6 0 
96745 543 603 151 5 507 132 2 220 1068 3 6 9 6 0 
96740 567 583 150 1 523 147 3 213 1056 8 3 3 3 0 
96722 591 591 166 3 519 123 4 215 1052 2 4 4 4 0 
96703 573 599 155 6 484 139 1 224 1091 5 4 10 5 1 
96637 566 572 174 1 527 162 5 202 1130 7 1 7 9 0 
96734 564 598 160 1 512 122 1 236 1051 8 5 4 4 0 
96759 554 611 156 3 485 135 4 205 1071 6 5 3 3 0 
96804 553 586 141 3 498 142 2 218 1032 5 7 5 4 0 
96763 530 624 152 1 490 130 3 218 1069 7 3 6 4 0 
96751 574 559 174 4 550 123 4 200 1046 1 5 4 5 0 
96764 542 589 158 4 523 127 6 214 1045 9 5 5 9 0 
96759 552 597 180 3 523 140 3 209 1016 7 1 3 7 0 
96678 525 608 165 8 529 136 3 198 1124 5 5 11 5 0 
96811 523 562 157 2 530 136 6 208 1046 9 2 1 7 0 
96697 608 615 167 4 513 114 2 215 1049 5 4 2 5 0 
96700 518 587 192 5 490 146 3 193 1142 5 6 6 7 0 
96635 625 641 146 4 508 137 1 222 1061 3 3 6 8 0 
96711 593 602 171 6 495 127 2 212 1064 6 3 3 5 0 
96755 535 573 153 4 495 147 1 231 1080 10 2 7 7 0 
96795 551 597 167 5 470 122 2 234 1033 8 2 9 5 0 
96814 548 541 174 4 548 131 0 199 1029 5 2 3 2 0 
96802 571 559 191 1 496 111 1 209 1043 5 4 2 5 0 
96622 585 641 176 0 526 143 1 219 1067 6 3 6 5 0 
96867 498 587 142 4 506 123 3 215 1036 8 2 3 6 0 
96760 521 615 155 3 492 124 2 217 1102 1 4 3 1 0 
96792 535 583 146 3 520 137 3 200 1061 7 2 7 4 0 
96798 482 569 175 0 526 108 0 204 1117 6 2 7 6 0 
96762 567 640 154 4 453 130 1 215 1050 6 8 6 4 0 
96832 543 598 142 0 469 144 1 197 1048 12 4 5 5 0 
96810 535 584 145 4 483 149 2 233 1036 4 4 8 3 0 
96810 546 600 181 3 467 147 2 191 1033 5 2 8 5 0 
96858 521 600 167 4 490 135 1 186 1027 2 5 1 3 0 
96722 554 577 176 4 499 123 2 236 1083 8 4 6 6 0 
96695 538 605 172 3 538 144 1 180 1103 4 3 8 6 0 
96733 549 582 173 2 504 121 2 235 1083 1 5 1 8 1 
96658 559 617 171 4 537 135 4 215 1076 5 3 12 4 0 
96703 542 600 166 3 516 142 1 208 1095 4 5 7 8 0 
96754 566 561 172 3 505 131 2 214 1065 10 4 6 7 0 
96739 529 631 152 5 523 126 3 227 1044 7 3 10 1 0 
96689 535 640 188 4 564 119 4 221 1016 5 5 7 3 0 
96774 540 584 162 7 488 142 2 232 1051 4 2 5 7 0 
96660 586 606 180 8 503 128 2 230 1071 5 6 9 6 0 
96710 548 587 197 3 508 129 1 215 1076 8 5 8 5 0 
96813 550 549 165 4 494 123 2 204 1074 6 8 6 2 0 
96735 561 592 176 4 538 119 0 211 1035 7 3 9 10 0 
96822 562 606 155 3 496 121 2 206 1006 6 3 8 4 0 
96698 546 611 178 3 514 128 2 229 1067 9 5 4 6 0 
96777 534 605 134 2 482 148 2 212 1085 7 4 4 4 0 
