96879 502 564 179 0 532 132 3 176 1009 5 4 10 5 0 
96824 554 590 194 3 459 109 4 197 1042 4 2 9 9 0 
96848 498 567 191 6 491 126 3 189 1065 7 2 4 3 0 
96763 513 571 193 1 535 130 3 189 1078 9 4 4 7 0 
96754 535 631 204 4 510 118 2 214 1007 6 5 4 6 0 
96707 549 606 176 2 557 121 1 186 1072 6 5 6 6 0 
96790 538 585 179 4 520 116 2 185 1064 4 2 7 4 0 
96740 515 570 199 6 536 130 1 210 1073 4 2 10 4 0 
96740 537 588 203 1 524 132 3 165 1092 6 3 4 2 0 
96805 523 579 211 1 494 123 4 172 1071 3 2 7 5 0 
96719 525 577 201 4 528 131 7 201 1093 3 3 3 5 0 
96712 519 604 175 7 523 142 0 187 1111 5 4 3 8 0 
96766 480 575 207 2 550 123 1 192 1083 7 2 6 6 0 
96772 495 587 215 0 524 145 2 174 1055 8 7 10 6 0 
96775 561 577 173 6 518 134 2 184 1050 10 2 6 2 0 
96749 525 612 201 3 484 122 5 196 1081 3 4 11 3 1 
96765 518 613 197 5 485 128 0 177 1092 5 3 5 7 0 
96712 514 615 212 3 519 123 2 197 1082 6 4 4 7 0 
96732 510 624 198 3 533 104 7 209 1061 6 5 3 5 0 
96818 522 581 214 2 505 141 0 173 1025 7 2 7 3 0 
96753 498 614 184 2 528 136 3 195 1062 6 2 5 12 0 
96665 543 599 213 5 528 131 4 173 1108 12 2 6 11 0 
96800 506 589 192 3 531 115 4 193 1043 9 4 4 7 0 
96775 537 576 175 3 545 121 4 193 1050 2 8 6 5 0 
96734 527 586 209 4 531 136 5 163 1079 12 4 5 5 0 
96794 550 558 197 2 494 128 1 193 1063 6 2 6 6 0 
96869 541 531 160 5 513 133 1 198 1025 6 2 9 7 0 
96746 516 536 201 2 522 150 3 203 1105 4 4 4 4 0 
96699 552 577 205 6 513 127 3 186 1109 9 3 7 4 0 
96758 541 596 204 5 510 128 4 195 1031 12 6 8 2 0 
96741 580 555 195 3 514 130 3 192 1073 3 3 6 2 0 
96811 547 558 194 6 527 133 3 191 1012 9 2 5 2 0 
96659 570 617 187 6 558 136 1 171 1075 3 3 7 7 0 
96677 549 601 193 2 523 129 6 193 1104 3 6 7 6 1 
96756 526 604 181 3 520 136 2 178 1070 6 6 5 7 0 
96756 563 582 181 1 520 127 2 200 1054 4 2 6 2 0 
96744 510 569 190 7 503 146 2 201 1109 6 1 7 5 0 
96766 484 613 186 4 555 123 4 189 1055 8 1 9 3 0 
96835 497 602 184 4 522 117 1 179 1048 4 1 3 3 0 
96764 556 585 202 3 534 127 2 185 1025 4 2 5 6 0 
96751 547 561 185 4 531 125 1 216 1060 7 2 6 4 0 
96805 533 626 205 3 508 117 1 179 1008 4 3 3 5 0 
96777 552 579 173 3 571 142 2 209 975 4 3 5 5 0 
96767 518 623 210 2 534 138 1 177 1014 5 1 3 7 0 
96899 496 563 181 4 511 118 1 173 1040 3 2 4 5 0 
96788 520 574 206 3 569 126 4 162 1028 9 5 2 4 0 
96787 492 594 206 5 548 127 3 180 1035 3 5 6 9 0 
96745 546 636 156 1 539 144 0 175 1041 4 4 3 6 0 
96773 512 627 184 1 530 127 7 185 1031 8 3 7 5 0 
96779 509 604 182 2 529 124 6 189 1060 6 4 1 5 0 
96645 540 615 185 2 561 149 1 175 1107 7 1 4 8 0 
96786 531 568 184 3 531 118 3 182 1079 5 3 3 4 0 
96786 519 557 204 4 524 118 7 187 1074 4 4 7 5 0 
96716 524 604 189 1 546 121 3 202 1073 10 4 4 3 0 
96788 558 578 187 6 519 129 2 176 1035 2 0 13 7 0 
96767 535 605 176 5 530 121 1 181 1062 4 3 5 5 0 
96757 484 587 182 2 550 121 3 204 1091 7 2 6 4 0 
96840 480 585 194 2 537 144 2 181 1014 5 3 4 9 0 
96704 547 595 198 4 543 131 1 209 1047 9 4 4 4 0 
96713 540 590 201 2 545 117 1 201 1065 10 7 1 7 0 
96834 506 579 190 3 529 121 1 173 1040 6 4 8 6 0 
96718 481 608 233 4 545 132 4 180 1082 5 1 4 3 0 
96816 499 576 185 1 499 125 5 183 1089 5 2 8 7 0 
96823 472 616 180 4 506 134 0 171 1074 4 4 4 8 0 
96695 552 629 189 6 515 129 2 194 1066 5 4 6 8 0 
96727 567 620 184 6 530 115 3 176 1059 1 2 5 5 0 
96786 556 607 189 4 523 135 2 186 995 2 3 5 7 0 
96702 539 605 189 3 539 141 5 180 1076 6 5 4 6 0 
96684 549 597 208 7 513 140 2 185 1100 5 3 4 3 0 
96741 527 576 188 6 568 143 1 185 1040 8 4 8 5 0 
96821 548 557 202 3 502 137 1 195 1016 9 0 3 6 0 
96761 569 576 182 4 518 121 1 177 1072 5 5 8 1 0 
96745 525 599 176 8 524 113 5 186 1094 7 6 6 5 1 
96861 534 589 180 3 527 128 4 159 991 5 4 5 10 0 
96729 518 575 189 3 553 136 1 187 1091 6 3 4 5 0 
96778 483 618 179 2 542 123 1 182 1067 10 5 5 5 0 
96786 591 589 196 3 530 128 1 168 996 2 4 3 3 0 
96750 541 581 158 2 556 142 1 186 1067 7 2 5 2 0 
96806 540 600 186 5 517 127 3 193 1004 7 1 4 7 0 
96806 525 545 173 4 549 119 1 207 1055 2 2 7 5 0 
96791 561 611 174 1 531 124 2 199 982 5 4 7 8 0 
96763 534 570 207 5 552 123 5 191 1022 6 3 8 11 0 
96874 512 543 181 2 490 128 0 193 1057 4 2 7 7 0 
96738 545 558 189 6 552 130 1 210 1045 12 1 8 5 0 
96842 507 590 181 2 508 115 4 163 1059 10 2 11 6 0 
96799 519 539 194 3 563 132 0 183 1053 7 0 4 4 0 
96673 554 600 200 2 506 118 0 199 1124 7 3 7 7 0 
96677 532 601 191 1 523 125 3 212 1109 9 2 4 11 0 
96771 540 569 176 1 542 139 2 201 1043 7 2 3 4 0 
96856 513 532 188 3 533 131 2 187 1033 7 6 4 5 0 
96736 540 590 213 5 536 115 2 187 1051 8 7 4 6 0 
96726 519 597 219 1 547 125 1 183 1058 8 1 7 8 0 
96701 527 592 194 3 536 147 1 190 1086 5 5 7 6 0 
96764 537 581 175 2 557 129 3 182 1049 9 4 7 1 0 
96732 504 600 177 7 527 153 1 194 1083 8 2 5 7 0 
96871 485 525 179 6 500 150 3 187 1072 5 4 7 6 0 
96837 527 571 181 3 551 124 5 167 1021 5 0 3 5 0 
96795 511 574 195 2 511 135 3 166 1092 6 2 4 4 0 
96759 526 588 167 4 514 141 6 199 1075 4 5 6 6 0 
96670 574 576 210 1 553 133 2 209 1051 5 3 11 2 0 
96773 497 592 173 6 523 120 2 199 1097 9 1 2 5 1 
96814 482 575 178 2 520 123 2 183 1106 7 3 0 5 0 
96706 523 571 227 4 526 135 2 213 1076 2 4 2 9 0 
96798 527 567 186 4 548 138 2 206 1004 5 1 5 9 0 
96728 515 611 173 2 522 132 8 187 1105 5 4 3 5 0 
96683 526 607 225 2 552 125 2 186 1068 6 6 5 7 0 
96757 501 591 180 3 574 126 5 186 1058 6 2 8 3 0 
96779 495 586 167 3 528 138 3 182 1109 6 2 2 0 0 
96815 493 566 179 4 514 127 2 189 1095 5 2 6 3 0 
96785 526 588 208 5 499 133 2 181 1061 3 1 6 2 0 
96806 519 608 174 2 498 135 4 190 1036 8 2 11 7 0 
96799 539 547 185 2 522 130 4 206 1048 8 1 7 2 0 
96770 523 595 168 3 550 131 2 193 1042 6 1 6 10 0 
96694 551 613 178 0 526 113 1 196 1111 4 2 3 8 0 
96746 561 560 170 3 542 141 2 176 1078 7 4 7 3 0 
96756 498 564 202 6 508 163 1 208 1071 7 1 9 6 0 
96752 554 608 185 4 500 110 3 170 1095 4 0 9 5 1 
96726 513 592 200 7 530 114 5 189 1101 7 0 8 8 0 
96717 490 619 186 2 533 138 3 212 1075 6 2 5 12 0 
96818 554 578 180 4 481 117 5 191 1057 2 9 4 0 0 
96777 518 594 204 4 534 112 5 174 1058 9 2 3 6 0 
96718 511 631 184 7 515 103 0 179 1135 6 4 5 2 0 
96794 529 605 192 2 512 129 4 198 1013 7 4 5 6 0 
96797 521 598 198 2 494 127 2 191 1053 5 4 2 6 0 
96749 541 606 183 4 492 121 2 202 1085 4 1 3 7 0 
96665 511 590 177 8 574 139 2 194 1121 5 4 6 4 0 
96735 566 582 203 3 542 125 1 187 1034 5 5 6 6 0 
96606 534 614 215 4 566 133 4 208 1092 5 9 3 7 0 
96696 537 598 185 3 513 152 2 206 1079 8 4 10 7 0 
96667 556 587 187 0 558 129 0 205 1091 2 3 9 6 0 
96814 513 589 191 2 517 118 2 192 1038 10 5 5 4 0 
96808 548 553 203 3 534 126 3 199 994 7 7 10 5 0 
96811 509 598 181 0 494 145 5 179 1049 14 3 7 5 0 
96723 547 566 199 2 550 128 0 175 1083 6 6 8 7 0 
96768 560 595 212 4 551 122 5 185 981 6 3 7 1 0 
96737 516 592 185 4 570 134 0 195 1051 3 2 4 7 0 
96667 565 609 194 3 544 125 4 173 1097 6 1 4 8 0 
96821 510 564 169 4 548 153 2 182 1023 7 2 11 4 0 
96718 560 592 181 5 525 139 1 205 1053 3 3 9 5 1 
96638 572 613 177 3 558 115 1 205 1100 1 3 10 4 0 
96727 533 633 166 3 539 134 2 171 1073 10 0 4 5 0 
96716 561 587 199 3 536 118 2 196 1062 6 3 6 5 0 
96852 542 574 188 4 488 136 3 185 1012 4 6 3 3 0 
96738 545 568 188 4 558 116 4 190 1071 7 1 3 7 0 
96774 523 602 153 3 512 118 0 194 1093 9 6 8 5 0 
96812 524 542 197 2 510 120 1 192 1076 6 5 6 7 0 
96657 561 590 217 4 545 106 1 190 1101 6 4 9 9 0 
96735 552 545 203 5 478 148 2 169 1141 8 4 8 2 0 
96870 511 569 222 4 523 101 3 172 1001 7 5 4 8 0 
96852 530 580 182 3 506 135 1 181 1012 3 2 2 11 0 
96730 553 606 172 2 524 131 2 191 1067 7 3 7 5 0 
96828 523 577 197 5 540 124 0 191 999 5 4 2 5 0 
96709 536 590 201 3 514 129 2 181 1120 7 1 3 4 0 
96771 478 617 197 4 521 127 2 195 1067 0 3 10 8 0 
96762 564 588 191 4 497 124 1 183 1060 4 8 8 6 0 
96727 530 614 208 1 553 140 4 162 1040 4 5 4 8 0 
96745 555 571 201 4 544 142 4 181 1030 3 2 9 9 0 
96663 526 580 199 3 535 139 4 185 1145 4 3 6 8 0 
96681 553 602 214 4 562 118 1 197 1046 4 5 6 7 0 
96783 508 613 191 5 528 117 2 177 1061 6 4 3 2 0 
96780 532 582 193 3 498 122 1 191 1076 4 4 6 8 0 
96782 507 581 165 2 546 126 3 191 1078 4 1 7 7 0 
96822 513 586 187 2 511 116 1 194 1049 4 1 4 10 0 
96830 505 565 183 3 553 123 3 173 1038 5 6 6 7 0 
96713 533 610 167 4 531 123 2 191 1105 6 3 7 5 0 
96804 529 556 185 3 522 136 2 186 1062 5 1 5 4 0 
96726 562 584 178 2 538 117 5 170 1098 6 0 8 6 0 
96714 528 612 202 4 522 129 4 194 1074 3 5 3 6 0 
96775 505 580 194 3 514 135 2 201 1068 5 5 8 5 0 
96712 541 623 181 4 545 147 3 199 1027 6 3 3 6 0 
96726 532 579 204 4 531 125 3 205 1075 3 3 5 5 0 
96806 505 582 192 4 497 133 1 179 1078 6 5 10 2 0 
96762 549 580 201 2 504 133 5 188 1059 4 4 5 4 0 
96754 546 602 192 2 543 132 2 192 1016 5 3 6 5 0 
96814 513 600 198 1 501 140 1 184 1029 4 2 7 6 0 
96685 555 609 199 3 554 141 1 184 1048 9 4 3 5 0 
96706 531 603 200 3 509 129 4 210 1080 8 3 5 9 0 
96757 530 594 207 3 494 123 2 186 1085 4 6 4 5 0 
96859 509 576 196 5 517 127 1 189 1006 5 4 3 3 0 
96719 523 644 188 4 507 135 1 185 1077 4 3 8 2 0 
96767 514 567 194 3 538 143 0 206 1039 6 5 10 8 0 
96804 494 618 174 3 512 137 2 174 1063 9 5 2 3 0 
96806 515 541 189 1 547 131 5 194 1050 8 6 3 4 0 
96751 510 630 177 3 524 126 2 164 1086 6 2 12 7 0 
96790 501 586 188 2 505 141 5 188 1071 5 7 5 6 0 
96879 507 544 186 2 553 135 5 180 988 3 3 5 10 0 
96775 533 587 187 5 503 119 4 198 1069 5 2 7 6 0 
96827 527 567 198 3 476 118 6 199 1055 9 1 4 10 0 
96780 504 624 201 4 536 124 2 176 1035 4 5 0 5 0 
96737 527 622 200 2 533 114 2 180 1069 3 3 4 4 0 
96727 546 574 177 2 553 112 3 187 1101 3 4 3 8 0 
96824 501 595 196 4 549 122 5 167 1006 9 6 10 6 0 
96808 543 583 198 1 501 128 3 188 1023 2 7 9 6 0 
96729 573 611 183 3 506 121 5 166 1080 6 6 5 6 0 
96838 543 562 198 3 526 115 2 180 1017 3 5 2 6 0 
96708 513 614 176 2 507 141 2 207 1118 4 0 3 5 0 
96748 542 581 196 5 558 153 4 178 1016 7 3 4 5 0 
96697 539 589 201 4 558 130 3 196 1064 6 2 5 6 0 
96815 522 593 204 4 496 112 5 189 1041 6 4 3 6 0 
96777 528 613 170 2 527 115 4 189 1055 4 6 7 3 0 
96751 508 580 212 2 498 134 1 199 1095 2 5 9 4 0 
96864 498 636 160 9 492 136 2 204 977 5 5 5 7 0 
96692 567 621 182 4 535 132 4 170 1070 4 2 13 4 0 
96761 527 587 179 5 523 136 0 155 1113 5 2 4 3 0 
96708 515 615 212 4 506 116 1 186 1110 8 4 9 6 0 
96734 511 611 204 1 542 123 0 176 1081 5 1 6 5 0 
96737 536 589 190 7 521 124 3 199 1079 5 2 1 7 0 
96804 514 585 166 3 518 118 3 179 1098 2 0 6 4 0 
96724 534 568 186 6 526 127 2 218 1087 12 1 5 4 0 
96736 502 668 176 4 512 156 1 216 1013 6 2 3 5 0 
96881 524 557 203 5 483 116 2 208 995 9 4 7 6 0 
96777 549 551 181 2 506 141 1 207 1066 9 1 4 5 0 
96812 505 557 178 2 537 103 5 184 1090 6 4 7 10 0 
96640 508 623 207 8 535 125 4 194 1134 10 2 4 6 0 
96830 544 567 169 7 546 127 3 183 1007 4 3 5 4 1 
96798 523 616 166 4 532 134 2 169 1025 10 4 5 12 0 
96780 510 603 194 1 559 130 5 196 1005 5 2 4 6 0 
96738 489 631 203 4 543 114 2 190 1066 5 3 6 6 0 
96729 535 583 190 2 521 128 1 191 1098 8 2 5 7 0 
96717 538 593 190 3 524 135 4 192 1078 7 7 9 3 0 
96704 581 606 181 3 508 125 1 202 1072 3 2 5 7 0 
96600 522 604 202 5 547 152 2 217 1130 3 4 7 5 0 
96815 509 592 180 10 528 143 1 173 1031 7 1 6 4 0 
96682 518 608 183 2 538 146 3 190 1098 7 5 8 12 0 
96891 489 569 207 6 514 108 0 181 1010 6 2 8 9 0 
96583 590 606 181 1 551 135 2 183 1146 7 1 6 8 0 
96766 536 567 202 1 533 97 1 174 1093 6 6 7 11 0 
96801 516 558 195 3 561 128 2 192 1019 8 1 12 4 0 
96767 518 588 215 6 541 138 3 205 996 7 4 8 4 0 
96704 492 597 180 4 521 136 0 192 1146 7 4 10 7 0 
96726 545 601 188 5 536 135 1 203 1027 9 4 9 11 0 
96788 575 545 179 5 509 146 3 193 1035 5 5 7 5 0 
96853 507 557 175 2 512 116 1 201 1058 7 3 6 2 0 
96794 509 606 205 6 504 122 1 165 1065 6 1 10 6 0 
96782 533 591 196 4 534 118 3 173 1050 3 4 3 6 0 
96810 498 574 203 1 495 144 4 184 1076 4 1 2 4 0 
96668 552 580 196 1 528 137 1 208 1109 7 2 9 2 0 
96791 516 561 197 1 540 135 3 191 1037 9 6 6 7 0 
96742 536 586 181 2 539 127 5 180 1076 3 4 10 9 0 
96802 545 551 178 4 531 133 3 196 1035 5 4 8 5 0 
96778 514 604 164 6 518 129 1 198 1069 2 7 4 6 0 
96651 556 636 195 3 532 133 2 182 1096 3 3 3 5 0 
96830 514 595 187 3 491 118 2 172 1065 7 5 3 8 0 
96833 497 620 186 7 501 111 2 190 1032 7 7 4 3 0 
96764 529 627 191 4 552 105 2 180 1029 5 1 7 4 0 
96773 509 620 189 4 531 141 2 174 1036 3 8 4 6 0 
96744 557 623 178 3 507 128 0 197 1050 3 0 4 6 0 
96827 524 585 164 4 513 130 6 194 1026 8 4 7 8 0 
96747 537 579 195 1 537 134 1 177 1071 7 5 2 7 0 
96877 506 620 186 6 512 123 1 185 961 7 4 7 5 0 
96750 534 590 177 4 512 131 3 226 1050 6 5 8 4 0 
96804 549 561 206 2 466 139 6 182 1068 7 2 3 5 0 
96794 532 553 189 2 536 108 3 199 1066 4 2 8 4 0 
96742 525 609 202 1 560 128 1 168 1048 3 3 5 5 0 
96765 530 592 184 1 490 135 6 212 1053 10 4 8 10 0 
96820 526 594 176 2 502 131 3 191 1029 5 5 9 7 0 
96761 564 568 196 3 562 126 2 178 1027 3 5 1 4 0 
96694 512 595 210 7 566 108 1 214 1070 9 3 6 5 0 
96839 540 560 181 7 523 126 4 190 1018 6 2 0 4 0 
96654 541 620 195 3 573 128 3 190 1074 5 2 6 6 0 
96758 556 615 191 0 501 139 3 188 1026 6 3 9 5 0 
96810 535 578 192 2 519 126 2 194 1025 4 3 7 3 0 
96725 549 558 170 2 551 131 5 181 1107 6 3 7 5 0 
96786 557 624 180 3 510 121 1 194 1002 4 3 7 8 0 
96684 578 612 198 1 532 134 2 167 1070 8 2 8 4 0 
96778 534 589 210 5 505 145 4 168 1033 6 5 12 6 0 
96807 540 576 171 4 534 121 2 188 1039 7 4 3 4 0 
96805 501 608 199 4 521 112 4 180 1051 3 2 5 5 0 
96743 533 586 191 1 537 143 3 170 1070 4 4 7 8 0 
96827 536 548 190 2 524 144 2 165 1049 8 0 4 1 0 
96704 501 600 186 2 545 131 4 205 1095 5 6 10 6 0 
96830 523 554 173 2 541 117 4 192 1042 5 4 5 8 0 
96749 536 582 182 3 551 145 4 187 1033 5 5 9 9 0 
96696 537 615 179 1 584 123 0 171 1075 0 4 4 11 0 
96865 516 586 172 4 486 127 5 197 1010 9 4 11 8 0 
96759 542 571 170 3 528 134 2 183 1088 8 3 5 4 0 
96809 545 591 201 4 479 138 2 177 1034 6 5 4 5 0 
96749 523 588 194 2 520 119 2 183 1092 9 2 9 8 0 
96711 541 581 206 4 538 134 1 181 1078 7 2 10 6 0 
96730 517 617 176 2 518 140 1 199 1079 6 3 4 8 0 
96750 540 559 174 3 516 142 1 217 1081 5 1 6 5 0 
96752 515 608 200 6 506 152 1 177 1060 6 2 8 7 0 
96785 529 613 194 8 527 107 6 185 1026 6 5 6 3 0 
96830 500 566 205 1 511 115 4 180 1070 5 3 5 5 0 
96840 532 545 185 2 549 120 1 198 1004 7 5 6 6 0 
96758 539 601 168 6 512 138 2 191 1066 6 1 7 5 0 
96734 525 593 219 5 508 143 3 176 1074 7 1 8 4 0 
96665 581 619 187 5 506 135 3 170 1107 7 3 2 10 0 
96720 515 568 200 3 584 131 1 176 1085 4 0 9 4 0 
96787 531 599 177 4 500 125 2 193 1056 8 5 4 9 0 
96702 585 558 205 2 520 116 6 187 1099 6 2 4 8 0 
96718 549 561 194 2 547 131 1 168 1106 8 3 6 6 0 
96706 539 555 204 2 539 139 2 171 1121 4 4 3 11 0 
96799 547 602 186 4 555 105 1 177 1009 1 2 8 4 0 
96726 545 593 179 2 558 121 6 198 1059 1 3 8 1 0 
96841 522 589 179 2 537 128 6 189 986 2 5 10 4 0 
96711 562 585 211 3 568 114 2 198 1026 6 1 7 6 0 
96809 506 583 207 7 520 103 4 178 1063 7 1 7 5 0 
96800 503 565 179 1 527 118 2 175 1107 6 2 7 8 0 
96719 546 589 193 6 553 126 0 196 1052 5 2 5 8 0 
96629 591 630 202 1 521 138 4 189 1080 4 3 3 5 0 
96761 554 569 156 5 524 127 1 168 1117 5 3 5 5 0 
96726 536 589 187 3 539 151 5 185 1057 6 4 7 5 0 
96765 538 562 169 0 528 132 2 175 1105 6 7 6 5 0 
96748 509 637 196 4 519 157 4 190 1020 7 0 5 4 0 
96699 520 612 189 0 557 130 0 197 1075 7 4 2 7 1 
96799 521 616 190 4 472 119 2 182 1076 6 1 6 6 0 
96842 490 556 192 2 518 139 3 189 1040 7 3 14 5 0 
96711 547 598 229 4 522 150 2 190 1026 8 0 9 4 0 
96740 512 633 207 4 494 143 5 180 1060 10 1 3 8 0 
96833 526 600 202 5 515 130 2 189 986 2 0 6 4 0 
96905 488 551 186 3 525 137 1 171 1012 4 4 7 6 0 
96772 521 602 193 10 494 106 5 209 1065 4 4 6 9 0 
96781 490 599 183 2 535 141 3 166 1077 7 4 4 8 0 
96732 513 598 189 2 540 131 1 196 1072 5 7 7 7 0 
96686 557 580 228 7 544 128 4 176 1067 10 2 7 4 0 
96775 529 562 196 2 554 138 2 190 1027 10 3 10 2 0 
96774 593 572 189 2 492 108 4 194 1048 6 5 7 6 0 
96833 503 594 198 4 518 115 1 187 1014 8 1 9 15 0 
96777 524 576 189 3 504 136 0 193 1074 7 4 5 8 0 
96763 552 588 173 1 487 126 4 190 1102 7 3 0 4 0 
96756 527 588 194 7 500 152 4 181 1073 8 3 3 4 0 
96692 552 614 202 2 546 104 2 178 1083 6 5 7 7 0 
96825 499 552 167 4 555 140 6 185 1047 6 4 5 5 0 
96777 520 578 187 3 507 142 3 205 1061 3 6 4 4 0 
96811 520 571 172 1 530 134 6 162 1072 7 3 4 7 0 
96754 535 599 188 4 499 141 1 198 1061 8 3 7 2 0 
96785 523 618 195 1 493 107 4 184 1070 4 1 7 8 0 
96681 544 630 209 6 540 133 4 188 1045 9 1 5 5 0 
96864 507 596 203 6 504 120 3 198 979 4 5 7 4 0 
96705 540 592 200 3 520 137 4 178 1097 8 2 7 7 0 
96732 530 580 172 1 551 129 5 179 1104 8 1 3 5 0 
96826 488 571 209 0 512 142 3 186 1042 5 2 6 8 0 
96717 543 612 182 3 519 129 4 202 1064 5 9 3 8 0 
96797 504 572 188 3 520 128 2 228 1041 7 0 3 7 0 
96772 537 588 199 1 527 132 6 165 1053 5 7 3 5 0 
96852 555 573 165 6 506 134 6 172 1016 5 3 3 4 0 
96749 491 582 200 5 561 108 6 180 1100 6 3 4 5 0 
96757 509 572 166 4 529 128 3 179 1132 5 3 9 4 0 
96750 525 546 185 4 548 147 1 200 1065 12 2 9 6 0 
96664 524 609 170 2 577 138 1 213 1075 9 3 9 6 0 
96702 532 584 201 3 544 136 3 191 1082 7 2 6 6 1 
96839 490 618 191 3 502 126 0 179 1028 5 3 7 9 0 
96701 549 631 175 4 524 139 1 187 1063 7 4 11 4 0 
96763 535 575 188 3 521 129 2 205 1056 7 2 6 8 0 
96815 480 584 180 1 518 136 1 191 1076 6 2 3 7 0 
96805 521 583 206 3 476 128 4 195 1061 9 3 1 5 0 
96725 496 557 207 4 535 127 2 178 1147 5 6 6 5 0 
96822 514 588 180 1 514 134 5 164 1058 5 4 6 5 0 
96752 519 652 162 6 552 111 2 172 1049 8 4 5 6 0 
96736 561 574 186 2 522 117 3 190 1084 7 6 4 8 0 
96745 519 630 189 4 536 126 1 168 1059 10 4 2 7 0 
96748 513 614 165 4 509 138 1 190 1093 8 4 4 9 0 
96737 543 583 173 1 539 135 3 176 1086 10 2 7 5 0 
96743 548 590 209 4 543 134 5 164 1045 2 3 6 4 0 
96783 520 537 179 7 518 117 4 190 1124 5 4 6 6 0 
96798 518 573 207 1 541 126 2 178 1040 4 4 3 5 0 
96685 557 595 218 4 515 140 4 191 1067 7 3 8 6 0 
96682 528 620 211 5 522 128 4 194 1088 4 5 4 5 0 
96765 481 624 194 1 497 120 3 195 1103 9 0 3 5 0 
96774 526 573 207 3 511 130 3 187 1068 4 5 4 5 0 
96830 510 540 185 4 520 132 0 198 1066 6 1 4 4 0 
96758 491 601 203 2 539 116 3 204 1052 7 6 10 7 1 
96796 538 581 180 0 499 145 3 187 1057 4 3 5 2 0 
96781 527 572 197 2 517 135 2 197 1042 10 2 5 11 0 
96774 575 590 183 6 511 127 3 170 1048 2 4 2 5 0 
96863 474 568 162 2 525 130 4 189 1062 7 2 7 5 0 
96716 558 608 192 3 560 164 1 167 1010 9 4 5 3 0 
96783 535 570 181 3 507 125 3 184 1092 9 2 5 1 0 
96766 523 639 185 6 524 134 4 168 1035 3 5 5 3 0 
96655 542 647 176 1 520 129 0 159 1143 7 5 8 8 0 
96798 529 555 179 3 521 107 3 191 1097 5 1 3 8 0 
96744 540 599 190 5 545 107 4 203 1048 5 3 3 3 1 
96759 539 585 191 2 513 120 2 183 1087 4 2 8 5 0 
96808 519 585 174 1 528 125 4 176 1063 5 3 5 4 0 
96703 553 605 196 0 522 122 4 209 1067 8 4 2 5 0 
96856 497 617 170 2 491 132 1 197 1022 4 3 4 4 0 
96821 517 573 179 3 541 131 3 171 1049 7 0 3 2 0 
96772 511 575 196 2 550 135 5 176 1065 6 1 3 3 0 
96813 521 563 179 3 506 139 1 188 1072 1 3 5 6 0 
96727 547 567 211 4 544 135 4 193 1048 3 5 7 5 0 
96787 536 598 213 2 517 113 1 178 1036 6 3 6 4 0 
96671 543 575 187 1 556 125 2 215 1105 10 3 6 1 0 
96821 530 575 184 4 532 111 4 167 1052 6 1 6 7 0 
96667 521 587 206 6 540 128 2 202 1120 9 2 6 4 0 
96764 523 619 205 5 508 134 6 192 1026 5 1 6 6 0 
96828 513 588 181 2 556 122 4 179 1010 4 1 6 6 0 
96724 539 564 194 3 563 146 1 185 1064 4 4 5 4 0 
96860 540 600 168 5 488 152 4 167 1000 5 2 5 4 0 
96779 529 564 189 4 561 126 2 189 1045 5 1 4 2 0 
96808 541 554 181 5 498 143 5 180 1063 5 4 6 7 0 
96785 512 593 176 1 561 116 3 163 1067 7 6 5 5 0 
96759 509 568 200 4 541 112 6 211 1077 5 2 2 4 0 
96720 566 579 184 4 546 117 0 190 1066 8 6 7 7 0 
96828 513 600 211 0 523 110 3 160 1031 6 3 7 5 0 
96729 560 594 167 2 567 125 1 162 1078 4 2 5 4 0 
96712 558 560 208 10 559 126 5 210 1037 5 2 6 2 0 
96643 586 590 196 3 509 145 4 163 1142 6 2 4 7 0 
96770 498 577 193 0 571 124 4 188 1060 4 5 3 3 0 
96817 543 566 197 2 484 135 6 180 1053 9 0 5 3 0 
96755 500 605 182 2 568 124 4 197 1049 6 1 3 4 0 
96753 535 598 197 3 501 130 1 194 1063 13 2 2 8 0 
96682 529 633 200 6 556 130 1 204 1035 4 7 6 7 0 
96703 549 606 187 5 542 141 1 182 1058 10 7 3 6 0 
96749 510 610 169 0 544 128 2 215 1058 4 1 5 5 0 
96711 525 638 187 8 516 128 1 202 1062 8 3 3 8 0 
96705 504 578 187 1 521 136 7 199 1149 3 4 4 2 0 
96626 582 580 177 4 543 140 2 193 1127 9 2 6 9 0 
96811 494 603 167 3 541 121 3 210 1029 4 3 6 5 0 
96673 548 609 204 3 568 150 3 180 1041 10 1 5 5 0 
96787 498 580 182 5 520 137 4 172 1091 6 7 5 6 0 
96778 508 594 178 5 500 121 4 180 1112 9 2 5 4 0 
96702 576 574 190 3 525 149 2 189 1061 9 7 4 9 0 
96758 548 576 196 2 526 130 2 179 1071 2 0 7 3 0 
96706 541 583 198 3 529 138 5 203 1067 6 5 8 7 1 
96844 495 570 215 3 525 116 4 203 1001 8 1 7 8 0 
96805 502 592 202 4 513 125 2 193 1035 11 2 6 8 0 
96756 524 561 206 1 536 121 1 202 1075 9 3 3 2 0 
96770 520 600 194 3 496 122 3 220 1055 6 2 6 3 0 
96755 534 592 193 6 563 124 1 190 1028 7 1 4 2 0 
96742 518 568 214 3 516 138 3 189 1084 9 3 8 5 0 
96835 549 577 183 1 508 126 1 190 1001 8 2 9 10 0 
96749 515 612 192 7 535 131 3 211 1026 6 0 5 8 0 
96774 535 600 196 1 522 133 3 172 1046 6 1 4 7 0 
96687 550 568 215 4 544 127 7 190 1084 5 6 8 5 0 
96738 547 634 209 2 530 123 4 166 1020 8 4 8 7 0 
96667 540 608 194 1 556 128 1 203 1071 6 5 13 7 0 
96797 512 619 171 1 503 118 4 163 1092 3 1 9 7 0 
96700 529 588 197 7 548 129 0 172 1109 6 6 4 5 0 
96832 526 548 221 3 509 138 2 180 1016 7 4 10 4 0 
96875 494 547 192 4 502 136 3 172 1048 9 3 9 6 0 
96661 556 617 188 2 522 153 3 195 1089 4 3 4 3 0 
96776 502 583 181 5 533 151 3 198 1045 6 6 5 6 0 
96739 541 553 190 5 551 134 4 181 1081 4 8 7 2 0 
96785 543 587 191 4 505 131 5 186 1035 9 7 6 6 0 
96745 549 564 215 0 502 133 2 203 1063 7 2 8 7 0 
96775 526 612 207 3 511 125 4 178 1036 7 6 4 6 0 
96783 532 579 168 4 519 139 2 182 1072 3 4 8 5 0 
96789 508 605 200 2 527 140 7 188 1018 4 3 4 5 0 
96785 508 585 167 3 509 138 3 179 1099 6 3 6 9 0 
96683 537 641 195 3 536 111 3 182 1087 4 6 6 6 0 
96832 490 549 170 8 514 109 3 188 1114 9 5 4 5 0 
96781 536 589 208 3 486 128 5 195 1052 6 2 5 4 0 
96790 557 542 179 3 555 115 2 202 1031 5 4 8 6 1 
96670 535 610 211 2 558 126 1 191 1074 6 5 6 5 0 
96780 518 579 198 5 530 112 3 181 1067 6 2 11 7 1 
96755 521 593 197 0 522 138 1 172 1083 9 0 4 5 0 
96769 552 595 184 4 517 147 3 207 1000 6 4 7 5 0 
96769 527 583 204 2 514 127 3 187 1063 4 3 9 5 0 
96779 533 595 190 0 515 138 2 202 1032 4 2 6 2 0 
96692 546 622 190 3 522 137 1 197 1070 8 4 2 6 0 
96738 501 604 213 1 528 138 2 203 1056 7 2 4 3 0 
96744 543 584 210 4 526 132 4 171 1073 5 0 2 2 0 
96828 521 553 200 0 515 118 3 198 1047 3 3 6 5 0 
96733 480 610 165 4 554 143 2 170 1120 3 1 9 6 0 
96756 491 579 194 2 539 108 1 201 1106 6 4 7 6 0 
96768 529 588 166 9 543 119 2 194 1056 7 4 8 7 0 
96704 577 615 184 2 515 161 3 183 1032 3 8 4 9 0 
96697 547 615 223 4 505 133 2 184 1061 11 7 7 4 0 
96762 526 524 203 4 525 135 3 201 1090 5 5 9 8 0 
96800 514 598 181 4 489 130 0 198 1067 4 3 6 6 0 
96867 500 573 186 4 505 104 2 190 1042 7 7 8 5 0 
96676 539 638 197 1 560 111 1 167 1093 2 3 6 6 0 
96786 492 594 180 4 555 129 3 196 1042 6 2 7 4 0 
96709 537 589 180 5 532 146 3 211 1071 4 2 6 5 0 
96683 551 618 200 5 534 139 1 212 1041 3 4 6 3 0 
96732 561 569 202 1 515 144 1 187 1069 7 4 4 4 0 
96744 525 584 204 3 568 128 5 201 1020 4 3 5 6 0 
96732 548 570 188 2 545 127 4 178 1083 4 4 11 4 0 
96745 489 620 181 1 522 140 1 200 1084 3 2 6 6 0 
96715 514 608 174 1 513 118 3 194 1131 5 7 8 9 0 
96737 508 608 184 8 536 116 1 202 1080 2 5 5 8 0 
96772 519 595 192 5 489 163 3 182 1061 3 2 7 6 1 
96775 559 568 178 3 503 115 3 201 1075 3 8 5 4 0 
96780 544 578 197 4 536 137 1 187 1018 5 1 5 7 0 
96684 531 630 191 2 573 140 4 186 1041 5 4 4 5 0 
96765 485 602 171 4 537 125 1 187 1103 0 7 9 4 0 
96822 510 563 214 4 514 119 2 178 1050 7 6 6 5 0 
96703 553 577 220 5 546 136 3 190 1046 5 4 3 9 0 
96781 508 635 197 2 526 103 0 167 1061 6 2 3 9 0 
96731 544 558 189 1 542 135 1 210 1074 3 3 5 4 0 
96731 529 580 191 4 519 115 1 204 1107 8 2 5 4 0 
96716 551 574 192 3 516 132 7 229 1059 5 1 7 8 0 
96714 532 598 197 4 544 140 1 186 1065 7 3 5 4 0 
96811 516 603 174 7 521 100 1 178 1067 6 1 9 6 0 
96803 562 589 176 2 510 128 3 174 1030 1 5 7 10 0 
96785 502 608 179 6 520 134 6 184 1051 5 5 10 5 0 
96689 538 580 202 1 552 165 2 166 1087 5 5 2 6 0 
96733 518 561 200 2 527 131 3 201 1100 7 5 5 7 0 
96811 503 598 187 5 538 120 7 186 1025 3 6 8 3 0 
96738 541 621 186 8 517 125 0 198 1046 8 3 5 4 0 
96741 463 549 208 4 550 125 1 212 1125 7 1 9 5 0 
96754 547 583 191 6 515 128 4 176 1078 9 0 4 5 0 
96819 532 609 127 2 537 129 3 200 1021 7 2 6 6 0 
96783 512 559 177 4 557 118 3 174 1100 5 3 3 2 0 
96759 507 620 156 3 530 137 2 173 1095 7 4 4 3 0 
96838 510 588 175 2 547 145 4 168 1006 6 5 4 2 0 
96729 502 591 205 5 542 128 3 156 1112 7 5 8 7 0 
96788 526 551 172 6 529 135 4 192 1083 3 0 9 2 0 
96705 528 595 199 4 506 135 2 188 1109 5 5 11 8 0 
