96828 540 557 135 5 464 129 0 229 1093 3 7 6 4 0 
96657 583 595 153 4 517 161 2 225 1082 11 1 7 2 0 
96796 553 540 130 1 484 128 1 221 1122 8 9 5 2 0 
96826 559 591 133 7 446 141 2 229 1053 4 0 5 4 0 
96720 568 626 139 2 485 122 4 248 1064 7 3 6 6 0 
96737 588 574 111 2 479 128 1 239 1124 5 3 5 4 0 
96786 581 612 139 4 452 131 3 218 1057 7 3 4 3 0 
96738 576 603 154 2 477 127 3 255 1051 4 3 4 3 0 
96771 569 542 141 2 503 154 1 225 1074 6 2 7 3 0 
96767 571 599 145 1 488 130 3 214 1058 12 2 5 5 0 
96715 612 562 132 2 502 130 1 230 1100 5 3 5 1 0 
96848 584 585 120 1 495 138 4 220 988 7 3 5 2 0 
96843 557 563 120 3 479 138 1 236 1044 7 1 6 2 0 
96686 616 592 153 4 468 130 3 261 1064 11 2 5 5 0 
96664 533 629 126 6 521 147 3 242 1108 9 5 3 4 0 
96760 569 596 142 3 469 140 3 233 1066 10 0 5 4 0 
96789 551 554 151 3 505 128 1 233 1059 6 5 9 6 0 
96845 554 550 129 3 489 145 2 235 1030 4 4 7 3 0 
96703 561 632 136 3 490 135 1 240 1072 10 3 7 7 0 
96764 585 575 156 2 464 112 2 247 1069 8 1 7 8 0 
96679 581 594 145 3 515 131 2 276 1050 8 0 7 9 0 
96701 545 608 150 2 502 133 1 256 1080 7 5 6 4 0 
96759 570 565 138 5 460 152 4 253 1072 11 4 4 3 0 
96805 562 610 130 3 460 131 1 243 1035 4 3 6 7 0 
96686 584 593 149 1 502 118 3 245 1094 13 1 6 5 0 
96683 582 605 157 3 486 130 3 243 1093 5 3 2 5 0 
96832 524 582 125 3 496 125 0 222 1067 8 2 9 5 0 
96773 563 591 137 4 443 134 2 228 1112 1 3 3 6 0 
96742 600 587 128 2 523 126 1 226 1047 1 7 5 5 0 
96784 553 563 137 1 472 127 1 259 1084 7 2 4 6 0 
96695 547 584 133 2 502 124 9 236 1144 7 5 4 8 0 
96705 555 578 138 0 491 139 3 233 1138 6 7 4 3 0 
96689 609 573 160 6 503 119 2 245 1076 5 2 7 4 0 
96792 545 576 137 6 494 110 3 245 1076 7 1 4 4 0 
96797 601 546 165 1 479 128 4 243 1020 8 0 5 3 0 
96801 590 551 142 4 486 131 3 244 1022 9 4 8 5 0 
96752 580 600 136 3 527 137 4 226 1019 3 5 5 3 0 
96686 608 554 157 3 480 132 2 235 1120 14 2 1 6 0 
96684 615 628 136 2 501 137 0 246 1032 5 4 6 4 0 
96795 585 583 131 3 492 126 1 244 1017 3 7 6 7 0 
96718 615 569 138 2 499 130 2 262 1049 5 3 5 3 0 
96765 578 578 150 3 488 133 1 235 1044 7 2 8 8 0 
96715 573 581 153 6 500 139 0 241 1065 13 6 4 4 0 
96752 601 628 134 3 448 120 1 242 1052 4 3 7 5 0 
96719 578 605 130 5 465 136 2 235 1103 9 6 7 0 0 
96794 553 614 142 4 494 137 2 225 1017 7 3 5 3 0 
96840 579 572 146 4 503 129 4 237 966 6 0 9 5 0 
96760 582 608 128 2 491 141 1 246 1023 2 4 9 3 0 
96695 564 621 133 6 500 126 5 258 1074 7 3 6 2 0 
96720 574 614 154 3 470 134 4 232 1078 7 4 3 3 0 
96781 566 598 128 5 460 153 2 208 1073 2 10 5 9 0 
96748 543 603 153 1 470 125 3 230 1094 12 0 9 9 0 
96719 527 593 141 5 521 105 3 248 1117 7 3 7 4 0 
96711 593 600 128 3 498 126 0 241 1080 8 6 5 1 0 
96717 573 572 144 4 538 123 0 214 1086 7 5 10 7 0 
96841 563 589 143 2 437 126 2 255 1017 7 6 5 7 0 
96792 582 609 147 1 438 124 5 240 1034 11 7 6 4 0 
96702 590 564 144 4 517 131 3 223 1098 7 2 9 6 0 
96786 575 616 129 4 491 140 4 233 1001 8 2 7 4 0 
96682 549 608 131 5 478 142 4 247 1138 3 3 5 5 0 
96784 555 618 133 3 489 138 2 212 1040 10 4 7 5 0 
96801 547 564 149 1 471 124 0 244 1082 6 3 3 5 0 
96799 558 623 137 2 472 127 2 221 1036 3 3 11 6 0 
96697 598 582 136 0 469 150 3 249 1099 8 2 3 4 0 
96736 619 583 144 6 480 146 4 221 1042 7 3 7 2 0 
96784 536 583 127 2 505 145 1 222 1074 7 3 6 5 0 
96838 558 573 138 5 463 145 3 227 1030 2 3 10 5 0 
96707 596 616 146 4 467 140 4 216 1084 6 3 4 7 0 
96805 575 541 157 4 461 120 2 242 1080 5 1 3 4 0 
96748 592 574 140 5 463 143 4 240 1071 5 4 3 8 0 
96788 605 596 133 3 488 118 6 231 1016 4 4 4 4 0 
96804 539 593 166 6 472 123 4 219 1052 5 5 5 7 0 
96538 618 648 160 5 488 148 2 253 1118 4 2 7 9 0 
96717 579 614 107 1 482 134 3 235 1108 2 2 11 5 0 
96745 586 628 135 4 442 131 1 231 1082 4 4 1 6 0 
96850 521 593 156 2 460 143 6 236 1007 5 1 14 6 0 
96731 584 596 127 4 459 143 3 220 1114 7 4 5 3 0 
96732 550 591 148 0 509 142 4 238 1067 8 2 7 2 0 
96711 582 595 143 7 508 151 2 226 1056 4 4 8 3 0 
96732 547 595 141 3 522 128 2 230 1077 7 4 8 4 0 
96763 540 597 119 3 506 134 2 237 1080 2 4 8 5 0 
96684 580 578 122 1 500 128 3 255 1129 4 5 5 6 0 
96805 567 602 144 3 468 150 1 219 1024 4 5 5 3 0 
96810 591 580 135 2 456 117 1 235 1053 6 3 4 7 0 
96753 595 548 136 2 507 125 2 246 1057 8 2 7 12 0 
96723 586 604 141 1 493 149 1 219 1064 8 1 5 5 0 
96825 553 586 162 4 450 122 2 231 1044 5 3 6 7 0 
96785 576 603 138 2 485 126 4 203 1051 9 5 9 4 0 
96702 604 614 154 5 494 118 4 251 1039 8 2 2 3 0 
96704 561 605 153 2 456 156 0 260 1090 4 2 4 3 0 
96835 550 552 145 6 496 119 2 240 1043 5 3 0 4 0 
96797 555 584 133 5 465 149 4 249 1044 3 2 4 6 0 
96801 604 545 148 3 458 129 5 236 1053 6 1 6 5 0 
96682 574 597 137 3 561 117 2 261 1042 7 7 6 4 0 
96779 599 563 126 4 463 131 2 246 1066 3 3 5 10 0 
96764 578 576 138 1 495 138 0 228 1070 2 6 4 0 0 
96800 552 586 132 1 486 141 2 266 1016 4 3 7 4 0 
96768 606 607 160 3 463 130 0 219 1026 3 5 4 6 0 
96723 546 615 143 1 478 148 3 262 1057 6 6 1 9 2 
96732 560 582 148 6 461 124 3 254 1107 8 5 4 6 0 
96717 599 598 143 1 494 129 3 237 1056 10 5 4 4 0 
96751 547 601 174 3 487 126 3 234 1060 4 4 2 4 0 
96710 579 593 152 2 501 132 4 228 1078 8 1 4 8 0 
96776 597 616 152 5 478 104 1 225 1028 8 1 2 6 1 
96755 587 610 153 2 474 127 2 218 1046 7 7 7 5 0 
96731 577 610 127 3 500 130 2 220 1071 11 6 6 6 0 
96978 523 563 126 0 450 107 0 226 1005 6 3 9 4 0 
96704 598 596 143 9 477 143 4 240 1057 8 8 9 4 0 
96755 558 625 143 3 493 123 4 220 1051 11 3 6 5 0 
96825 571 580 131 0 459 130 0 223 1058 6 2 5 10 0 
96703 541 633 138 1 519 122 2 225 1097 6 2 4 7 0 
96591 628 565 150 6 500 145 1 265 1138 2 1 4 4 0 
96704 571 622 133 1 505 114 3 250 1073 9 3 8 4 0 
96770 539 604 142 4 477 141 5 225 1067 6 5 8 7 0 
96771 562 576 133 1 506 130 4 230 1066 8 2 7 4 0 
96715 569 600 150 3 523 134 1 222 1060 9 6 2 6 0 
96716 621 598 136 2 465 135 2 243 1067 5 1 3 6 0 
96742 581 588 133 1 482 121 3 235 1100 4 2 3 5 0 
96817 624 562 116 3 481 120 3 228 1023 7 4 10 2 0 
96709 580 631 141 1 490 131 3 212 1081 6 5 5 5 0 
96828 525 626 136 3 489 138 3 223 1014 3 0 7 5 0 
96791 584 598 155 2 471 147 2 225 1012 2 3 5 3 0 
96845 566 577 144 8 439 126 0 243 1034 6 4 5 3 0 
96822 574 574 133 4 488 122 6 229 1038 6 2 1 1 0 
96844 577 560 145 1 474 107 1 203 1064 9 5 7 3 0 
96686 572 552 157 2 531 124 1 258 1099 4 4 7 3 0 
96749 571 593 146 2 453 142 1 237 1082 7 2 9 6 0 
96895 560 554 116 5 450 137 1 239 1025 6 3 5 4 0 
96764 561 610 136 4 498 125 4 237 1036 7 6 5 7 0 
96749 598 599 132 3 499 120 3 235 1043 5 4 4 6 0 
96790 545 567 139 4 489 148 3 244 1045 10 5 4 7 0 
96673 572 610 152 8 509 119 3 232 1105 5 3 6 3 0 
96830 547 548 125 3 501 125 6 245 1052 7 2 3 6 0 
96731 573 550 163 6 493 129 3 240 1098 7 2 1 4 0 
96889 542 515 150 3 455 113 0 223 1098 6 1 4 1 0 
96775 542 578 179 4 468 140 2 209 1080 6 2 10 5 0 
96844 550 615 134 3 486 118 3 237 993 6 2 5 4 0 
96710 583 612 136 1 507 131 3 256 1046 9 1 3 2 0 
96648 605 637 119 6 512 131 3 247 1075 5 5 2 5 0 
96769 550 591 171 3 472 135 2 250 1034 8 2 6 7 0 
96724 575 610 131 3 492 157 3 230 1054 7 4 6 4 0 
96749 561 607 160 3 481 139 4 232 1036 9 2 7 10 0 
96759 576 575 127 0 489 116 2 229 1104 8 2 8 5 0 
96751 562 587 144 3 477 133 3 259 1070 4 3 1 3 0 
96754 513 592 159 4 480 122 6 245 1106 3 6 6 4 0 
96817 549 560 134 2 485 132 2 254 1048 6 2 4 5 0 
96770 580 579 140 7 463 141 3 226 1066 7 2 8 8 0 
96794 562 610 137 3 465 126 3 247 1032 3 3 3 12 0 
96807 569 637 140 3 467 120 1 253 985 4 5 4 5 0 
96805 557 555 149 5 457 147 2 230 1076 5 3 3 6 0 
96668 624 599 145 0 498 159 0 226 1060 10 6 3 2 0 
96731 558 618 147 4 464 113 1 246 1095 7 5 7 4 0 
96681 598 610 137 5 499 132 4 223 1086 7 5 7 6 0 
96794 581 612 137 3 463 128 0 215 1049 3 4 5 6 0 
96742 604 609 132 2 473 133 2 230 1050 9 4 5 5 0 
96777 549 600 139 5 471 128 2 245 1066 4 3 5 6 0 
96717 552 596 129 7 531 125 1 252 1062 10 3 6 9 0 
96712 577 574 136 6 477 107 2 266 1115 13 3 9 3 0 
96782 572 602 156 1 451 117 3 262 1038 4 7 4 1 0 
96741 544 595 146 0 473 117 4 258 1106 4 3 5 4 0 
96610 607 597 143 4 492 131 3 251 1139 6 2 8 7 0 
96747 585 572 157 4 487 116 3 236 1071 10 2 3 7 0 
96751 600 594 153 2 490 151 2 249 993 3 1 8 3 0 
96853 567 572 153 1 427 129 0 219 1065 4 2 4 4 0 
96670 591 610 158 5 474 137 4 228 1102 6 6 5 3 1 
96705 590 601 163 2 476 123 4 220 1090 7 5 7 7 0 
96756 560 642 126 3 455 116 4 257 1059 8 4 3 7 0 
96712 582 576 129 3 503 147 4 237 1078 9 6 8 6 0 
96708 565 643 133 4 475 147 1 234 1065 9 4 3 9 0 
96744 558 601 144 5 462 100 3 249 1112 7 2 6 7 0 
96715 591 574 129 2 547 117 1 247 1054 6 2 5 9 1 
96704 572 591 156 4 493 120 6 246 1086 7 2 7 6 0 
96817 602 580 134 2 487 132 4 230 993 3 5 6 5 0 
96774 592 572 137 2 453 128 1 238 1094 1 1 5 2 0 
96724 594 581 150 0 496 127 3 230 1076 5 3 4 7 0 
96791 579 584 143 4 490 130 4 221 1042 4 2 2 4 0 
96728 576 633 150 3 447 134 2 264 1053 5 1 3 1 0 
96770 579 615 135 4 437 124 4 242 1070 6 3 7 4 0 
96692 575 566 165 3 523 136 2 244 1073 7 1 8 5 0 
96673 604 576 132 2 515 150 5 243 1072 9 5 7 7 0 
96720 585 610 127 2 514 147 1 248 1016 8 4 10 8 0 
96717 561 628 148 2 475 139 2 238 1067 7 4 7 5 0 
96779 558 576 142 4 505 124 4 252 1044 4 1 3 4 0 
96739 616 580 127 4 456 121 3 240 1085 11 5 8 5 0 
96793 585 587 144 6 489 129 3 221 1021 5 3 8 6 0 
96813 600 602 123 4 451 143 1 224 1010 10 6 6 7 0 
96766 581 549 127 4 501 137 1 244 1069 5 7 3 6 0 
96744 553 560 150 3 520 131 2 242 1077 7 3 4 4 0 
96743 586 573 123 1 501 131 2 268 1056 2 2 6 6 0 
96750 566 542 147 0 499 138 3 236 1097 4 6 9 3 0 
96806 569 598 125 1 469 126 4 213 1065 10 2 9 3 0 
96810 531 594 163 3 476 124 1 210 1075 4 4 2 3 0 
96711 572 585 132 4 479 139 2 247 1110 8 2 4 5 0 
96732 632 613 134 1 442 137 3 234 1052 7 3 4 6 0 
96630 603 626 125 3 487 125 3 244 1127 8 3 12 4 0 
96823 523 564 120 4 485 153 4 253 1052 7 2 7 3 0 
96809 586 597 139 3 467 127 4 229 1029 2 1 4 3 0 
96738 576 563 144 4 485 131 1 253 1077 11 2 8 7 0 
96858 537 591 158 1 459 95 4 232 1050 6 1 6 2 0 
96726 551 604 154 4 492 138 1 246 1066 6 4 6 2 0 
96804 549 554 128 2 522 133 3 235 1051 7 2 5 5 0 
96711 596 583 158 0 492 126 0 235 1080 5 3 6 5 0 
96837 565 584 156 4 461 133 1 223 1021 6 0 6 3 0 
96658 586 602 157 4 500 123 3 253 1093 4 5 8 4 0 
96819 610 547 123 6 506 108 1 231 1021 3 4 9 12 0 
96696 607 582 122 3 515 157 4 246 1045 6 3 8 6 0 
96703 631 584 130 2 466 144 5 222 1094 6 1 5 7 0 
96820 595 569 127 2 472 101 2 243 1040 8 5 10 6 0 
96744 547 561 144 3 538 122 3 241 1073 7 5 5 7 0 
96741 571 581 134 2 503 140 3 233 1065 11 5 6 5 0 
96771 559 559 138 3 506 122 1 270 1047 6 3 10 5 0 
96777 557 611 151 4 491 115 3 211 1061 9 2 6 2 0 
96692 569 587 147 3 501 127 2 261 1084 9 7 4 7 0 
96777 578 610 137 4 463 144 4 234 1030 6 2 6 5 0 
96822 559 545 137 6 493 114 2 251 1053 2 4 10 2 0 
96831 572 599 137 1 467 134 4 224 1014 3 4 6 4 0 
96767 598 612 130 2 439 114 0 218 1098 7 2 6 7 0 
96803 552 560 145 2 479 123 1 224 1093 5 1 7 5 0 
96847 555 581 139 4 470 108 2 224 1048 9 3 3 7 0 
96744 557 564 155 3 507 122 5 230 1094 10 3 4 2 0 
96707 619 581 150 2 488 131 2 245 1057 5 1 8 4 0 
96816 553 565 146 5 500 116 2 252 1026 7 2 6 4 0 
96664 624 594 152 2 476 134 1 236 1102 3 3 5 4 0 
96753 548 568 158 3 505 121 2 242 1081 12 0 4 3 0 
96718 614 592 132 6 488 121 4 216 1086 6 5 6 6 0 
96823 575 564 149 7 478 120 2 215 1048 7 3 4 5 0 
96673 585 608 155 1 497 142 3 259 1054 8 5 6 4 0 
96779 552 600 127 3 470 145 4 241 1056 8 7 4 4 0 
96793 604 563 130 6 471 135 5 238 1031 6 5 10 3 0 
96728 578 596 150 0 490 120 3 251 1069 7 4 2 2 0 
96792 568 599 123 1 466 133 5 259 1031 6 3 7 7 0 
96769 608 581 140 0 458 121 1 231 1079 3 2 3 4 0 
96754 552 621 160 3 466 140 4 257 1025 4 1 8 5 0 
96726 576 577 114 4 514 123 4 247 1101 3 4 3 4 0 
96791 535 602 133 7 475 130 2 232 1074 3 2 6 8 0 
96741 545 599 155 3 493 134 2 222 1091 6 0 1 8 0 
96811 568 574 156 3 482 120 5 219 1041 7 3 6 5 0 
96878 545 615 136 4 471 104 4 232 994 4 2 4 7 0 
96703 599 593 135 1 486 122 3 239 1097 9 2 7 4 0 
96776 596 579 148 1 515 126 8 234 991 11 3 5 7 0 
96747 591 573 151 3 509 136 0 252 1026 5 1 3 3 0 
96821 564 546 152 3 475 120 1 227 1064 7 2 11 7 0 
96786 579 573 130 2 506 123 3 246 1023 9 2 11 7 0 
96817 559 555 159 3 466 131 3 223 1067 6 4 5 2 0 
96669 596 630 153 2 484 117 2 267 1054 10 5 5 6 0 
96741 567 593 152 4 466 139 4 247 1074 4 0 6 3 0 
96765 625 572 116 1 472 130 2 249 1044 7 3 8 5 1 
96767 574 587 170 2 451 129 2 237 1067 5 5 1 3 0 
96741 567 588 146 1 472 119 2 249 1085 11 5 8 6 0 
96680 611 600 143 2 489 143 4 225 1080 5 3 7 8 0 
96711 591 563 152 9 501 129 4 225 1095 5 4 7 4 0 
96765 559 573 140 4 510 117 2 237 1077 3 4 6 3 0 
96778 523 585 145 4 480 137 0 224 1103 10 3 4 4 0 
96681 555 602 136 1 491 122 1 269 1120 8 3 5 6 0 
96729 578 568 164 1 483 124 3 258 1066 9 8 3 6 0 
96806 561 578 144 5 507 128 4 223 1021 9 2 9 3 0 
96690 573 617 144 4 498 117 3 226 1118 2 1 5 2 0 
96835 580 582 148 3 449 124 1 212 1045 12 2 4 3 0 
96845 592 553 145 5 490 126 2 214 1011 6 3 3 5 0 
96732 529 589 132 2 495 128 2 232 1143 5 2 3 6 0 
96691 566 613 129 3 490 155 2 274 1055 8 1 6 6 1 
96867 561 565 156 6 468 125 2 245 982 9 2 6 6 0 
96658 588 600 136 4 510 129 2 245 1109 8 1 5 5 0 
96778 543 618 163 4 493 130 1 226 1024 6 2 4 8 0 
96782 570 593 135 3 472 139 1 235 1046 8 5 2 9 0 
96728 582 592 125 0 508 132 4 248 1067 5 1 4 4 0 
96781 579 576 141 4 503 121 4 209 1053 7 6 8 8 0 
96818 541 607 122 0 478 130 1 245 1036 5 3 8 6 0 
96668 597 611 135 2 503 125 3 237 1100 4 4 5 6 0 
96733 559 585 150 5 509 127 3 254 1053 6 5 9 2 0 
96813 549 597 167 4 493 126 2 199 1022 7 6 8 7 0 
96667 563 617 150 4 495 131 4 234 1109 10 2 10 4 0 
96715 592 576 142 6 495 123 0 266 1066 6 4 5 4 0 
96683 595 596 150 1 487 118 2 230 1123 2 1 7 5 0 
96785 548 616 141 4 479 120 1 227 1057 10 4 4 4 0 
96817 589 601 144 7 474 131 2 218 993 8 6 6 4 0 
96831 585 534 153 2 497 113 4 236 1025 8 2 4 6 0 
96810 553 545 137 3 491 143 3 235 1054 8 4 6 8 0 
96725 573 586 153 5 491 127 4 219 1099 4 7 3 4 0 
96753 607 596 142 7 489 141 3 244 1000 5 2 5 6 0 
96852 539 610 118 5 469 128 1 205 1056 4 1 7 5 0 
96689 570 619 128 4 493 142 4 264 1059 12 3 6 7 0 
96734 575 578 149 5 482 125 5 236 1084 9 7 10 1 0 
96747 590 614 144 3 460 122 4 258 1044 6 2 2 3 1 
96810 580 617 129 8 494 109 1 236 987 10 7 7 5 0 
96830 545 560 160 3 443 160 2 223 1054 4 8 5 3 0 
96719 622 567 154 3 492 130 1 225 1070 5 2 8 2 0 
96711 564 608 147 4 488 128 3 250 1069 14 2 6 6 0 
96848 551 573 120 6 473 149 3 208 1043 8 4 6 8 0 
96789 547 614 141 5 489 114 4 224 1052 6 2 6 7 0 
96793 594 585 149 3 462 109 3 221 1060 6 2 5 8 0 
96767 600 570 140 2 488 131 3 238 1047 3 1 8 2 0 
96731 589 641 149 5 450 141 4 231 1038 6 2 7 6 0 
96786 574 597 123 2 498 117 4 232 1043 3 5 8 8 0 
96699 587 566 147 5 517 123 7 240 1092 8 3 2 4 0 
96748 585 594 148 1 444 133 5 250 1069 8 5 5 5 0 
96641 607 661 138 1 500 128 4 228 1066 10 3 7 6 0 
96727 591 588 133 3 503 119 6 227 1084 3 4 9 3 0 
96750 575 605 137 7 465 132 3 223 1086 4 6 4 2 1 
96714 566 590 147 4 464 136 2 251 1105 5 3 10 3 0 
96841 546 565 137 4 500 115 2 216 1057 4 1 7 5 0 
96701 574 589 169 4 510 134 3 234 1065 7 3 5 1 1 
96784 574 572 154 6 494 122 3 228 1047 7 2 3 4 0 
96842 570 559 133 2 446 125 5 244 1052 8 5 6 3 0 
96723 586 619 133 5 490 126 0 229 1065 10 2 8 4 0 
96740 600 579 159 3 505 132 2 234 1021 11 2 6 6 0 
96804 588 550 146 2 473 124 2 234 1063 4 2 3 5 0 
96817 581 559 134 2 461 131 5 250 1045 5 5 1 4 0 
96859 560 572 144 3 463 116 4 224 1034 7 2 5 7 0 
96614 608 604 144 5 490 125 2 233 1158 5 1 8 3 0 
96742 613 542 156 3 486 130 4 243 1062 10 2 3 4 0 
96766 565 599 132 3 477 144 3 242 1046 9 4 8 2 0 
96730 572 571 141 2 518 126 2 244 1075 7 1 4 7 0 
96781 554 583 146 2 487 118 2 241 1058 8 7 8 5 0 
96797 571 613 139 3 484 124 4 231 1012 10 4 5 3 0 
96776 581 559 138 4 486 141 3 251 1039 5 8 4 5 0 
96836 561 566 147 4 511 114 3 224 1019 2 5 5 3 0 
96691 570 591 134 6 520 148 5 263 1048 7 4 8 5 0 
96625 590 620 171 4 496 131 1 245 1091 4 4 10 8 0 
96737 579 598 147 4 480 161 4 238 1038 3 2 3 6 0 
96792 580 571 148 3 482 140 4 215 1045 6 2 4 8 0 
96745 543 572 155 1 490 130 2 237 1109 6 3 3 4 0 
96738 543 584 140 6 501 123 4 230 1108 12 3 5 3 0 
96742 573 579 150 1 450 144 4 228 1101 11 2 8 7 0 
96864 595 573 143 1 453 145 2 216 993 6 2 4 3 0 
96720 556 666 152 5 470 112 2 232 1061 8 9 2 5 0 
96827 532 632 139 1 475 122 5 244 1001 7 5 5 5 0 
96784 574 590 127 5 483 140 2 251 1024 5 3 6 6 0 
96773 589 582 143 2 468 133 0 247 1034 8 6 10 5 0 
96707 587 555 143 2 496 140 3 248 1097 5 3 7 7 0 
96823 584 560 137 3 471 138 1 234 1037 3 2 4 3 0 
96734 600 564 132 4 538 132 2 235 1037 9 3 5 5 0 
96775 581 603 136 4 429 142 2 244 1060 8 2 6 8 0 
96711 601 565 155 4 466 148 3 235 1082 7 5 7 11 0 
96729 584 592 142 3 477 139 2 229 1085 2 3 8 5 0 
96809 550 574 137 2 459 132 3 237 1082 6 1 5 3 0 
96752 539 611 153 1 486 150 5 217 1068 5 3 4 6 0 
96648 600 641 139 1 474 150 3 241 1083 4 3 8 5 0 
96711 549 567 144 3 478 128 4 238 1154 8 4 6 6 0 
96750 562 582 158 8 464 126 2 243 1087 3 4 8 3 0 
96743 582 603 135 2 507 128 3 239 1037 9 2 6 4 0 
96750 583 586 133 3 478 128 0 239 1074 12 4 3 7 0 
96814 586 572 149 3 475 118 3 203 1062 3 4 3 5 0 
96889 551 541 125 6 494 131 2 204 1046 1 3 3 4 0 
96779 565 579 143 4 489 129 1 227 1059 11 3 8 3 0 
96663 574 644 156 5 508 129 7 195 1103 8 3 4 1 0 
96783 575 572 134 2 448 137 4 237 1089 8 4 3 4 0 
96748 560 608 134 5 456 150 2 230 1079 9 6 6 7 0 
96660 619 576 176 4 478 121 3 261 1085 3 1 7 6 0 
96824 557 543 143 4 467 152 2 244 1043 8 2 5 6 0 
96835 558 560 129 0 491 132 1 259 1013 8 5 3 6 0 
96767 583 630 138 3 456 125 2 232 1038 6 5 8 7 0 
96644 618 571 174 1 534 148 1 242 1050 6 3 4 4 0 
96817 519 641 135 3 460 135 1 237 1031 5 5 9 2 0 
96747 542 594 153 1 503 148 5 211 1069 7 6 5 8 1 
96849 540 637 123 2 428 125 9 242 1033 3 6 1 2 0 
96783 571 587 148 3 504 117 5 208 1052 9 3 7 3 0 
96681 582 585 150 5 468 136 0 257 1118 5 1 5 7 0 
96746 572 599 135 6 483 139 2 233 1068 8 1 3 5 0 
96798 534 568 164 5 463 140 3 250 1051 8 4 5 7 0 
96721 587 583 141 2 483 139 1 231 1083 14 5 6 4 0 
96748 569 579 151 3 473 135 4 222 1096 10 3 1 6 0 
96809 580 592 150 0 465 129 2 243 1010 8 3 4 5 0 
96653 603 604 150 3 504 131 4 249 1088 3 2 2 4 0 
96750 594 566 149 6 486 140 6 225 1060 8 3 5 2 0 
96844 557 549 153 1 474 112 2 232 1048 12 2 6 8 0 
96660 588 600 128 1 492 117 4 237 1143 10 3 9 8 0 
96755 547 603 144 4 493 128 1 242 1066 2 1 7 7 0 
96815 554 601 149 2 492 127 3 216 1028 5 1 5 2 0 
96736 592 594 139 5 502 130 1 214 1066 6 2 11 2 0 
96790 573 593 135 2 460 121 2 217 1090 7 4 4 2 0 
96702 586 623 144 1 487 131 5 224 1077 7 0 5 8 0 
96769 590 593 131 9 466 132 5 238 1044 6 2 9 6 0 
96665 568 668 136 8 488 116 2 260 1069 1 6 9 4 0 
96678 578 582 151 2 523 129 5 214 1115 8 2 9 4 0 
96755 593 564 145 4 475 138 3 245 1053 11 1 5 8 0 
96767 539 591 146 3 475 135 3 222 1096 5 3 8 7 0 
96794 574 574 131 4 438 153 3 237 1071 6 2 7 6 0 
96684 579 612 145 11 483 120 3 262 1082 2 5 7 5 0 
96791 531 618 148 4 481 139 4 197 1062 11 1 9 4 0 
96790 579 587 149 2 491 120 1 242 1020 12 2 2 3 0 
96798 570 578 141 2 504 124 3 217 1044 5 7 3 4 0 
96835 560 536 155 5 477 138 4 221 1046 9 3 3 8 0 
96683 588 581 154 2 476 158 1 217 1122 9 3 3 3 0 
96722 601 560 133 0 468 140 3 241 1106 12 1 7 6 0 
96732 586 559 164 0 502 130 4 221 1071 10 9 5 7 0 
96671 565 663 125 8 478 132 0 227 1111 7 7 3 3 0 
96755 572 595 137 2 477 142 1 248 1049 4 2 5 11 0 
96757 587 530 146 4 476 133 1 241 1104 8 3 3 7 0 
96816 569 572 120 5 483 130 0 235 1056 6 1 5 2 0 
96720 582 622 147 5 507 144 3 239 1016 2 4 4 5 0 
96806 577 573 110 6 473 132 4 208 1090 5 5 5 6 0 
96687 608 651 146 6 481 142 2 239 1020 5 1 9 3 0 
96663 604 621 141 7 509 136 3 245 1052 5 5 5 4 0 
96706 558 623 153 1 466 140 1 233 1095 7 6 3 8 0 
96626 588 639 152 2 469 132 2 242 1125 6 4 5 8 0 
96758 599 595 130 3 521 125 1 238 1012 3 5 8 2 0 
96845 601 556 144 4 458 134 5 189 1048 6 1 5 4 0 
96744 607 535 150 2 525 117 5 242 1060 5 1 1 6 0 
96760 574 597 138 5 488 115 3 221 1077 6 2 6 8 0 
96697 575 592 135 3 481 116 1 255 1124 10 1 7 3 0 
96773 575 608 148 7 503 150 2 234 983 3 2 7 5 0 
96747 560 593 149 2 477 141 1 240 1077 8 2 2 1 0 
96735 593 608 128 5 488 122 4 216 1081 5 3 6 6 0 
96726 583 602 137 1 490 122 1 222 1089 9 10 5 3 0 
96819 574 613 138 4 445 120 6 216 1041 9 5 5 5 0 
96790 532 588 138 1 510 123 2 246 1050 6 2 8 4 0 
96718 534 591 162 5 503 128 4 222 1109 6 4 9 5 0 
96692 601 614 160 3 486 123 5 239 1062 5 4 3 3 0 
96744 554 613 150 1 520 114 2 212 1068 10 4 8 0 0 
96767 576 588 150 2 480 125 6 229 1058 7 2 6 4 0 
96797 583 581 138 1 475 135 4 238 1028 8 5 0 7 0 
96792 567 553 143 3 454 156 3 220 1084 11 0 10 4 0 
96676 596 618 129 3 488 143 1 258 1064 8 6 1 9 0 
96677 586 636 141 4 506 125 2 227 1078 6 3 4 5 0 
96767 547 600 146 2 470 147 1 243 1050 8 3 9 7 0 
96844 530 581 154 2 468 125 4 251 1014 10 2 8 7 0 
96765 555 590 154 5 487 135 2 218 1067 3 5 5 9 0 
96829 543 548 155 3 460 152 3 218 1056 12 5 9 7 0 
96773 570 573 160 2 500 106 3 260 1033 8 3 6 3 0 
96775 558 568 152 4 473 149 1 220 1073 9 7 6 5 0 
96820 596 586 148 3 443 133 0 223 1022 7 5 7 7 0 
96780 573 602 123 2 476 124 1 224 1076 5 1 7 6 0 
96733 603 606 140 4 467 130 5 240 1048 6 4 10 4 0 
96737 585 585 130 2 497 137 4 220 1078 7 1 12 5 0 
96721 572 637 128 2 474 149 2 255 1031 12 1 9 7 0 
96783 597 574 140 3 452 151 3 215 1062 5 3 7 5 0 
96771 568 614 136 4 475 124 3 261 1028 5 3 4 4 0 
96763 602 584 158 2 460 116 1 243 1054 6 2 4 5 0 
96745 568 581 137 3 512 152 1 250 1035 4 4 3 5 0 
96723 602 552 149 5 485 127 3 239 1091 6 3 10 5 0 
96816 535 579 131 3 483 150 2 226 1054 6 2 6 7 0 
96716 595 605 151 4 463 129 0 237 1075 7 7 6 5 0 
96771 568 557 151 1 486 126 3 257 1066 3 0 5 6 0 
96684 623 591 154 1 464 124 2 242 1091 9 2 4 9 0 
96830 595 594 144 6 458 132 0 208 1011 6 4 8 4 0 
96740 566 605 155 3 442 130 1 285 1051 6 4 9 3 0 
96848 569 539 149 2 493 120 3 240 1019 9 2 1 6 0 
96795 538 554 157 3 475 127 4 248 1084 3 2 6 4 0 
96909 574 531 119 5 502 134 2 215 992 8 4 2 3 0 
96801 557 582 136 5 476 136 2 231 1047 6 7 7 7 0 
96796 541 566 140 0 482 121 1 250 1077 13 2 7 4 0 
96781 614 556 125 4 487 132 3 210 1070 6 5 5 2 0 
96753 577 574 147 3 445 137 2 249 1087 9 3 10 4 0 
96797 569 580 129 4 456 136 5 256 1049 9 2 5 3 0 
96713 582 565 140 1 505 125 4 245 1098 5 3 7 6 1 
96769 573 576 140 1 482 123 2 226 1085 9 4 5 5 0 
96667 583 600 153 6 419 126 1 275 1151 10 1 4 4 0 
96794 570 548 132 3 501 130 4 250 1053 3 4 7 1 0 
96794 610 577 153 1 498 110 4 224 1011 7 2 4 5 0 
96803 564 562 124 1 501 103 0 261 1067 1 4 6 2 1 
96789 579 577 135 2 494 110 1 233 1062 7 2 5 4 0 
96693 557 569 146 4 537 139 2 256 1075 8 4 6 4 0 
96736 564 590 145 4 475 140 3 247 1076 5 5 5 5 0 
96707 609 595 131 1 496 129 3 232 1077 3 4 9 4 0 
96706 577 633 140 3 480 132 1 242 1064 6 4 6 6 0 
96717 597 611 128 0 493 133 2 226 1081 0 4 5 3 0 
96766 599 577 138 0 481 128 2 223 1068 6 4 1 7 0 
96784 542 581 134 0 506 138 1 243 1053 4 3 7 4 0 
96750 589 595 143 2 501 125 2 223 1059 7 2 1 1 0 
96732 602 622 158 7 450 128 1 234 1052 4 2 4 4 0 
96681 589 595 125 1 544 107 4 233 1096 8 3 8 6 0 
96791 583 577 140 9 463 133 6 260 1017 4 3 6 8 0 
96753 578 579 148 3 483 135 1 220 1079 4 4 4 9 0 
96857 541 583 126 3 482 126 3 217 1048 3 1 5 5 0 
96777 550 592 125 6 477 130 2 247 1069 11 1 7 6 0 
96718 606 574 161 2 444 139 2 227 1103 5 4 8 7 0 
96733 630 588 146 1 492 128 3 245 1009 12 5 2 6 0 
96837 555 575 152 2 519 125 4 233 975 7 2 5 9 0 
96840 565 570 147 5 453 142 2 242 1008 7 8 6 5 0 
96815 573 580 160 1 494 130 0 234 994 4 4 8 3 0 
96813 618 551 128 3 476 130 3 230 1018 10 4 10 6 0 
96788 576 563 142 4 485 127 4 245 1044 8 4 7 3 0 
96737 529 606 131 4 471 133 3 249 1121 6 3 2 5 0 
96745 618 592 128 6 499 126 6 244 1014 5 8 5 4 0 
96669 596 567 152 4 531 139 3 254 1068 5 6 3 3 0 
96649 583 654 151 2 515 140 3 248 1040 2 1 8 4 0 
96718 580 594 138 1 495 157 4 238 1051 5 1 6 12 0 
96751 552 586 155 2 503 147 1 224 1057 9 3 5 5 0 
96758 581 569 127 2 479 128 4 248 1082 10 3 6 3 0 
96751 548 631 134 5 501 135 0 256 1011 9 5 10 4 0 
96820 563 551 155 3 519 121 4 205 1031 7 9 3 9 0 
96740 578 591 142 4 459 137 0 241 1085 7 5 5 6 0 
96711 603 578 151 2 469 129 2 264 1060 7 6 6 12 0 
96722 553 569 139 6 499 119 1 277 1094 7 5 6 3 0 
96710 598 579 156 3 487 111 2 249 1078 9 3 5 10 0 
96844 556 548 147 2 481 125 4 242 1041 6 2 1 1 0 
96702 561 594 144 5 504 125 6 244 1093 7 7 4 4 0 
96732 572 553 147 5 495 124 4 231 1112 9 3 5 8 0 
96717 622 606 157 5 464 134 1 253 1021 6 3 5 6 0 
96681 544 597 147 2 521 120 3 256 1107 6 3 8 5 0 
96831 570 556 152 3 482 137 3 225 1014 12 4 7 4 0 
96795 558 624 145 6 484 128 2 238 1000 6 5 5 4 0 
96740 595 588 158 2 490 125 3 225 1052 8 3 5 5 1 
96713 593 581 146 2 498 122 0 238 1081 9 4 4 8 1 
96721 547 595 150 5 481 123 0 221 1132 3 5 10 7 0 
96813 558 560 143 9 491 114 4 227 1058 7 2 7 7 0 
96646 582 625 126 6 509 127 4 225 1130 6 3 7 4 0 
96815 543 544 142 4 468 139 3 227 1094 4 3 9 5 0 
96671 592 587 145 3 507 121 0 235 1122 7 2 6 2 0 
