47783 376 337 118 3 348 47 1 126 842 8 2 3 6 0 
47793 349 298 103 1 376 45 1 127 886 7 3 2 9 0 
47818 361 297 93 2 343 51 2 129 879 5 2 6 12 0 
47760 372 294 121 2 381 58 0 131 860 3 5 5 8 0 
47806 357 279 102 1 334 67 2 127 908 8 2 2 5 0 
47752 393 276 102 3 367 57 2 121 902 5 3 9 8 0 
47778 377 276 108 1 370 53 3 123 900 8 0 3 0 0 
47851 374 285 98 4 353 70 3 103 837 5 6 3 8 0 
47756 385 310 108 3 305 54 1 125 935 9 2 2 5 0 
47800 389 313 90 0 348 46 1 131 865 7 3 3 4 0 
47833 349 292 106 3 322 52 2 123 897 4 4 7 6 0 
47861 317 330 100 3 328 68 0 129 844 6 2 5 7 0 
47701 403 328 110 1 339 69 5 118 899 8 4 4 11 0 
47774 376 329 102 3 346 62 1 108 883 7 2 2 5 0 
47734 373 338 109 3 328 74 1 127 895 6 3 3 6 0 
47722 393 319 107 3 344 53 2 134 900 8 5 4 6 0 
47761 377 321 106 2 345 64 3 127 876 7 2 3 6 0 
47845 366 257 110 0 317 46 2 117 920 9 1 4 6 0 
47700 401 333 112 2 395 42 0 122 871 6 9 3 4 0 
47852 353 255 118 3 319 50 0 115 926 1 2 1 5 0 
47869 385 293 101 2 322 44 4 112 853 6 6 1 2 0 
47850 358 295 91 0 341 44 0 140 863 7 3 2 6 0 
47874 369 283 102 2 337 49 1 117 848 9 5 1 3 0 
47768 371 329 96 1 360 57 1 151 841 9 3 6 7 0 
47748 389 309 99 3 344 52 2 140 889 6 3 7 9 0 
47793 396 304 83 4 323 67 1 118 893 5 4 1 8 0 
47733 366 322 111 3 365 58 1 118 907 5 1 1 9 0 
47753 402 289 112 1 361 53 1 129 872 10 4 4 9 0 
47758 399 298 102 6 333 64 2 143 875 9 3 5 3 0 
47817 362 317 98 2 334 46 0 132 873 6 1 6 6 0 
47790 371 333 93 0 327 66 0 137 866 7 2 4 4 0 
47781 363 309 88 4 350 63 1 130 890 9 1 7 4 0 
47725 414 298 90 3 386 57 2 125 878 7 7 4 4 0 
47852 338 276 105 2 342 51 3 110 903 7 1 5 5 0 
47859 367 286 98 1 353 50 6 103 859 9 2 2 5 0 
47807 368 279 98 2 373 54 2 110 885 11 3 2 6 0 
47715 404 302 110 1 374 66 6 134 863 12 0 6 7 0 
47733 409 295 103 0 329 56 4 130 917 6 3 6 9 0 
47820 358 336 92 2 336 52 3 127 852 9 3 4 6 0 
47794 324 315 101 6 342 51 1 125 916 9 1 2 13 0 
47735 362 338 98 2 347 50 0 111 935 9 2 4 7 0 
47821 368 317 96 0 327 57 2 117 879 6 2 4 4 0 
47693 381 297 106 3 374 52 1 128 947 5 4 4 5 0 
47825 377 335 89 3 346 43 3 129 831 8 3 4 4 0 
47754 366 317 122 5 340 61 4 119 888 10 3 3 8 0 
47846 368 290 104 2 344 56 3 118 851 7 2 3 6 0 
47790 363 294 96 2 339 61 2 126 909 3 2 2 11 0 
47836 378 296 106 1 307 54 3 123 871 9 4 6 6 0 
47802 346 281 121 1 331 50 0 132 912 8 3 5 8 0 
47789 366 285 111 0 349 68 4 124 885 6 1 4 8 0 
47727 374 305 98 2 331 65 1 127 956 4 1 3 6 0 
47762 361 356 112 4 367 50 2 122 848 7 1 4 4 0 
47744 405 284 101 2 332 58 2 129 929 7 2 2 3 0 
47771 371 322 126 3 352 59 1 118 855 8 1 9 4 0 
47722 371 292 126 3 347 56 3 138 916 8 2 9 7 0 
47838 367 298 93 6 336 62 1 108 863 7 2 9 10 0 
47810 356 288 117 3 343 47 2 131 880 6 4 5 8 0 
47800 387 318 105 0 339 55 2 122 846 11 7 4 4 0 
47815 400 281 103 2 346 52 1 120 867 5 1 5 2 0 
47819 410 292 98 3 353 55 2 111 837 8 4 4 4 0 
47764 376 272 118 2 365 55 2 136 895 6 2 1 6 0 
47920 330 299 96 2 339 56 1 119 822 3 3 6 4 0 
47762 390 308 114 0 350 58 2 115 875 7 3 6 10 0 
47761 383 320 92 5 366 60 1 137 855 6 3 3 8 0 
47758 393 309 106 1 342 59 4 121 880 10 4 6 7 0 
47808 369 289 104 2 345 60 4 128 869 13 1 6 2 0 
47728 358 309 109 1 346 61 3 110 956 4 5 5 5 0 
47833 351 295 104 4 360 55 1 136 841 5 3 4 8 0 
47793 384 294 109 5 344 46 5 129 875 6 0 6 4 0 
47757 372 315 109 1 339 53 3 145 881 8 3 6 8 0 
47822 353 292 128 2 375 50 3 111 838 10 4 6 6 0 
47760 363 292 106 2 350 61 1 140 900 12 4 3 6 0 
47812 354 305 112 2 340 47 2 116 892 6 2 4 6 0 
47748 390 326 110 2 329 55 0 136 893 3 1 3 4 0 
47777 395 328 91 2 311 61 1 142 872 9 3 1 7 0 
47809 374 286 120 3 356 51 4 131 847 5 3 3 8 0 
47780 368 295 97 2 363 55 2 107 911 10 0 2 8 0 
47812 375 313 97 4 336 57 3 125 864 3 3 2 6 0 
47805 365 290 94 2 365 71 1 116 872 6 2 5 6 0 
47775 373 323 96 2 322 52 2 141 901 2 3 2 6 0 
47697 390 331 114 5 338 53 4 150 899 4 5 3 7 0 
47704 373 318 103 3 370 55 3 135 911 9 4 4 8 0 
47791 388 300 95 0 355 57 3 137 856 7 2 3 6 0 
47794 393 290 120 1 358 63 2 119 844 6 2 1 7 0 
47773 386 309 98 3 342 48 3 132 883 10 1 7 5 0 
47798 371 280 97 1 338 49 1 116 929 7 3 4 6 0 
47725 385 305 98 1 365 52 2 127 926 5 1 3 5 0 
47774 371 333 93 2 347 55 2 126 869 13 6 2 7 0 
47797 367 328 103 0 331 50 1 130 874 7 1 6 5 0 
47850 359 297 98 3 350 52 1 121 846 6 3 9 5 0 
47778 356 285 85 3 386 44 4 112 925 5 6 6 5 0 
47815 362 322 94 5 341 54 2 105 884 6 3 4 3 0 
47806 368 298 105 6 339 54 1 122 874 7 4 8 8 0 
47722 403 323 112 4 344 51 2 131 881 7 4 7 9 0 
47838 359 311 87 2 349 66 2 122 844 6 3 5 6 0 
47798 382 314 95 3 352 46 3 124 861 4 5 7 6 0 
47776 411 290 100 4 367 53 2 122 851 3 5 6 10 0 
47776 367 292 113 2 348 47 0 139 899 3 2 7 4 1 
47900 354 279 98 0 327 70 0 134 818 5 2 4 9 0 
47800 355 318 104 0 350 53 1 125 879 7 2 5 1 0 
47698 352 296 102 1 389 61 1 139 936 9 8 3 5 0 
47810 365 282 99 2 342 53 1 112 905 10 3 9 7 0 
47806 380 303 96 2 367 52 0 98 874 7 4 5 6 0 
47794 406 314 87 1 348 45 2 112 875 5 0 5 6 0 
47852 376 293 113 2 333 47 1 130 828 7 1 4 12 1 
47730 376 299 116 1 333 69 2 109 940 5 0 10 10 0 
47810 360 293 99 4 343 56 0 119 897 11 4 1 3 0 
47766 388 296 104 2 350 54 3 122 896 5 0 3 11 0 
47787 381 325 93 2 362 61 0 121 852 6 4 2 4 0 
47752 380 304 115 3 354 35 3 149 893 7 1 1 3 0 
47800 351 289 112 2 364 56 2 128 872 8 3 7 6 0 
47848 339 296 91 4 353 54 1 117 880 6 0 6 5 0 
47863 330 288 111 5 323 49 1 116 899 2 2 4 7 0 
47838 366 308 115 1 305 51 4 112 878 9 1 6 6 0 
47732 381 292 122 4 354 59 4 132 904 8 1 7 0 0 
47879 353 293 90 0 323 56 2 135 845 11 1 7 5 0 
47838 358 306 97 3 356 52 2 131 836 9 3 3 6 0 
47790 367 322 89 0 342 56 4 107 903 11 4 3 2 0 
47851 388 306 83 3 350 48 0 139 815 2 3 8 4 0 
47793 385 308 118 0 349 48 2 134 852 4 2 2 3 0 
47792 380 281 103 6 377 54 5 113 865 9 3 5 7 0 
47784 376 314 102 1 316 59 3 128 895 10 0 5 7 0 
47756 379 311 111 5 352 72 5 126 855 12 5 5 6 0 
47736 373 298 104 3 342 46 3 149 923 5 7 5 6 0 
47769 365 305 100 3 357 64 3 119 893 6 4 3 9 0 
47832 361 258 115 5 330 47 1 132 897 8 1 5 8 0 
47783 372 314 99 1 324 44 3 143 887 12 3 6 9 0 
47797 419 282 98 1 344 48 1 150 842 7 3 2 6 0 
47885 350 304 92 2 359 48 1 128 806 8 6 6 5 0 
47744 362 288 104 3 361 68 1 136 905 12 1 8 7 0 
47844 350 279 103 1 317 49 2 133 890 11 2 6 13 0 
47810 388 291 99 2 320 59 5 132 871 9 2 4 8 0 
47786 374 284 122 4 323 48 1 127 911 6 5 1 8 0 
47775 385 281 104 2 351 54 1 134 890 8 3 5 7 0 
47773 417 297 98 3 365 66 0 127 837 8 3 3 3 0 
47801 374 315 86 2 339 55 1 140 861 8 5 9 4 0 
47781 360 288 86 2 364 49 0 130 921 3 1 6 9 0 
47756 384 284 102 0 383 57 4 132 877 4 6 7 4 0 
47792 400 305 87 2 324 49 2 133 890 1 2 6 7 0 
47689 399 336 93 2 341 61 2 128 924 6 3 10 6 0 
47755 362 311 100 1 363 62 4 117 903 2 5 3 12 0 
47821 403 275 112 2 355 48 6 125 835 8 2 4 4 0 
47817 392 320 96 3 333 52 2 131 832 9 2 3 8 0 
47821 366 306 109 5 354 49 0 124 837 9 4 6 10 0 
47750 373 292 122 3 346 51 2 136 905 10 1 3 6 0 
47858 361 303 89 3 305 47 4 127 893 0 1 3 6 0 
47725 371 309 118 3 357 44 5 121 930 8 1 2 6 0 
47829 379 313 89 4 337 59 0 129 844 5 2 4 6 0 
47832 373 323 98 3 328 59 5 121 834 5 5 7 7 0 
47804 376 299 91 1 363 51 3 115 878 7 2 5 5 0 
47776 352 332 110 0 361 64 1 119 867 6 5 5 2 0 
47835 357 318 104 2 342 51 1 117 849 9 3 2 10 0 
47817 393 299 103 1 353 42 2 115 851 5 3 10 6 0 
47779 361 306 110 1 359 68 5 127 866 6 4 2 6 0 
47853 349 303 111 3 322 63 3 92 884 8 2 3 4 0 
47873 362 301 90 0 324 51 2 122 864 6 0 4 1 0 
47808 355 298 99 3 374 51 1 136 854 7 3 5 6 0 
47807 332 273 109 4 355 45 2 138 916 5 2 5 7 0 
47824 373 311 105 3 311 52 5 108 878 11 0 7 12 0 
47728 381 309 105 1 332 52 1 118 952 8 4 6 3 0 
47834 384 309 92 1 332 57 2 132 832 9 2 5 9 0 
47757 386 296 111 2 344 48 3 110 914 6 3 8 12 0 
47740 398 282 106 3 363 54 5 116 909 7 2 9 5 1 
47795 369 296 112 1 369 55 1 146 842 6 2 3 3 0 
47791 366 302 88 2 359 59 4 124 885 7 1 5 7 0 
47785 391 295 104 2 357 52 2 117 877 6 2 3 7 0 
47835 356 321 87 4 335 60 4 118 857 8 2 6 7 0 
47802 373 306 117 4 333 53 3 128 864 10 3 3 1 0 
47842 332 332 98 3 342 44 1 127 861 9 2 1 6 0 
47848 349 293 91 6 370 52 1 121 853 4 3 4 5 0 
47827 342 299 107 1 346 65 1 130 869 2 1 2 8 0 
47851 366 296 91 1 366 54 0 111 848 7 1 2 6 0 
47768 374 290 90 2 351 59 1 153 896 5 3 5 2 1 
47758 402 297 85 6 356 58 1 130 892 6 0 1 8 0 
47859 363 311 104 0 335 59 5 106 824 13 6 3 12 0 
47739 356 291 111 1 364 43 0 136 937 7 5 5 5 0 
47766 356 319 95 1 394 52 0 97 888 7 4 10 11 0 
47686 390 278 116 3 404 64 5 133 902 7 0 3 8 1 
47776 399 308 115 5 334 66 2 132 845 6 4 3 5 0 
47785 358 290 97 3 359 40 2 133 915 4 4 6 4 0 
47772 371 325 102 2 320 63 1 148 878 8 1 6 3 0 
47798 358 320 109 2 361 55 3 123 855 2 3 4 7 0 
47871 354 305 96 2 337 59 6 127 825 9 1 3 5 0 
47775 361 282 131 0 359 58 2 121 888 4 6 8 5 0 
47776 358 297 111 3 355 56 6 130 887 7 2 5 7 0 
47831 376 301 91 3 340 53 4 110 874 4 4 3 6 0 
47844 370 278 93 3 338 64 3 137 852 4 0 8 5 1 
47773 377 305 108 5 343 51 4 117 887 13 1 5 11 0 
47820 367 287 84 1 375 44 1 98 906 3 4 3 7 0 
47753 375 344 97 2 363 56 1 115 873 11 1 2 7 0 
47688 358 333 92 3 377 52 2 109 963 8 2 5 8 0 
47707 383 326 103 3 353 62 0 134 910 6 2 5 6 0 
47809 368 282 101 0 337 71 3 147 860 11 2 4 5 0 
47857 368 288 96 2 357 36 2 140 832 10 5 4 3 0 
47789 332 302 114 2 357 60 2 137 881 7 5 3 9 0 
47788 368 311 107 3 345 46 3 126 884 9 1 6 3 0 
47777 348 292 93 1 368 45 0 128 926 6 3 4 9 0 
47817 375 279 92 3 351 49 3 138 882 3 1 3 4 0 
47754 377 303 99 4 361 54 2 122 903 7 1 6 7 0 
47786 372 306 90 3 345 58 1 133 881 8 1 8 8 0 
47817 376 285 114 2 342 62 2 120 863 4 2 6 5 0 
47783 386 270 103 4 332 54 2 132 917 5 2 3 7 0 
47846 345 288 93 1 375 56 1 112 865 10 3 2 3 0 
47766 379 271 129 2 352 56 6 123 893 8 7 4 4 0 
47851 362 300 87 2 346 59 2 129 845 5 4 2 6 0 
47784 355 286 102 2 358 44 3 139 913 7 1 1 5 0 
47766 343 318 94 3 353 47 4 113 940 7 4 5 3 0 
47790 354 313 102 4 343 40 2 120 914 7 3 3 5 0 
47869 354 286 73 4 376 44 1 123 848 8 1 6 7 0 
47810 370 326 97 3 354 46 1 120 845 4 4 8 12 0 
47809 367 293 106 1 346 51 1 152 860 5 2 2 5 0 
47839 350 289 86 2 318 53 4 119 920 6 2 6 6 0 
47809 397 290 89 2 370 46 0 135 848 3 3 0 8 0 
47831 361 314 99 2 339 57 1 128 843 7 4 8 6 0 
47763 419 286 90 1 370 55 1 128 873 7 1 4 2 0 
47764 371 315 108 2 329 53 4 119 923 2 2 2 6 0 
47854 352 301 116 1 323 47 1 124 866 6 2 3 4 0 
47779 383 310 105 6 359 57 2 124 858 3 4 5 5 0 
47761 379 305 97 0 355 53 0 142 895 3 3 3 4 0 
47783 376 305 90 3 339 64 2 134 887 6 0 4 6 1 
47858 356 273 105 4 344 41 3 98 902 6 0 3 7 0 
47776 348 330 108 5 343 55 2 121 893 6 5 4 4 0 
47834 345 308 89 4 355 44 2 123 879 3 3 2 9 0 
47795 352 324 101 1 354 48 2 115 889 7 2 6 4 0 
47848 373 281 92 1 349 54 3 123 854 5 2 4 11 0 
47735 377 329 94 2 356 52 4 119 913 6 3 2 8 0 
47831 403 301 94 1 355 54 2 122 821 8 1 5 2 0 
47809 356 312 115 1 360 49 3 113 859 7 4 4 8 0 
47816 361 325 94 2 352 53 4 116 857 5 4 6 5 0 
47754 359 280 108 2 360 53 1 123 931 10 2 5 12 0 
47857 340 279 100 4 365 48 4 116 871 5 3 3 5 0 
47786 362 312 88 1 365 57 1 141 864 5 2 6 10 0 
47703 376 333 101 6 383 71 3 129 875 9 1 2 8 0 
47815 367 263 110 2 340 54 1 140 892 5 2 3 6 0 
47828 382 315 88 3 341 50 3 127 849 3 3 2 6 0 
47752 384 302 102 2 347 47 0 123 914 7 4 6 10 0 
47802 377 276 96 1 357 56 5 141 871 4 3 7 4 0 
47795 373 310 96 1 311 60 4 122 910 5 6 4 3 0 
47726 376 306 129 4 331 83 4 141 880 7 0 1 12 0 
47791 345 277 122 1 360 55 2 145 885 8 3 1 5 0 
47779 378 293 109 2 358 63 1 133 861 6 3 7 7 0 
47773 374 274 114 1 358 51 3 130 904 6 1 7 4 0 
47719 368 338 114 2 373 53 3 112 901 6 1 3 7 0 
47786 365 281 111 2 345 52 1 130 912 2 4 6 3 0 
47756 396 317 90 0 350 72 3 114 882 13 2 2 3 0 
47835 341 311 99 2 341 50 2 127 876 5 2 5 4 0 
47788 360 313 103 4 345 49 3 118 895 11 4 1 6 0 
47794 375 279 107 6 362 57 6 123 870 5 4 8 4 0 
47802 374 295 95 2 341 53 0 118 912 3 1 2 2 0 
47710 390 325 87 4 337 61 6 136 928 4 1 5 6 0 
47815 406 301 93 3 325 54 2 112 868 6 3 9 3 0 
47846 369 318 88 1 322 60 1 113 859 9 5 5 4 0 
47802 379 319 87 2 344 64 1 108 869 11 3 6 5 0 
47777 362 302 99 3 362 51 3 108 914 5 3 2 9 0 
47877 361 297 105 2 353 60 0 114 811 7 2 3 8 0 
47777 380 326 111 3 341 39 7 127 869 7 1 4 8 0 
47776 390 312 93 2 342 50 2 120 890 9 3 7 4 0 
47796 351 312 119 3 320 61 2 139 871 9 1 6 10 0 
47730 388 318 100 2 359 52 1 124 907 8 2 3 6 0 
47823 344 290 103 5 350 65 3 145 851 6 3 7 5 0 
47751 372 304 98 4 372 60 2 114 902 9 5 2 5 0 
47793 370 308 76 1 353 37 3 144 893 7 3 7 5 0 
47747 367 319 113 2 350 55 3 141 881 11 0 3 8 0 
47813 362 286 120 1 352 51 0 134 866 2 2 4 7 0 
47795 379 273 96 3 358 59 0 138 877 8 3 7 4 0 
47856 344 281 99 2 361 49 3 120 867 7 3 3 5 0 
47810 334 309 101 3 339 62 0 135 890 5 3 5 4 0 
47718 386 305 106 1 370 55 2 125 915 5 0 9 3 0 
47836 373 292 89 0 350 53 1 128 864 4 4 2 4 0 
47869 394 305 100 1 333 49 1 118 812 7 1 4 6 0 
47797 342 310 106 6 352 49 2 132 881 5 0 9 9 0 
47789 367 297 110 1 332 59 6 124 898 8 1 2 6 0 
47798 392 290 88 1 336 58 3 124 888 7 3 5 7 0 
47875 351 282 112 3 347 53 1 101 842 11 5 8 9 0 
47793 376 306 83 2 352 60 1 122 880 10 2 6 7 0 
47777 368 290 113 3 349 55 3 117 903 8 4 3 7 0 
47793 370 322 110 4 319 50 3 152 854 5 3 8 7 0 
47827 381 259 123 2 350 53 1 136 853 4 1 3 7 0 
47873 343 314 96 0 360 55 1 112 829 1 0 7 8 1 
47879 378 278 95 2 352 60 2 90 851 6 2 2 3 0 
47685 396 332 101 2 370 56 1 129 914 4 5 3 2 0 
47719 407 327 115 2 330 54 1 132 900 6 0 3 4 0 
47680 400 312 113 0 398 52 5 128 899 1 1 5 6 0 
47778 402 298 97 1 346 65 1 112 879 5 4 7 5 0 
47696 409 331 97 2 364 67 5 116 895 7 1 3 7 0 
47754 363 284 110 1 342 45 1 124 949 8 5 5 9 0 
47782 375 305 101 0 357 53 4 129 873 4 3 5 9 0 
47763 386 331 100 2 342 50 1 125 884 5 2 5 4 0 
47787 360 296 89 1 356 55 2 145 894 8 1 2 4 0 
47787 353 286 100 0 345 60 2 113 944 4 2 4 0 0 
47749 378 280 90 0 356 60 4 133 930 6 3 4 7 0 
47807 366 301 112 1 347 65 3 127 843 10 4 7 7 0 
47824 348 311 109 1 367 55 0 110 857 5 0 6 7 0 
47798 361 310 77 2 368 50 4 140 871 5 0 6 8 0 
47816 313 303 108 3 329 53 4 140 914 7 1 4 5 0 
47768 404 329 100 3 321 58 3 117 880 3 1 6 7 0 
47731 362 317 106 2 349 49 2 127 926 13 3 7 6 0 
47784 367 325 112 2 370 50 2 125 843 10 3 2 5 0 
47744 359 344 103 3 354 64 3 117 891 4 3 4 7 0 
47829 355 286 119 2 346 49 2 129 861 7 1 7 7 0 
47769 365 280 86 1 353 71 1 112 938 6 3 6 9 0 
47756 372 322 92 1 364 52 4 112 908 4 3 2 8 0 
47769 352 328 96 3 359 50 1 127 893 7 2 6 7 0 
47817 338 309 111 4 356 54 4 111 883 3 2 1 7 0 
47688 420 307 126 1 371 45 1 112 912 6 1 5 5 0 
47771 379 321 109 5 344 35 3 126 886 9 6 3 3 0 
47831 350 297 121 5 349 56 1 130 841 9 0 4 6 0 
47850 341 302 103 2 351 43 1 127 858 7 1 8 6 0 
47801 364 312 109 6 343 54 1 124 863 3 4 6 9 1 
47819 358 311 95 3 347 64 1 105 879 6 3 4 5 0 
47797 337 292 111 2 378 62 2 122 871 11 5 2 8 0 
47809 379 283 103 2 357 52 3 108 880 10 3 3 8 0 
47776 381 304 81 2 374 62 3 115 877 5 5 7 8 0 
47736 402 318 90 4 348 51 2 136 893 5 3 2 10 0 
47896 382 278 92 0 330 51 0 105 848 6 7 3 2 0 
47756 333 331 106 2 365 55 2 117 909 13 0 3 8 0 
47843 389 308 102 1 318 56 3 116 844 6 5 3 6 0 
47807 357 283 94 3 362 64 4 150 853 4 4 6 9 0 
47808 370 309 89 1 346 57 1 144 855 9 1 3 7 0 
47809 363 289 103 4 349 39 4 136 883 7 1 4 9 0 
47824 371 317 95 4 336 55 0 107 868 7 3 5 8 0 
47769 356 327 74 2 383 44 3 112 912 6 2 4 6 0 
47821 352 310 97 2 357 61 7 111 872 3 1 2 4 0 
47837 344 280 107 2 345 62 3 126 875 5 6 2 6 0 
47814 369 294 111 4 328 62 2 128 866 9 1 3 9 0 
47800 353 317 93 3 345 47 3 123 887 10 2 4 13 0 
47721 365 327 105 5 366 47 2 114 932 6 1 3 6 0 
47815 337 311 99 7 365 49 1 128 871 4 2 5 6 0 
47852 355 310 80 1 326 46 6 116 892 6 2 1 7 0 
47809 365 314 104 3 360 52 6 120 857 5 0 4 1 0 
47747 386 325 103 6 353 49 3 121 879 12 3 5 8 0 
47802 382 301 90 1 357 56 2 127 856 9 4 6 7 0 
47804 362 303 87 2 347 55 1 143 876 4 3 6 7 0 
47761 366 285 94 3 342 62 1 127 939 4 2 2 12 0 
47793 394 262 110 4 344 47 1 124 902 8 3 4 4 0 
47746 389 288 101 4 341 71 3 126 910 9 4 4 4 0 
47817 358 314 95 3 337 67 3 128 856 8 4 3 7 0 
47818 375 311 88 2 339 48 2 127 872 9 1 3 5 0 
47859 355 284 87 4 327 71 1 115 872 7 6 6 6 0 
47757 389 320 115 3 349 46 4 127 868 6 4 7 5 0 
47799 350 304 123 1 326 49 2 132 884 11 1 8 9 1 
47886 344 314 89 3 339 50 3 118 840 3 1 5 5 0 
47843 337 277 116 2 305 61 3 130 906 7 3 2 8 0 
47726 354 342 105 2 341 81 3 150 868 6 7 8 7 0 
47764 370 281 107 1 385 50 4 131 880 7 6 6 8 0 
47804 383 299 94 2 321 61 4 129 880 5 9 2 6 1 
47719 382 320 98 2 332 59 1 143 937 3 1 1 2 0 
47821 365 288 105 2 332 68 3 128 872 6 3 3 4 0 
47811 389 268 110 0 371 39 2 119 869 4 5 3 10 0 
47751 387 287 107 5 346 49 4 119 917 10 2 9 7 0 
47808 363 299 95 3 324 42 2 136 902 7 3 4 12 0 
47878 363 321 117 0 343 38 2 117 806 6 1 3 4 1 
47683 400 297 106 1 376 53 1 120 947 7 3 2 4 0 
47762 367 307 96 4 364 47 2 136 894 6 3 6 6 0 
47819 359 290 104 1 336 60 0 130 880 8 3 5 5 0 
47730 376 303 99 2 398 52 5 110 902 9 3 7 4 0 
47920 336 270 99 1 328 58 0 118 856 3 3 2 6 0 
47824 385 297 106 2 337 45 3 116 864 6 3 8 3 1 
47751 361 281 83 3 360 56 5 136 943 7 2 5 7 0 
47743 385 316 101 3 359 47 1 126 905 5 2 3 4 0 
47808 400 290 86 4 364 42 1 122 866 4 2 3 8 0 
47728 398 322 97 2 378 58 2 127 870 6 3 6 3 0 
47766 351 322 83 1 312 66 1 139 941 4 0 7 7 0 
47788 363 297 121 2 332 49 2 114 913 8 2 7 2 0 
47816 357 291 96 0 351 61 1 122 887 9 2 3 4 0 
47713 364 302 131 2 374 61 3 128 901 10 4 3 4 0 
47709 355 332 103 1 370 46 2 121 938 11 3 3 6 0 
47801 360 294 106 0 372 55 1 123 869 7 2 6 4 0 
47756 373 300 102 2 373 47 2 148 884 4 0 4 5 0 
47807 364 310 97 0 341 60 1 118 880 6 4 2 10 0 
47781 426 263 97 1 355 60 0 105 889 8 0 8 7 0 
47781 373 331 107 3 354 63 4 120 853 0 0 4 6 1 
47760 376 311 98 1 369 64 3 126 873 7 5 1 6 0 
47836 376 316 91 1 322 50 2 137 854 3 3 5 4 0 
47773 385 295 106 5 331 57 5 122 904 3 3 5 6 0 
47801 351 315 96 3 374 62 6 128 852 4 1 5 2 0 
47772 394 297 81 1 361 57 1 110 902 7 6 7 4 0 
47819 381 298 91 4 326 61 5 133 867 9 0 3 3 0 
47799 382 293 99 4 328 59 1 108 907 5 2 8 5 0 
47695 354 334 117 3 348 48 2 145 928 6 4 8 8 0 
47804 341 301 91 1 373 48 2 133 886 7 4 4 5 0 
47831 386 297 91 3 352 51 4 114 856 7 1 5 2 0 
47834 381 288 91 5 335 64 2 132 849 8 3 4 4 0 
47788 359 334 100 3 341 64 1 125 872 7 0 1 5 0 
47708 393 306 119 5 398 44 1 119 887 5 2 3 10 0 
47844 366 305 103 2 333 64 2 114 853 4 3 4 3 0 
47778 371 333 112 2 337 37 3 110 898 4 1 8 6 0 
47787 373 322 94 4 353 54 3 124 867 7 2 4 6 0 
47748 414 284 95 4 357 48 1 137 887 10 3 5 7 0 
47783 397 285 84 2 389 46 3 125 868 8 1 3 6 0 
47727 384 335 102 2 340 49 1 142 895 8 5 6 4 0 
47841 369 288 91 2 360 57 1 153 821 6 1 2 8 0 
47786 387 293 70 2 362 56 4 123 901 6 3 3 4 0 
47814 344 303 102 3 356 55 1 140 869 4 1 2 6 0 
47860 357 297 83 2 347 58 1 110 871 1 2 6 5 0 
47870 339 296 97 4 357 42 4 145 830 7 3 2 4 0 
47766 383 305 111 2 324 53 1 123 912 3 2 6 9 0 
47737 377 323 84 3 364 56 1 136 898 5 1 4 11 0 
47838 354 293 115 4 332 50 5 126 869 8 1 4 1 0 
47776 378 297 116 3 341 49 3 147 864 10 4 2 10 0 
47684 375 282 118 2 376 47 0 148 948 7 4 3 5 1 
47743 359 326 99 2 366 61 1 135 891 8 1 3 5 0 
47806 351 292 118 1 327 52 3 134 898 9 1 1 7 0 
47748 354 312 94 2 385 56 5 109 914 4 1 10 6 0 
47790 404 293 113 5 327 62 3 111 875 9 2 3 3 0 
47811 368 325 104 2 345 54 3 125 843 5 5 5 5 0 
47817 390 299 111 2 349 49 5 139 817 5 4 6 7 0 
47832 336 300 116 2 342 44 2 129 881 8 2 2 4 0 
47740 360 352 97 2 325 50 0 136 916 5 3 8 6 0 
47790 339 330 110 3 329 56 4 121 899 6 2 5 6 0 
47804 368 300 103 2 317 64 3 127 890 6 2 7 7 0 
47807 410 279 93 2 342 59 1 106 876 14 2 2 7 0 
47803 390 305 108 5 320 49 5 125 867 12 1 6 4 0 
47788 379 283 91 4 356 55 1 127 897 7 3 2 6 1 
47778 371 314 115 1 359 50 3 121 867 5 4 6 6 0 
47820 348 301 94 3 370 57 1 120 858 13 2 9 4 0 
47770 391 297 114 1 347 55 6 131 876 5 2 2 3 0 
47799 346 280 104 3 347 62 0 120 919 8 4 3 5 0 
47793 354 314 98 1 345 56 2 114 905 6 0 4 8 0 
47775 369 283 108 3 348 55 0 113 922 11 4 4 5 0 
47762 417 313 96 1 332 50 2 112 885 13 3 4 10 0 
47817 354 302 91 1 331 60 1 140 882 8 1 5 7 0 
47786 366 307 103 0 371 61 1 120 861 11 3 5 5 0 
47751 388 293 107 1 354 45 4 147 885 8 4 4 9 0 
47856 340 310 101 5 330 49 4 123 859 7 5 3 8 0 
47832 351 301 97 1 348 51 6 139 852 3 2 9 8 0 
47781 391 263 105 1 357 60 1 134 886 5 4 4 8 0 
47822 343 277 93 1 357 55 3 134 890 8 4 7 6 0 
47794 329 324 107 1 358 53 2 113 896 10 4 3 6 0 
47853 347 295 90 1 341 55 3 116 879 4 6 5 5 0 
47824 401 311 112 3 335 51 1 90 847 6 4 6 9 0 
47810 328 299 108 3 335 53 3 133 904 8 4 5 7 0 
47840 347 311 87 3 325 41 3 132 893 5 2 7 4 0 
47821 383 347 113 4 318 49 0 107 833 5 6 6 8 0 
47775 416 294 96 1 314 57 1 132 888 12 1 6 7 0 
47740 371 306 118 1 386 47 1 132 875 7 6 4 6 0 
47758 379 300 104 5 383 56 3 118 872 5 2 6 9 0 
47777 345 288 105 1 370 56 5 138 898 4 1 4 8 0 
47737 367 321 97 1 369 41 3 130 914 6 2 7 5 0 
47709 408 311 92 3 388 61 1 119 886 6 4 5 7 0 
47749 367 338 115 4 343 50 4 126 877 8 3 5 11 0 
47794 376 299 104 2 356 53 3 137 854 9 2 2 9 0 
47812 393 285 107 4 339 50 1 123 860 8 3 7 8 0 
47788 358 313 78 1 340 59 0 131 902 9 6 6 9 0 
47828 352 332 98 1 355 48 0 135 832 3 5 6 5 0 
47672 396 315 110 0 368 56 2 116 949 4 2 2 8 0 
47807 395 296 83 5 330 45 3 110 899 5 5 3 14 0 
47784 377 311 77 1 349 57 0 137 889 7 1 3 7 0 
47796 359 298 110 2 338 54 2 130 896 3 1 3 8 0 
47865 368 291 104 2 346 48 1 108 852 8 1 2 4 0 
47755 369 310 104 3 373 48 2 133 885 7 0 3 8 0 
47830 382 290 108 3 361 51 1 110 844 4 2 4 10 0 
47854 361 291 92 1 349 46 0 132 863 6 0 0 5 0 
47789 354 296 108 5 385 51 0 105 887 9 0 5 6 0 
47744 377 301 101 2 362 65 3 134 899 4 0 3 5 0 
47770 363 320 100 4 385 55 0 112 873 5 3 6 4 0 
47759 391 298 108 4 341 49 4 130 897 8 1 3 6 1 
47847 352 320 94 3 371 58 2 104 826 8 2 5 8 0 
47732 347 346 104 2 335 60 4 146 906 7 1 6 4 0 
47843 375 292 89 2 320 49 6 114 886 10 4 3 7 0 
47816 402 305 103 1 332 51 5 105 855 13 1 5 6 0 
47766 398 309 111 2 329 62 3 133 865 9 2 6 5 0 
47781 352 281 99 1 355 64 5 124 914 7 0 7 10 0 
47749 356 320 94 5 351 57 0 121 925 8 2 3 9 0 
47732 395 295 85 3 379 70 1 124 891 5 5 9 6 0 
47751 381 309 100 2 372 64 0 131 874 3 1 3 9 0 
47725 374 309 112 1 364 72 2 111 916 4 2 4 4 0 
47799 357 314 95 3 367 64 0 114 870 4 2 4 7 0 
47800 341 332 98 4 324 56 5 126 891 11 4 5 3 0 
47790 389 301 106 1 350 57 4 115 868 2 3 9 5 0 
47820 375 281 100 5 356 55 3 129 854 9 2 6 5 0 
47776 364 296 104 4 345 60 3 116 914 8 2 3 5 0 
47814 357 311 102 0 371 64 4 116 834 10 3 9 5 0 
47780 375 281 112 1 340 47 2 139 904 8 1 5 5 0 
47856 354 278 100 4 340 49 0 114 887 4 3 6 5 0 
47707 368 292 99 1 363 64 5 134 950 7 2 2 6 0 
47754 364 305 112 1 325 54 2 136 928 6 0 6 7 0 
47886 372 273 94 2 336 51 1 125 842 3 5 4 6 0 
47904 388 300 118 2 304 40 3 118 805 7 3 5 3 0 
47787 347 272 116 2 350 65 8 140 896 5 4 3 5 0 
47748 364 293 111 1 362 71 5 132 899 4 2 3 5 0 
47793 375 322 82 3 352 55 5 144 852 5 4 4 4 0 
47855 350 314 99 3 330 54 3 137 842 6 1 2 4 0 
47667 381 347 107 1 355 58 6 125 929 8 2 7 7 0 
47833 351 303 105 1 329 52 6 114 889 2 3 3 9 0 
47809 371 291 100 2 330 60 1 118 902 6 2 3 5 0 
47755 371 292 123 5 331 51 1 118 936 4 1 5 7 0 
47802 359 286 122 1 350 69 1 115 875 8 2 2 8 0 
47780 384 269 113 4 327 53 0 104 943 9 1 6 7 0 
47857 389 304 97 4 314 58 0 113 843 6 3 3 9 0 
47811 342 277 103 1 356 49 2 131 909 6 2 6 5 0 
47788 368 302 107 4 348 50 5 117 896 3 2 3 7 0 
47771 365 296 114 3 317 61 3 125 909 8 7 10 11 0 
47785 397 270 103 2 341 62 2 121 901 4 5 3 4 0 
47877 351 299 87 1 335 49 3 119 861 5 4 6 3 0 
47789 372 305 134 2 344 49 3 118 855 8 2 8 11 0 
47797 346 328 108 3 363 60 4 140 828 9 3 4 7 0 
47777 391 313 96 0 380 48 2 104 864 8 1 9 7 0 
47741 387 306 100 4 351 42 4 133 915 7 1 7 2 0 
47712 380 333 94 2 384 47 1 138 887 9 1 4 8 0 
