47733 451 289 49 2 313 56 1 161 920 10 5 4 6 0 
47788 385 306 40 3 297 55 2 198 911 7 2 3 3 0 
47706 451 278 57 4 328 67 1 172 922 7 2 3 2 0 
47833 434 310 45 0 322 51 1 156 831 6 4 4 3 0 
47809 403 305 63 0 325 54 2 174 842 9 2 8 4 0 
47826 415 281 52 2 292 55 2 204 854 8 5 1 3 0 
47786 424 295 52 2 293 59 3 171 890 10 2 6 7 0 
47775 425 295 54 2 273 47 0 167 940 3 0 10 9 0 
47797 446 306 53 2 316 58 2 160 839 5 2 4 10 0 
47687 423 323 64 3 315 57 4 172 930 7 3 2 10 0 
47800 439 299 67 0 300 56 0 167 853 7 4 2 6 0 
47731 428 344 64 1 287 53 1 160 908 7 3 8 5 0 
47853 421 282 54 2 290 46 1 175 854 9 1 4 8 0 
47813 397 290 60 2 289 67 3 192 872 6 3 3 3 0 
47786 432 325 64 1 280 54 3 179 864 8 0 2 2 0 
47773 405 317 52 0 323 58 1 184 872 7 2 2 4 0 
47712 443 304 68 1 304 60 2 174 908 8 5 5 6 0 
47699 457 300 70 1 297 55 2 167 938 4 0 4 6 0 
47800 437 291 51 0 308 61 2 195 841 4 4 4 2 0 
47844 411 303 53 2 306 54 3 159 844 8 3 6 4 0 
47818 412 305 72 0 280 60 3 160 872 9 2 4 3 0 
47733 433 304 52 2 318 53 1 180 902 8 3 6 5 0 
47825 401 308 47 3 286 63 4 168 881 5 0 4 5 0 
47805 442 315 67 4 307 51 4 154 830 7 2 7 5 0 
47778 444 289 62 2 324 47 3 180 843 13 0 8 7 0 
47756 428 268 58 3 310 42 1 188 917 12 4 7 6 0 
47820 436 323 63 2 291 46 3 177 825 7 2 3 2 0 
47838 374 305 40 1 293 63 2 160 908 12 1 1 2 0 
47764 424 318 64 4 275 57 3 171 894 10 3 6 7 0 
47782 409 304 65 3 331 50 0 180 853 9 5 4 5 0 
47826 416 280 58 1 296 69 3 175 860 8 1 5 2 0 
47773 424 299 46 0 336 58 3 170 868 9 3 9 2 0 
47786 425 304 52 1 310 58 2 166 873 4 3 9 7 0 
47775 426 309 52 4 285 53 3 172 897 13 1 7 3 0 
47823 444 303 47 3 273 66 3 192 822 12 5 3 4 0 
47840 362 293 62 3 299 61 0 154 918 3 1 3 1 0 
47695 479 319 44 4 277 53 2 193 915 11 3 4 1 0 
47780 435 297 53 1 298 55 3 165 891 9 3 4 6 0 
47780 418 299 60 1 314 55 2 167 879 8 4 5 8 0 
47740 437 324 44 2 309 59 3 202 866 6 1 4 3 0 
47857 399 299 59 2 289 54 2 176 842 14 2 2 2 1 
47784 465 290 53 1 288 56 2 166 883 5 2 2 3 0 
47742 441 301 61 4 288 57 3 192 897 4 1 5 4 0 
47696 446 326 43 1 299 62 2 182 922 7 5 5 4 0 
47733 422 322 49 2 321 62 0 194 876 10 0 4 5 0 
47677 446 348 60 2 312 48 2 176 908 7 4 6 4 0 
47831 403 299 52 3 300 56 2 181 853 11 0 1 8 0 
47869 401 299 60 3 277 40 3 167 859 8 3 4 7 0 
47817 424 307 54 3 310 52 3 174 840 6 2 4 4 0 
47836 427 304 50 1 280 55 3 155 869 9 6 1 4 0 
47782 432 281 48 1 311 49 3 172 906 10 0 1 4 0 
47793 444 282 44 2 306 76 0 155 869 11 1 9 8 0 
47841 453 279 45 2 275 55 1 173 859 7 5 4 1 0 
47845 414 308 48 6 273 46 3 181 860 6 1 5 4 0 
47900 410 294 54 3 299 61 3 162 804 1 3 5 1 0 
47769 398 305 50 1 301 46 2 201 895 14 3 6 9 0 
47795 416 302 49 2 286 43 2 174 912 6 0 9 4 0 
47850 433 299 55 2 301 60 2 148 832 4 3 3 8 0 
47853 418 275 57 1 306 47 1 151 873 8 2 3 5 0 
47810 424 314 55 0 291 64 5 181 842 6 0 3 5 0 
47894 430 261 50 6 286 45 1 167 841 9 2 5 3 0 
47769 429 303 48 2 295 66 0 167 903 9 2 3 4 0 
47724 440 285 55 2 326 47 2 180 925 8 1 3 2 0 
47800 435 313 68 3 287 43 2 184 842 14 2 4 3 0 
47824 423 315 51 1 278 55 4 155 869 8 5 5 7 0 
47681 446 340 59 5 316 49 1 157 933 2 1 4 6 0 
47795 442 275 56 3 296 50 2 178 887 8 5 2 1 0 
47764 452 308 60 1 310 51 1 151 883 8 0 5 6 0 
47687 446 331 53 1 365 43 5 165 882 9 5 4 4 0 
47857 405 300 54 0 278 51 3 178 859 4 3 6 2 0 
47741 402 295 67 3 339 62 2 160 910 9 0 5 5 0 
47838 405 273 56 1 305 69 0 156 885 6 4 2 0 0 
47758 413 297 61 2 294 54 1 168 936 7 2 4 3 0 
47763 426 296 55 0 329 56 3 175 881 8 3 1 4 0 
47839 456 289 38 2 286 58 0 152 845 16 4 8 7 0 
47833 415 312 46 3 270 43 0 164 893 10 4 2 5 0 
47760 454 326 50 0 297 63 0 164 861 8 5 9 3 0 
47883 403 279 68 1 296 57 2 155 845 5 1 1 4 0 
47697 446 306 63 5 309 53 0 169 930 10 2 7 3 0 
47785 390 306 42 2 321 59 5 201 870 9 3 3 4 0 
47763 465 305 63 1 324 50 1 167 841 7 3 7 3 0 
47855 415 279 44 2 297 57 4 182 845 8 4 3 5 0 
47722 413 278 56 3 361 57 5 184 903 9 2 4 3 0 
47787 430 315 48 5 307 50 1 163 872 9 5 3 5 0 
47830 373 300 41 3 303 57 2 193 876 9 3 8 2 0 
47708 402 311 52 1 314 52 5 204 935 4 1 6 5 0 
47837 420 276 57 3 307 53 3 159 864 10 3 5 3 0 
47849 418 282 62 2 270 57 3 178 857 8 1 4 9 0 
47779 421 310 64 0 281 47 4 157 912 6 4 6 9 0 
47740 456 288 62 4 315 49 2 173 892 6 3 9 1 0 
47824 415 282 47 0 307 61 4 171 867 8 5 5 4 0 
47783 428 285 42 2 309 66 2 186 873 10 2 5 7 0 
47800 452 303 60 4 287 62 3 191 822 6 4 5 1 0 
47801 428 292 40 1 323 36 2 159 896 12 3 2 5 0 
47818 410 326 52 6 276 55 2 168 872 8 1 6 0 0 
47910 397 281 49 1 278 66 2 146 855 8 2 3 2 0 
47706 456 325 51 1 302 61 1 179 892 10 6 6 4 0 
47813 440 274 62 0 305 36 4 173 869 10 4 5 5 0 
47853 395 273 64 1 304 60 1 168 862 9 1 5 4 0 
47783 442 301 51 2 316 57 2 157 867 6 5 7 4 0 
47793 390 312 40 1 302 66 1 184 894 3 8 4 2 0 
47784 401 318 51 0 307 68 1 168 881 10 2 6 3 0 
47719 453 296 53 1 346 48 4 184 879 4 3 3 7 0 
47878 416 301 51 3 280 48 3 148 859 6 2 3 2 0 
47762 391 307 50 2 336 55 1 147 922 15 2 2 8 0 
47904 402 256 41 2 317 52 2 178 822 8 2 8 6 0 
47844 420 294 50 1 300 42 3 159 862 10 1 5 8 1 
47822 441 288 63 1 326 53 3 147 828 14 4 5 5 0 
47802 412 338 57 3 308 51 2 182 817 11 4 6 7 0 
47750 432 305 58 1 305 45 1 188 890 9 3 6 7 0 
47815 410 310 64 0 297 54 1 172 860 7 4 1 5 0 
47820 406 313 56 3 288 66 1 164 863 6 5 4 5 0 
47716 450 299 46 4 310 65 0 181 902 14 1 5 7 0 
47776 444 287 57 2 311 55 1 153 891 7 3 5 8 0 
47803 440 298 60 3 303 55 2 166 850 10 1 5 4 0 
47767 421 315 55 6 282 61 0 160 917 6 2 6 2 0 
47759 407 274 55 2 347 59 2 177 894 14 3 3 4 0 
47781 432 324 41 2 300 51 2 163 885 9 3 2 5 0 
47734 399 287 64 2 323 53 1 178 946 4 2 3 4 0 
47821 402 264 71 2 308 53 3 174 882 9 3 4 4 0 
47835 387 290 56 0 309 53 2 191 860 2 4 8 3 0 
47761 432 337 52 1 315 41 1 155 883 11 2 4 5 0 
47791 386 305 60 4 316 55 4 168 890 10 4 4 3 0 
47778 445 275 60 3 326 51 1 178 858 12 2 7 4 0 
47740 432 315 43 1 334 58 4 170 882 9 1 7 4 0 
47762 413 295 50 2 330 61 1 164 906 3 2 6 5 0 
47776 441 268 48 5 289 46 0 175 936 6 3 2 5 0 
47809 404 317 63 0 301 37 0 179 869 11 0 4 6 0 
47769 421 303 56 2 307 59 5 164 891 10 3 4 6 0 
47771 421 277 58 0 273 53 2 198 925 13 2 4 3 0 
47789 425 308 42 0 292 49 1 185 878 14 4 10 3 0 
47856 382 285 55 2 319 58 6 177 845 7 1 3 4 0 
47777 424 330 48 2 291 63 3 176 864 9 3 5 5 0 
47860 394 294 63 4 302 48 6 161 846 10 5 3 4 0 
47814 407 303 54 4 316 60 1 171 845 11 2 7 5 0 
47805 410 278 53 0 305 50 1 179 892 7 5 6 9 0 
47806 425 330 53 1 304 43 1 169 853 8 2 3 2 0 
47826 384 303 57 1 291 54 0 150 906 7 5 8 8 0 
47841 395 296 52 1 283 57 1 148 906 10 1 4 5 0 
47732 446 317 59 3 332 64 3 181 846 6 2 7 2 0 
47823 402 312 41 4 302 52 0 181 857 6 6 9 5 0 
47908 377 295 60 3 284 46 1 163 847 9 1 3 3 0 
47793 418 274 62 3 319 52 5 155 900 8 0 7 4 0 
47776 443 328 58 3 273 50 1 167 883 9 3 3 3 0 
47790 385 310 64 6 313 40 3 151 912 12 3 6 5 0 
47782 429 278 55 5 293 70 3 156 902 10 8 3 6 0 
47757 453 273 48 1 312 53 3 169 912 10 1 3 5 0 
47788 445 305 60 3 319 60 3 135 854 9 6 6 7 0 
47802 398 325 52 0 278 46 3 190 893 5 2 1 5 0 
47763 429 297 63 4 301 49 4 191 890 7 0 1 1 0 
47779 437 310 61 2 257 55 1 166 909 7 3 7 6 0 
47812 402 292 57 2 286 48 2 188 892 8 6 2 3 0 
47684 422 337 60 1 325 60 2 194 898 7 2 4 4 0 
47795 454 356 44 2 260 41 4 190 830 8 3 7 6 0 
47792 433 314 59 2 291 49 4 163 869 8 2 6 8 0 
47861 409 266 58 3 286 46 2 163 879 8 4 9 6 0 
47734 437 308 51 0 301 58 2 184 909 8 2 3 3 0 
47892 380 323 61 1 283 38 3 163 840 6 1 5 4 0 
47769 424 351 70 1 274 54 1 155 875 11 1 8 5 1 
47879 402 272 59 4 300 44 0 157 860 9 4 5 5 0 
47805 443 309 63 2 283 60 1 160 861 3 3 4 3 0 
47827 435 288 59 2 306 44 1 164 859 4 3 4 4 0 
47788 411 311 52 0 300 60 3 181 884 4 1 3 2 0 
47766 448 296 60 1 312 51 2 142 899 9 3 3 8 0 
47788 398 288 64 4 300 61 3 175 897 11 0 3 8 0 
47801 457 286 56 3 299 65 3 181 825 9 3 4 8 0 
47808 403 289 53 1 265 47 2 159 954 7 2 7 3 0 
47767 427 312 53 1 292 51 1 161 913 10 2 5 5 0 
47832 399 294 52 1 294 55 1 164 885 8 0 6 9 0 
47778 422 294 61 3 290 65 2 169 892 11 2 6 4 1 
47723 390 325 53 4 302 52 2 194 930 9 0 8 8 0 
47754 436 300 53 1 311 49 2 186 888 6 6 6 2 0 
47755 431 296 49 3 310 54 1 177 895 10 3 7 9 0 
47788 402 303 62 1 351 56 2 149 859 13 3 5 6 0 
47774 448 268 48 2 306 59 3 165 911 5 2 4 5 0 
47889 421 305 45 0 312 42 2 187 776 7 7 1 6 0 
47797 434 301 48 3 288 58 4 170 877 5 2 9 4 0 
47726 434 307 55 2 312 70 3 189 887 4 2 6 3 0 
47783 418 288 54 0 319 53 6 165 894 7 1 7 5 0 
47817 423 298 50 3 280 56 3 155 896 10 2 3 4 0 
47805 409 310 58 5 312 56 2 176 846 6 2 8 5 0 
47781 407 305 62 2 307 48 1 174 894 6 3 5 5 0 
47806 399 298 52 3 297 63 3 172 891 8 2 3 3 0 
47793 426 294 48 4 303 51 2 195 862 9 3 5 5 0 
47858 424 274 47 1 282 60 1 170 868 8 1 3 3 0 
47851 453 303 55 1 288 45 2 159 824 7 4 4 4 0 
47668 457 316 52 5 335 54 0 186 912 5 1 3 6 0 
47813 457 261 69 3 280 53 1 147 899 9 1 4 3 0 
47727 426 340 44 2 310 61 5 169 893 5 5 4 9 0 
47816 442 275 50 3 307 48 2 157 874 13 0 8 5 0 
47828 383 283 54 3 321 56 1 152 894 8 4 8 5 0 
47802 427 298 49 2 315 57 2 149 879 8 2 7 3 0 
47787 383 302 55 0 311 58 5 165 912 6 4 2 10 0 
47804 402 281 59 3 277 52 4 180 908 14 3 6 7 0 
47739 406 293 71 4 265 72 6 180 942 11 2 5 4 0 
47805 402 272 65 1 291 58 3 185 902 6 6 2 2 0 
47816 393 307 46 4 317 55 5 183 848 11 5 5 5 0 
47786 415 290 47 1 305 56 2 171 910 6 2 3 6 0 
47777 400 316 44 1 305 46 4 169 915 7 3 8 5 0 
47829 401 314 67 1 310 45 2 191 826 5 1 4 3 1 
47709 437 317 62 2 302 54 3 152 939 11 5 4 3 0 
47801 411 285 59 3 302 45 4 200 873 4 3 5 5 0 
47771 412 326 54 3 316 44 1 173 877 9 1 5 8 0 
47812 421 297 62 4 283 48 4 168 892 4 2 1 2 0 
47837 415 314 57 3 276 61 0 156 868 4 2 2 5 0 
47786 384 327 61 5 317 54 1 175 868 10 3 6 3 0 
47866 402 282 63 0 307 41 3 151 871 9 1 2 2 0 
47764 424 300 65 1 303 50 2 158 917 8 1 4 3 0 
47785 397 306 46 2 325 58 1 178 882 8 3 2 7 0 
47797 413 288 49 2 328 55 1 171 869 12 4 9 2 0 
47750 421 294 50 2 324 64 1 202 872 7 2 2 9 0 
47866 425 307 53 3 260 54 1 157 852 11 1 6 4 0 
47747 430 334 52 2 284 66 6 159 901 6 1 5 6 1 
47834 443 290 66 3 306 40 2 151 849 10 3 2 1 0 
47764 408 303 74 3 313 47 2 187 886 5 3 3 2 0 
47729 420 315 58 4 299 58 0 200 893 9 6 4 5 0 
47751 401 321 66 2 287 57 2 175 914 10 4 6 4 0 
47748 457 329 50 1 290 59 2 167 880 9 1 3 4 0 
47836 424 280 55 3 320 55 2 169 836 7 3 2 7 1 
47768 384 312 51 5 288 62 1 167 928 12 4 11 7 0 
47868 439 287 58 3 272 51 1 154 848 6 2 6 5 0 
47787 383 291 59 5 296 62 0 173 929 2 1 7 5 0 
47783 445 291 49 3 301 62 0 197 849 6 4 3 7 0 
47721 440 331 49 1 308 60 2 168 893 5 2 10 10 0 
47851 403 295 61 2 298 53 6 161 847 12 1 7 3 0 
47851 412 299 47 1 265 66 3 182 856 5 1 11 1 0 
47794 400 303 61 2 328 49 2 172 868 6 4 7 4 0 
47768 402 327 54 2 280 59 2 170 915 6 2 2 10 1 
47762 427 311 59 0 285 60 2 178 901 8 0 2 4 1 
47807 409 312 62 1 313 40 2 170 867 6 2 4 5 0 
47748 419 307 68 3 308 68 1 184 878 5 1 6 4 0 
47837 381 300 59 2 310 67 1 184 839 10 3 6 1 0 
47837 409 277 55 1 290 64 4 172 866 9 5 6 5 0 
47779 431 270 60 2 323 63 2 174 872 13 2 4 5 0 
47809 412 315 65 1 296 46 3 167 868 8 4 5 1 0 
47792 408 284 43 3 322 51 5 174 899 8 2 2 6 1 
47769 437 292 52 0 323 47 2 186 880 3 3 4 2 0 
47773 404 308 47 7 338 57 3 165 870 12 3 8 5 0 
47824 400 292 54 5 311 48 3 164 882 9 4 2 1 1 
47720 412 332 63 0 340 44 2 183 880 10 4 8 2 0 
47793 396 289 56 4 292 65 2 186 900 6 3 4 4 0 
47816 393 295 53 1 318 46 1 163 898 4 2 5 5 0 
47817 394 308 60 1 299 50 3 169 879 7 3 1 9 0 
47733 478 283 56 1 296 72 2 166 896 9 2 4 2 0 
47751 417 289 54 1 316 53 4 181 913 8 3 5 5 0 
47776 447 297 47 1 270 67 2 172 904 5 0 7 5 0 
47733 408 326 58 5 289 56 5 198 898 9 3 5 7 0 
47820 420 277 57 1 292 49 2 168 896 8 3 3 4 0 
47797 409 299 48 5 296 45 4 181 891 13 5 5 2 0 
47746 391 306 62 1 313 64 5 193 898 13 1 3 4 0 
47825 399 281 57 7 287 69 0 150 901 12 1 9 2 0 
47769 454 297 48 0 334 64 3 157 857 8 0 5 4 0 
47791 442 307 58 1 311 45 5 175 846 10 2 4 2 1 
47833 390 285 53 2 307 52 2 171 891 6 2 4 2 0 
47812 439 312 47 2 280 48 1 155 886 7 1 4 6 0 
47794 417 326 60 2 285 50 1 177 874 6 1 5 2 0 
47802 414 312 50 3 283 53 2 190 867 13 2 6 3 0 
47740 424 314 64 1 296 57 2 182 905 1 2 4 8 0 
47780 397 304 51 1 298 56 1 164 922 11 3 4 8 0 
47769 406 311 52 1 284 58 2 189 917 7 1 2 1 0 
47777 441 300 50 0 306 47 2 178 877 6 3 6 7 0 
47805 427 295 42 1 294 52 4 182 878 8 6 4 2 0 
47836 412 314 44 2 263 57 3 191 858 8 4 6 2 0 
47814 421 308 51 1 306 59 5 138 881 8 3 0 5 0 
47848 390 278 64 3 306 58 3 166 868 9 2 4 1 0 
47732 448 308 63 0 311 60 2 175 890 5 2 1 3 0 
47859 406 320 47 2 317 50 3 150 833 3 1 5 4 0 
47813 413 329 57 1 309 62 7 147 846 4 2 1 9 0 
47773 427 289 64 0 308 45 1 177 889 16 2 4 4 1 
47779 403 308 52 2 305 48 1 203 880 6 2 7 4 0 
47766 429 320 45 0 304 66 6 177 863 10 2 5 7 0 
47761 405 308 43 1 304 66 0 183 909 10 1 5 4 0 
47777 399 311 44 3 309 43 3 174 915 5 3 9 5 0 
47755 443 299 71 4 321 51 5 167 871 3 2 4 4 0 
47801 421 282 47 1 340 71 1 171 848 6 3 5 3 0 
47872 370 264 54 1 303 49 0 192 883 7 2 2 1 0 
47786 415 294 47 4 294 69 2 187 884 7 4 2 5 0 
47794 388 315 50 1 305 51 2 150 914 9 7 10 4 0 
47851 380 309 46 6 261 61 1 172 887 17 1 4 4 0 
47819 424 297 61 1 291 45 0 173 869 6 2 6 6 0 
47836 417 318 56 0 282 42 0 158 870 10 2 3 6 0 
47861 386 288 41 2 305 56 6 163 881 6 1 2 2 0 
47772 410 295 69 3 307 49 1 175 898 10 2 1 8 0 
47791 417 322 47 2 306 48 3 187 854 11 0 4 8 0 
47823 421 284 44 1 284 46 1 169 911 7 2 3 4 0 
47855 378 288 64 1 313 48 1 171 860 10 2 6 3 0 
47782 411 324 64 3 302 56 3 178 853 15 2 5 2 0 
47765 440 308 59 2 320 58 4 153 876 6 2 3 4 0 
47877 391 308 50 4 259 58 2 170 855 13 1 7 5 0 
47828 416 302 47 1 293 59 2 146 888 7 2 6 3 0 
47888 390 277 60 1 282 55 2 175 845 6 3 8 8 0 
47859 428 302 50 4 300 53 1 168 822 6 1 1 5 0 
47801 389 306 50 5 306 53 2 148 926 6 2 4 2 0 
47749 397 330 59 3 318 55 4 169 892 8 2 4 10 0 
47806 423 300 61 0 321 62 3 173 827 10 2 4 8 0 
47784 399 291 58 3 315 59 4 158 911 8 0 7 3 0 
47822 412 274 46 4 321 64 4 158 879 7 3 4 2 0 
47767 422 302 57 6 310 49 5 166 892 14 3 3 4 0 
47753 424 291 54 4 303 63 2 185 907 7 0 2 5 0 
47735 427 325 58 1 317 53 5 160 894 15 3 3 4 0 
47738 425 280 72 0 318 63 3 177 907 6 5 4 2 0 
47811 422 289 60 3 274 55 2 164 901 8 2 5 4 0 
47857 411 275 58 4 309 61 0 169 836 11 3 5 1 0 
47796 382 269 70 1 319 56 3 171 919 6 2 2 4 0 
47785 430 293 47 2 324 74 1 155 867 9 4 3 6 0 
47774 424 289 55 3 303 56 4 180 890 8 2 4 8 0 
47701 451 316 43 2 326 47 2 181 903 15 1 1 11 0 
47775 414 325 47 4 290 65 4 162 893 8 3 6 4 0 
47812 393 307 63 2 328 53 6 171 844 6 2 8 5 0 
47756 407 298 47 2 297 51 1 206 909 12 3 8 3 0 
47824 385 327 65 1 315 51 3 168 846 6 4 3 2 0 
47800 426 312 59 0 276 41 1 185 887 5 2 3 3 0 
47845 409 283 55 2 307 62 2 174 831 8 1 10 11 0 
47784 412 281 62 5 305 48 3 169 908 9 3 6 5 0 
47670 447 313 62 4 309 56 3 189 926 4 3 9 5 0 
47738 425 301 64 4 333 51 2 162 899 12 3 5 1 0 
47801 434 275 50 2 293 49 2 173 902 3 3 7 6 0 
47872 403 295 55 3 245 59 2 155 889 10 3 5 4 0 
47849 411 279 63 2 285 43 0 178 872 10 1 3 4 0 
47754 473 304 52 2 275 43 0 156 918 9 3 8 3 0 
47760 415 325 59 4 313 73 2 166 869 5 1 6 2 0 
47799 446 303 44 9 319 51 1 165 842 10 3 1 7 0 
47802 405 296 48 1 288 47 3 206 877 8 6 8 5 0 
47785 429 313 51 1 308 63 5 168 861 9 1 3 3 0 
47748 455 291 60 0 325 67 2 170 865 8 0 8 1 0 
47758 383 336 64 3 320 56 2 184 879 6 3 3 3 0 
47772 422 309 59 3 299 56 3 173 886 7 2 3 6 0 
47753 461 295 57 3 305 64 6 178 861 5 7 1 4 0 
47776 404 317 64 2 293 67 1 158 903 6 0 6 3 0 
47776 411 288 49 2 308 51 3 206 885 7 2 5 7 0 
47769 445 300 51 2 288 62 4 184 875 9 4 2 5 0 
47842 393 284 46 5 290 56 3 178 883 12 2 2 4 0 
47865 403 284 48 0 303 54 0 166 859 9 2 3 4 0 
47737 445 320 59 1 295 49 1 159 914 6 6 6 2 0 
47764 463 285 43 3 299 66 3 175 876 10 8 1 4 0 
47784 386 302 67 2 326 55 2 142 913 7 3 7 4 0 
47799 428 330 52 2 317 46 2 150 847 12 3 10 2 0 
47792 388 319 47 3 305 65 2 158 901 13 0 5 2 0 
47787 398 321 54 4 320 57 4 187 853 6 1 2 6 0 
47848 401 267 53 2 279 54 4 192 883 11 2 3 1 0 
47808 437 287 61 9 316 60 3 157 837 6 0 14 5 0 
47920 403 292 61 3 281 31 2 170 811 11 2 7 6 0 
47855 408 274 57 4 290 58 3 140 893 4 3 4 7 0 
47716 446 298 70 1 308 50 5 150 937 6 5 5 2 1 
47658 485 282 62 1 305 52 2 175 955 7 4 4 8 0 
47739 487 313 51 0 284 46 1 154 908 8 0 4 5 0 
47785 438 297 53 1 299 54 3 153 899 3 3 7 5 0 
47824 426 280 49 1 293 55 2 169 886 5 1 6 3 0 
47776 438 317 69 0 267 59 3 157 896 7 3 3 5 0 
47795 387 327 55 2 289 58 4 161 899 6 1 9 7 0 
47792 408 306 57 2 292 65 2 180 877 10 3 1 5 0 
47780 422 315 60 1 279 53 1 156 906 15 2 4 6 0 
47881 408 286 41 2 278 45 3 153 886 10 1 3 3 0 
47740 423 303 59 1 323 50 1 171 907 6 1 9 6 0 
47765 441 301 62 3 289 48 0 168 902 5 2 6 8 0 
47837 432 293 44 1 305 63 2 148 858 5 5 4 3 0 
47743 435 278 47 4 314 59 1 197 898 7 3 8 6 0 
47742 431 294 65 4 328 55 1 165 895 8 1 7 4 0 
47780 442 285 55 2 299 54 4 187 875 9 2 3 3 0 
47823 418 292 56 1 309 47 4 160 869 5 5 6 5 0 
47779 429 283 50 3 314 64 1 149 900 10 2 5 11 0 
47838 419 276 59 4 275 57 2 152 900 3 6 4 5 0 
47740 422 297 59 3 311 69 1 179 899 4 1 6 9 0 
47751 414 304 50 2 305 58 4 172 920 11 1 2 6 0 
47761 420 283 60 1 296 61 4 179 917 9 0 4 5 0 
47727 450 305 46 1 311 53 3 167 907 14 2 5 9 0 
47896 408 301 65 2 285 62 3 155 799 10 2 7 5 0 
47791 440 267 77 0 284 57 3 157 905 4 2 6 7 0 
47750 413 298 59 2 297 52 4 187 919 4 0 10 5 0 
47727 445 338 50 3 300 60 1 179 876 7 3 6 5 0 
47823 396 287 61 2 307 61 1 159 881 9 2 7 3 1 
47807 426 284 54 4 291 65 1 179 870 9 2 7 1 0 
47786 413 295 69 3 308 61 0 197 849 5 1 7 6 0 
47817 408 276 44 4 304 53 0 191 881 8 2 6 6 0 
47832 396 266 60 1 301 68 4 164 896 5 3 0 4 0 
47787 400 295 62 4 298 70 3 162 896 11 1 6 5 0 
47839 423 300 54 0 276 60 2 167 857 11 4 2 5 0 
47707 432 337 54 1 310 49 0 189 900 6 3 4 8 0 
47742 398 313 53 2 320 60 4 176 916 6 3 5 2 0 
47801 412 312 60 0 310 69 6 174 842 7 4 1 2 0 
47864 371 282 56 1 301 49 5 170 880 8 4 6 3 0 
47771 421 299 55 0 312 43 1 181 895 10 4 4 4 0 
47821 434 294 50 1 288 44 5 175 872 6 3 2 5 0 
47766 421 296 67 2 306 51 5 186 885 5 4 1 5 0 
47822 420 285 67 1 311 50 2 157 868 6 2 5 4 0 
47795 406 309 64 3 295 74 3 178 857 6 4 4 2 0 
47847 418 298 49 3 308 52 4 157 838 11 5 3 7 0 
47770 399 290 56 5 311 51 2 187 908 9 2 3 7 0 
47753 446 316 46 4 305 67 2 167 866 8 3 8 9 0 
47828 436 279 48 4 294 56 2 170 865 5 3 4 6 0 
47731 388 326 63 4 302 48 4 172 941 9 4 5 3 0 
47798 386 299 55 3 299 53 1 195 891 10 2 0 8 0 
47916 363 278 58 0 269 51 2 182 865 9 2 1 4 0 
47785 432 314 47 1 293 38 5 179 885 11 2 2 5 1 
47867 413 289 59 4 284 50 1 162 855 7 3 3 3 0 
47828 428 278 57 3 319 58 3 158 843 12 2 6 5 0 
47790 441 283 58 5 330 44 1 165 863 9 2 6 3 0 
47781 426 321 53 3 314 40 5 170 870 5 3 4 5 0 
47789 441 273 51 0 328 58 3 166 873 8 0 3 7 0 
47777 437 302 49 1 279 66 3 177 879 10 3 7 10 0 
47788 406 322 57 3 284 50 2 167 907 5 1 5 3 0 
47757 421 294 54 1 336 53 0 172 898 5 3 4 2 0 
47815 446 292 60 4 309 40 0 157 855 9 3 4 6 0 
47745 427 314 59 3 318 58 4 169 889 5 3 3 3 0 
47855 409 294 50 3 294 54 2 161 860 5 3 10 0 0 
47801 397 328 57 1 309 68 0 137 876 12 2 7 5 0 
47772 410 313 43 3 300 62 4 169 904 7 4 5 4 0 
47799 422 341 37 1 276 50 0 166 887 8 2 4 7 0 
47863 416 315 46 2 314 45 4 158 816 7 3 5 6 0 
47830 427 273 60 3 318 56 0 141 879 5 2 3 3 0 
47682 420 351 70 4 306 59 2 176 908 9 5 2 6 0 
47732 409 293 67 3 318 77 4 171 905 12 1 4 4 0 
47771 418 312 64 4 303 50 4 183 871 7 5 5 3 0 
47848 412 314 70 1 271 53 5 144 861 10 2 5 4 0 
47780 426 282 56 0 278 63 4 165 930 6 4 3 3 0 
47690 439 334 63 3 333 43 2 183 890 6 3 5 6 0 
47896 411 283 50 3 294 47 2 154 845 7 1 2 5 0 
47770 397 310 71 5 297 51 2 176 906 10 0 2 3 0 
47811 402 303 51 1 311 56 4 176 871 4 2 6 2 0 
47715 447 309 46 1 283 54 1 189 924 12 3 5 11 0 
47753 423 285 65 1 314 51 1 190 895 7 5 6 4 0 
47834 453 328 53 0 279 46 1 170 821 10 2 1 2 0 
47775 427 336 49 1 308 55 3 154 876 5 2 3 6 0 
47872 406 287 50 2 299 48 6 172 839 3 0 11 5 0 
47812 423 278 65 3 319 56 1 183 836 9 3 8 4 0 
47785 404 293 47 6 317 49 2 179 903 3 1 7 3 1 
47841 419 282 42 5 308 65 2 158 859 4 3 7 5 0 
47879 395 299 49 2 293 55 1 165 842 5 7 5 3 0 
47810 405 300 52 0 290 48 2 172 894 8 2 10 7 0 
47791 435 313 46 2 315 57 0 171 851 10 1 5 3 0 
47770 415 277 56 2 307 55 3 191 897 11 2 11 3 0 
47822 435 294 51 2 286 51 5 148 890 7 1 4 4 0 
47802 415 290 40 6 292 59 4 165 904 10 3 8 2 0 
47801 399 319 42 1 315 57 1 154 893 10 1 4 3 0 
47687 465 307 59 2 308 68 1 163 918 8 3 8 3 0 
47774 432 298 45 4 301 55 5 163 906 4 5 6 2 0 
47799 406 303 44 1 309 63 0 177 882 9 3 0 4 0 
47709 458 292 47 3 306 45 3 187 923 15 4 5 3 0 
47790 430 312 62 4 275 46 2 171 892 5 2 6 3 0 
47743 422 311 49 1 320 46 0 174 906 10 5 7 6 0 
47828 426 304 48 3 280 47 0 187 853 9 1 6 8 0 
47748 448 292 55 2 326 46 4 163 889 13 6 2 6 0 
47880 425 276 61 0 285 48 2 192 811 12 4 1 3 0 
47793 411 296 71 1 308 54 5 152 884 7 3 5 10 0 
47782 453 287 44 1 283 55 1 169 907 6 4 4 4 0 
47745 430 296 46 2 305 52 5 203 896 9 2 7 2 0 
47749 430 331 67 4 276 60 1 169 889 10 4 6 4 0 
47851 371 281 59 6 312 64 4 172 859 7 3 6 5 0 
47879 417 292 57 2 298 38 2 175 818 8 0 6 7 1 
47797 432 282 56 3 297 66 4 161 883 7 2 6 4 0 
47803 422 281 43 4 307 60 4 165 881 11 1 10 8 0 
47823 437 288 60 1 315 51 2 160 843 8 3 2 6 1 
47806 428 306 37 1 304 65 3 153 878 7 5 2 5 0 
47777 424 296 50 3 285 42 1 189 908 6 5 10 4 0 
47901 402 263 65 3 288 49 3 163 842 9 1 6 5 0 
47831 405 299 50 1 278 71 3 159 885 11 0 3 4 0 
47842 413 297 53 2 314 56 4 151 852 8 1 3 4 0 
47705 456 295 65 3 332 56 0 176 895 5 4 3 5 0 
47778 430 264 51 2 317 62 4 159 907 8 2 11 5 0 
47885 387 283 57 2 273 49 2 153 885 13 1 2 8 0 
47882 378 278 56 1 312 57 3 183 833 6 5 2 4 0 
47807 427 292 53 6 311 50 3 165 861 7 4 7 7 0 
47738 401 279 46 2 324 53 2 164 970 10 2 4 5 0 
47820 437 286 61 2 297 61 2 175 839 11 2 5 2 0 
47845 426 285 48 4 280 58 2 174 857 8 2 3 7 1 
47792 390 294 59 1 291 54 2 191 911 6 1 2 6 0 
47763 417 300 46 1 338 63 1 182 868 14 2 2 3 0 
47795 444 302 65 2 250 58 2 168 890 10 3 9 2 0 
47830 421 294 48 2 309 44 3 162 860 9 3 7 8 0 
47797 412 297 58 2 321 52 2 173 859 11 1 11 4 0 
47719 423 306 52 6 300 67 2 175 931 8 2 4 5 0 
47798 447 301 47 5 288 55 2 177 859 10 3 4 4 0 
47755 442 291 58 6 302 67 4 167 890 8 4 3 3 0 
47767 408 299 54 1 321 51 2 183 893 10 1 4 6 0 
47737 403 297 48 0 304 70 3 190 923 12 2 6 5 0 
47829 396 298 49 2 284 56 6 159 901 11 2 4 3 0 
47805 441 260 50 2 316 56 3 176 875 3 2 5 6 0 
47832 408 292 47 1 296 55 2 178 868 4 2 7 8 0 
47880 426 298 57 2 288 54 1 179 803 7 2 1 2 0 
47718 430 284 59 2 322 48 6 191 912 12 2 10 4 0 
47809 405 291 55 5 328 51 3 155 872 11 2 5 8 0 
47771 408 287 55 5 314 51 0 175 915 6 2 7 4 0 
47808 430 301 50 1 283 54 2 170 884 7 1 5 4 0 
47806 409 316 50 3 282 48 2 195 866 12 1 4 6 0 
47770 424 306 60 2 286 52 2 177 901 8 2 3 7 0 
47792 435 290 54 2 290 53 1 192 868 9 3 6 5 0 
47844 391 318 51 4 311 55 2 164 845 6 3 3 3 0 
47784 436 313 46 3 287 60 4 189 863 7 2 4 2 0 
47785 430 287 48 5 318 51 1 175 879 9 3 8 1 0 
47743 412 329 62 2 294 58 2 177 899 10 5 4 3 0 
47746 425 315 61 1 322 49 3 195 865 10 2 1 5 0 
47745 453 301 42 5 287 59 2 153 933 6 3 6 5 0 
47796 431 273 49 4 322 46 3 180 875 9 2 4 6 0 
47823 413 275 57 3 275 67 2 186 877 10 4 4 4 0 
47748 426 301 49 1 332 68 2 146 905 10 2 3 7 0 
47794 445 270 49 3 290 43 2 176 912 11 1 2 2 0 
47744 432 294 51 1 337 56 1 191 868 10 1 8 6 0 
47761 413 307 54 4 312 62 2 155 919 7 0 2 1 1 
47795 405 289 66 4 300 64 2 173 878 10 1 8 5 0 
47787 424 292 51 4 319 43 0 183 874 7 4 5 7 0 
