242219 1385 1232 391 6 1247 301 9 501 2660 15 6 18 10 0 
242297 1363 1158 420 4 1273 346 7 502 2586 8 6 17 13 0 
242261 1373 1170 402 9 1239 293 10 559 2624 13 8 16 23 0 
242088 1425 1167 453 5 1292 339 5 524 2660 14 6 11 11 0 
242189 1430 1127 367 8 1267 310 8 551 2702 12 7 13 9 0 
242292 1381 1118 400 8 1199 342 5 513 2682 17 4 18 21 0 
242162 1419 1200 412 6 1283 336 7 527 2598 17 5 14 14 0 
242014 1376 1204 414 13 1282 318 10 545 2780 14 5 12 13 0 
242181 1381 1132 413 3 1322 274 13 489 2737 16 8 14 17 0 
242277 1379 1127 401 6 1283 316 4 542 2607 20 7 16 15 0 
242160 1363 1170 458 6 1317 317 5 525 2631 17 9 8 14 0 
242169 1366 1184 433 8 1289 281 6 497 2721 15 7 11 13 0 
242267 1334 1156 398 2 1249 337 3 531 2670 17 8 16 12 0 
242206 1379 1233 388 6 1275 317 5 581 2564 18 5 8 15 0 
242060 1387 1197 449 7 1349 325 3 534 2627 20 8 13 21 0 
242200 1341 1160 441 5 1281 330 9 529 2648 15 10 14 17 0 
242095 1430 1158 412 7 1296 330 6 526 2700 15 3 8 14 0 
242164 1385 1209 447 6 1260 336 8 490 2648 21 5 6 15 0 
242145 1385 1201 399 9 1263 326 9 522 2699 13 8 8 13 0 
242053 1347 1203 397 7 1263 330 6 559 2776 22 8 11 18 0 
242075 1364 1246 461 6 1248 329 7 538 2678 20 3 16 9 0 
242301 1443 1133 401 6 1263 316 5 544 2543 15 8 8 14 0 
242410 1327 1211 378 8 1260 304 6 483 2566 13 8 15 11 0 
242252 1384 1120 438 11 1250 285 10 520 2666 25 9 8 21 1 
242195 1423 1231 396 10 1280 349 0 549 2522 14 6 16 9 0 
242183 1404 1141 411 8 1264 320 5 540 2687 15 5 6 11 0 
242339 1361 1125 438 5 1279 327 6 481 2594 9 6 18 12 0 
242280 1345 1111 423 3 1275 347 8 547 2617 17 7 9 11 0 
242156 1368 1222 441 2 1280 354 6 519 2608 24 5 7 8 0 
242112 1408 1129 414 6 1226 356 10 541 2754 17 9 9 9 0 
242202 1374 1167 414 6 1255 336 11 534 2643 16 16 13 13 0 
242152 1416 1179 430 7 1222 305 10 547 2676 20 6 15 15 0 
242149 1416 1141 409 6 1323 333 8 546 2632 11 8 11 7 0 
242205 1440 1192 385 1 1253 343 8 493 2625 14 9 13 19 0 
242140 1398 1218 440 8 1341 283 9 539 2577 14 8 10 15 0 
242262 1319 1166 426 10 1308 304 4 548 2609 17 2 13 12 0 
242269 1321 1155 375 8 1249 318 8 545 2712 10 9 11 10 0 
242234 1397 1153 417 5 1317 336 8 552 2531 18 7 14 11 0 
242151 1452 1197 426 7 1247 290 2 552 2634 11 9 7 15 0 
242154 1368 1216 463 7 1227 344 7 548 2622 13 11 11 9 0 
242194 1414 1171 402 8 1264 335 4 535 2631 11 1 14 16 0 
242128 1399 1186 424 13 1254 310 9 537 2670 23 9 13 25 0 
242156 1375 1208 409 6 1262 322 9 528 2672 16 4 15 18 0 
242063 1359 1237 435 7 1290 316 5 521 2721 19 11 7 9 0 
242224 1372 1190 425 14 1262 307 7 523 2627 14 13 9 13 0 
242131 1393 1155 423 7 1278 321 7 563 2669 17 7 12 17 0 
242216 1426 1202 428 6 1271 294 8 517 2599 11 4 6 12 0 
242148 1420 1172 404 10 1275 315 5 549 2661 11 6 11 13 0 
242052 1338 1148 465 8 1295 336 5 526 2785 14 6 11 11 0 
242170 1374 1168 447 5 1256 288 6 587 2651 7 10 13 18 0 
242121 1416 1227 442 10 1249 314 8 510 2659 15 4 9 16 0 
242233 1348 1213 445 4 1253 314 5 510 2621 21 7 13 13 0 
242128 1437 1162 405 10 1218 363 9 561 2666 13 11 11 6 0 
242115 1402 1195 430 3 1254 340 7 539 2661 12 10 18 14 0 
242203 1411 1184 410 7 1238 307 5 496 2679 23 6 17 14 0 
242204 1380 1217 370 13 1241 310 6 548 2661 17 7 12 14 0 
242376 1339 1229 403 6 1198 325 9 506 2552 18 8 15 16 0 
242143 1396 1153 425 2 1282 331 5 484 2729 17 12 10 11 0 
242241 1352 1146 400 3 1221 311 6 554 2713 16 4 14 19 0 
242187 1348 1141 425 5 1275 325 5 510 2727 14 9 17 12 0 
242174 1374 1152 423 8 1316 318 8 532 2652 18 4 7 14 0 
242160 1400 1203 424 5 1297 329 3 471 2657 16 6 13 16 0 
242333 1386 1208 414 6 1189 324 12 506 2584 15 4 10 9 0 
242169 1355 1227 397 10 1270 314 6 505 2694 13 6 14 19 1 
242222 1365 1220 430 6 1268 298 4 487 2654 15 6 11 14 0 
242104 1375 1276 388 3 1257 312 12 568 2646 23 8 11 17 0 
242385 1335 1178 433 4 1189 316 4 497 2621 17 3 9 9 0 
242149 1334 1192 425 6 1276 321 6 529 2715 13 5 17 12 0 
242225 1391 1236 400 7 1246 301 11 520 2600 19 7 19 17 1 
242204 1389 1111 415 3 1181 300 8 568 2773 16 7 9 16 0 
242087 1432 1183 379 7 1312 333 5 514 2701 13 5 13 16 0 
242355 1357 1129 411 10 1262 279 5 532 2616 15 5 10 14 0 
242185 1397 1149 406 5 1250 312 5 543 2694 16 9 17 12 0 
242200 1403 1189 415 8 1261 325 9 520 2628 14 7 11 10 0 
242250 1409 1267 422 9 1216 305 6 510 2570 11 8 11 6 0 
242211 1412 1143 392 3 1260 317 7 522 2694 10 6 11 12 0 
242329 1382 1177 407 7 1213 293 4 548 2604 17 7 4 8 0 
242215 1396 1198 398 2 1279 306 6 553 2595 14 11 16 11 0 
242364 1372 1068 400 14 1210 332 9 500 2691 16 4 7 13 0 
242145 1411 1235 411 6 1203 288 3 564 2683 17 2 6 25 1 
242342 1387 1120 408 4 1250 315 8 533 2599 11 4 5 14 0 
242397 1322 1142 388 14 1274 334 3 508 2572 13 9 10 14 0 
242153 1396 1189 404 9 1280 286 9 535 2686 16 8 11 18 0 
242228 1347 1139 413 6 1292 334 4 502 2688 22 5 9 11 0 
242095 1375 1251 417 4 1235 357 3 539 2674 24 6 13 7 0 
242093 1382 1186 431 5 1326 305 5 554 2660 15 7 12 19 0 
242397 1304 1164 398 3 1288 303 6 515 2577 13 3 12 17 0 
242105 1393 1150 459 5 1274 322 3 506 2737 19 2 9 16 0 
242106 1357 1206 416 5 1278 334 8 571 2678 9 5 8 18 1 
242315 1372 1162 373 9 1275 320 7 476 2646 16 3 16 10 0 
242305 1325 1150 409 12 1262 331 8 487 2662 17 8 13 11 0 
242188 1388 1177 425 6 1206 329 5 514 2714 23 3 10 12 0 
242176 1379 1199 384 6 1229 315 10 531 2730 13 6 11 11 0 
242076 1362 1213 422 14 1281 288 4 537 2757 10 8 14 14 0 
242017 1396 1216 416 6 1305 301 2 533 2752 15 9 12 20 0 
242146 1418 1168 430 3 1259 343 4 555 2631 13 6 12 12 0 
242186 1384 1183 386 4 1297 328 5 552 2618 13 8 19 17 0 
242059 1379 1235 393 9 1292 327 11 522 2703 18 15 19 18 0 
242030 1396 1230 407 7 1250 334 1 570 2728 12 8 15 12 0 
242309 1289 1188 379 3 1245 326 8 526 2678 13 8 10 18 0 
242169 1354 1165 392 2 1321 343 6 514 2687 19 4 12 12 0 
242221 1389 1195 403 9 1209 323 8 527 2669 22 5 6 14 0 
242161 1326 1173 400 8 1285 331 7 579 2687 15 4 10 14 0 
242085 1408 1144 420 7 1311 309 8 575 2674 17 11 17 14 0 
242395 1354 1110 375 10 1275 305 7 540 2582 12 6 14 15 0 
242195 1391 1159 437 8 1288 345 2 513 2616 20 1 9 16 0 
242076 1426 1180 411 6 1295 310 6 522 2717 17 3 18 13 0 
242045 1388 1224 467 7 1273 322 4 512 2711 15 6 5 21 0 
242099 1422 1166 432 7 1302 340 4 516 2667 14 9 15 7 0 
241983 1357 1207 465 2 1336 331 6 565 2695 12 3 18 20 0 
242135 1352 1182 418 9 1263 314 7 576 2685 17 10 20 12 0 
242227 1330 1165 421 7 1252 324 7 545 2669 21 9 11 12 0 
242197 1418 1187 432 8 1269 324 5 521 2579 16 8 19 17 0 
242173 1404 1146 394 5 1267 355 2 562 2632 18 10 6 26 0 
242220 1378 1194 408 4 1214 326 8 521 2681 17 9 11 9 0 
242032 1357 1208 426 8 1306 372 8 555 2686 13 4 11 14 0 
242252 1365 1154 387 6 1280 346 5 517 2637 10 5 21 15 0 
242230 1324 1193 405 7 1230 305 10 589 2661 18 4 14 10 0 
242225 1328 1161 415 10 1232 316 2 582 2676 19 11 12 11 0 
242114 1376 1190 394 8 1264 352 8 518 2725 9 11 14 17 0 
242119 1354 1175 444 7 1251 323 6 547 2717 16 11 11 19 0 
242069 1414 1137 433 4 1282 316 10 560 2729 23 4 12 7 0 
242253 1363 1171 438 2 1228 293 4 559 2652 7 9 11 10 0 
242357 1314 1165 380 7 1253 326 5 542 2603 12 8 16 12 0 
242139 1392 1233 429 11 1262 279 6 545 2647 14 10 13 20 0 
242303 1383 1173 394 5 1256 278 8 532 2619 16 2 11 20 0 
242292 1404 1130 413 5 1242 307 4 519 2633 25 3 12 11 0 
242164 1374 1194 411 8 1312 332 5 512 2632 19 11 11 15 0 
242451 1296 1117 360 5 1192 317 9 519 2684 16 10 13 11 0 
242342 1317 1203 407 8 1273 275 6 504 2624 14 9 9 9 0 
242149 1386 1122 411 10 1212 331 7 539 2788 17 5 12 11 0 
242315 1384 1139 383 3 1261 343 10 524 2578 19 11 15 15 0 
242109 1367 1237 451 6 1266 326 4 514 2676 12 7 15 10 0 
242219 1375 1193 403 5 1249 313 8 541 2648 12 12 9 13 0 
242204 1315 1157 405 5 1258 343 5 576 2687 18 8 12 7 0 
242199 1396 1147 442 11 1249 324 6 526 2659 12 8 12 9 0 
242223 1343 1169 446 10 1264 349 2 556 2583 19 2 13 21 0 
242290 1352 1154 425 11 1222 316 5 499 2681 16 6 12 11 0 
242282 1374 1178 387 9 1266 312 13 521 2607 12 12 15 12 0 
242199 1370 1150 403 4 1279 340 8 518 2665 23 11 15 15 0 
242056 1404 1218 433 2 1284 335 9 553 2658 15 8 15 10 0 
242218 1345 1176 408 9 1251 300 2 538 2707 15 12 9 10 0 
242335 1352 1116 379 9 1260 316 2 549 2629 22 6 10 15 0 
242152 1424 1135 438 9 1280 365 10 489 2658 16 3 8 13 0 
242046 1393 1222 382 7 1323 366 5 543 2666 19 5 13 10 0 
242040 1385 1164 455 9 1256 321 10 523 2790 16 9 13 9 0 
242222 1331 1168 418 3 1272 318 5 488 2739 12 7 6 11 0 
242331 1331 1123 456 10 1277 301 2 497 2614 22 9 12 15 0 
242237 1369 1233 391 11 1296 319 2 509 2591 12 6 6 18 0 
242192 1362 1170 429 4 1303 321 5 530 2644 13 4 12 11 0 
242254 1350 1159 403 5 1250 328 10 534 2660 15 4 9 19 0 
242274 1324 1142 411 3 1299 304 12 507 2658 21 10 15 20 0 
242155 1401 1207 405 5 1266 336 2 525 2651 15 11 14 7 0 
242310 1345 1137 399 7 1277 324 9 532 2606 18 5 15 16 0 
242342 1428 1164 425 8 1160 348 8 495 2570 12 4 15 21 0 
242117 1339 1279 441 8 1294 332 5 530 2615 17 6 10 7 0 
242205 1401 1162 406 6 1280 319 6 540 2627 15 11 12 10 0 
242162 1328 1250 438 3 1253 300 7 524 2688 17 14 5 11 0 
242074 1370 1198 395 5 1326 324 6 516 2740 11 9 12 14 0 
242180 1364 1147 440 6 1250 368 4 515 2676 13 4 12 21 0 
242307 1388 1142 415 3 1244 328 6 485 2642 11 6 10 13 0 
242231 1317 1222 418 9 1303 308 6 518 2626 14 7 6 15 0 
242415 1337 1189 402 3 1227 309 7 486 2577 17 4 11 16 0 
242132 1361 1168 411 7 1285 334 13 530 2725 14 8 4 8 0 
242153 1382 1201 402 6 1279 319 4 527 2678 12 10 13 14 0 
242177 1407 1226 400 6 1225 306 4 567 2635 11 7 12 17 0 
242239 1316 1158 428 5 1283 303 5 529 2683 18 8 14 11 0 
241971 1415 1218 401 8 1317 356 4 523 2742 16 8 15 6 0 
242259 1297 1187 435 4 1250 313 3 514 2692 12 11 10 13 0 
242106 1443 1194 415 9 1250 321 11 548 2647 18 10 14 14 0 
242123 1393 1154 394 7 1300 355 8 563 2640 24 10 15 14 0 
242233 1388 1236 392 8 1259 306 11 524 2583 20 8 16 16 0 
242350 1313 1167 396 6 1242 324 8 517 2637 13 1 12 14 0 
242015 1447 1201 406 3 1295 367 8 511 2696 19 6 16 10 0 
242100 1431 1201 405 8 1255 349 5 541 2664 14 6 13 7 1 
242073 1461 1203 426 10 1283 285 8 534 2667 20 4 21 5 0 
242161 1419 1123 411 9 1307 342 5 508 2664 16 10 14 11 0 
242274 1331 1189 433 7 1304 322 12 534 2559 12 5 3 15 0 
242330 1390 1168 372 9 1226 283 8 531 2633 14 7 11 18 0 
242140 1388 1173 409 7 1318 336 4 509 2680 16 4 6 10 0 
242210 1352 1153 428 6 1286 322 8 524 2658 19 10 10 14 0 
242218 1369 1165 409 6 1276 323 5 502 2676 18 6 15 12 0 
242009 1458 1190 413 8 1333 346 1 560 2632 17 10 12 11 0 
242274 1395 1154 417 6 1219 312 8 505 2653 20 8 12 17 0 
242307 1371 1178 379 6 1210 336 4 522 2645 17 8 7 10 0 
242300 1298 1184 406 7 1211 320 9 551 2670 16 10 9 9 0 
242233 1346 1156 382 11 1335 317 8 541 2635 15 7 4 10 0 
242086 1370 1218 378 8 1306 336 7 492 2756 12 3 9 19 0 
242181 1283 1147 433 11 1279 351 0 566 2714 15 4 10 6 0 
242294 1342 1183 406 8 1267 319 9 514 2608 24 5 9 12 0 
242232 1375 1187 391 6 1262 322 5 538 2635 19 7 9 12 0 
242071 1356 1159 423 9 1262 328 4 539 2801 18 6 16 8 0 
242142 1414 1157 428 6 1236 315 10 512 2728 15 8 15 14 0 
242209 1393 1220 417 7 1248 285 8 524 2647 15 6 8 13 0 
242292 1329 1171 413 5 1284 346 8 504 2611 8 6 9 14 0 
242260 1334 1188 386 3 1232 309 7 504 2740 12 3 14 8 0 
242137 1375 1272 418 6 1266 315 7 536 2618 17 10 7 16 0 
242077 1451 1200 407 8 1304 331 5 511 2657 19 6 11 13 0 
242188 1425 1213 383 12 1262 323 7 504 2629 22 5 14 13 0 
242210 1416 1161 420 8 1195 324 4 533 2677 19 6 16 11 0 
242156 1377 1143 419 5 1282 333 3 557 2698 10 5 7 5 0 
242198 1320 1180 437 4 1300 342 11 543 2607 24 6 17 11 0 
242174 1450 1220 433 11 1223 341 4 526 2569 22 3 10 14 0 
242183 1407 1219 409 4 1236 321 7 538 2634 13 6 6 17 0 
242252 1305 1156 386 4 1259 336 7 546 2709 12 8 6 14 0 
242204 1423 1154 424 5 1237 327 3 514 2663 12 4 14 16 0 
242081 1371 1268 418 5 1277 315 9 524 2675 18 9 15 15 0 
242338 1350 1170 428 8 1253 290 9 513 2594 13 10 10 14 0 
242095 1498 1177 439 6 1248 332 10 512 2634 13 6 16 14 0 
242129 1417 1231 382 7 1256 341 5 552 2632 20 1 12 15 0 
242247 1358 1118 415 4 1271 311 4 556 2664 14 8 18 12 0 
242183 1409 1183 393 11 1240 318 10 519 2678 15 7 18 16 0 
242422 1410 1128 372 8 1262 323 6 506 2514 20 4 14 11 0 
242206 1432 1178 433 10 1247 323 4 557 2573 16 3 8 10 0 
242238 1400 1185 386 5 1253 321 8 524 2644 16 6 6 8 0 
242140 1339 1234 426 9 1281 332 4 525 2661 14 6 13 16 0 
242226 1296 1215 445 9 1305 309 4 537 2608 17 7 7 15 0 
242160 1397 1190 440 12 1277 316 9 530 2630 8 11 13 7 0 
241985 1386 1218 405 9 1256 332 5 577 2777 16 8 12 14 0 
242079 1409 1183 435 8 1331 303 9 553 2644 15 4 6 21 0 
242117 1426 1193 429 8 1251 320 10 550 2657 11 3 13 12 0 
242241 1357 1227 399 6 1238 283 9 501 2689 16 6 12 16 0 
242197 1351 1185 395 5 1232 311 6 540 2735 13 4 17 9 0 
242099 1417 1114 444 7 1253 353 4 512 2744 16 7 14 16 0 
242250 1414 1139 396 12 1270 340 7 533 2604 10 4 6 15 0 
242199 1336 1183 392 9 1292 323 6 516 2695 15 8 15 11 0 
242180 1414 1180 370 5 1238 318 4 550 2695 13 9 14 10 0 
242136 1340 1188 423 5 1278 332 8 566 2674 20 6 9 15 0 
242172 1360 1169 390 7 1327 329 9 526 2665 16 6 10 14 0 
242260 1402 1120 427 9 1229 296 5 545 2650 17 13 14 13 0 
242061 1413 1154 451 5 1304 334 8 525 2687 19 9 14 16 0 
242270 1413 1154 427 8 1232 300 2 488 2654 14 7 15 16 0 
242230 1389 1141 416 10 1261 311 11 500 2675 20 6 15 15 0 
242165 1396 1196 409 2 1267 319 9 493 2691 19 8 10 16 0 
242380 1334 1159 448 9 1222 302 3 530 2554 23 10 14 12 0 
242271 1406 1202 380 4 1230 328 5 531 2599 13 12 10 9 0 
242220 1345 1125 404 8 1303 303 6 533 2694 21 8 16 14 0 
242140 1318 1218 384 9 1317 354 4 515 2687 22 5 12 15 0 
242152 1401 1194 427 7 1256 272 3 560 2668 21 12 10 17 0 
242213 1389 1099 398 8 1276 326 6 548 2693 13 6 12 13 0 
242201 1374 1196 391 8 1288 318 11 523 2654 11 1 14 10 0 
242140 1344 1186 429 4 1276 309 2 543 2724 9 7 13 14 0 
242078 1362 1267 425 10 1284 332 7 536 2648 19 8 9 15 0 
242068 1419 1216 418 4 1247 319 6 517 2737 17 7 10 15 0 
242214 1395 1132 428 3 1275 341 4 498 2680 11 4 7 8 0 
242106 1428 1149 441 5 1263 341 8 514 2697 21 1 11 15 0 
242085 1364 1234 449 11 1270 330 10 537 2657 18 8 14 13 0 
242186 1417 1181 408 7 1247 327 12 547 2612 17 8 17 14 0 
242061 1455 1179 409 4 1306 303 2 529 2715 16 4 10 7 0 
242220 1312 1177 380 13 1274 330 2 525 2701 24 9 14 19 0 
242237 1418 1163 413 4 1230 323 7 531 2636 15 5 4 14 0 
242304 1335 1151 420 4 1213 302 12 512 2688 19 9 22 9 0 
242223 1389 1144 392 5 1230 325 5 531 2705 22 6 11 11 1 
242190 1432 1144 401 4 1273 314 13 573 2615 10 6 16 9 0 
242271 1369 1163 421 5 1238 313 8 532 2633 16 6 14 11 0 
242160 1371 1226 407 6 1288 331 7 532 2624 13 8 12 15 0 
242169 1374 1197 400 10 1257 334 8 506 2689 23 8 16 9 0 
242347 1325 1133 398 5 1185 312 11 513 2739 14 3 7 8 0 
242206 1417 1172 434 4 1234 336 7 547 2604 14 5 7 13 0 
242176 1422 1140 382 7 1324 318 11 488 2683 21 6 6 16 0 
242226 1330 1115 426 9 1214 301 9 489 2848 8 9 13 3 0 
242169 1360 1229 399 2 1303 315 6 530 2651 12 4 9 11 0 
242182 1411 1211 407 13 1227 348 6 556 2599 13 4 11 12 0 
242302 1358 1174 376 3 1264 313 9 534 2627 16 6 7 11 0 
242184 1395 1171 451 4 1253 300 5 512 2669 17 11 12 16 0 
242154 1366 1176 415 4 1266 329 10 515 2718 16 8 10 13 0 
242164 1382 1197 421 12 1232 316 9 594 2636 5 9 10 13 0 
242232 1318 1187 418 5 1249 300 3 497 2740 16 4 11 20 0 
242212 1364 1173 400 6 1261 339 5 563 2619 17 6 19 16 0 
241844 1423 1263 432 10 1358 347 3 548 2727 11 7 6 21 0 
242261 1418 1124 428 11 1197 316 6 533 2663 17 7 9 10 0 
242066 1376 1255 419 12 1269 322 3 534 2701 13 8 15 7 0 
242219 1408 1173 428 7 1237 335 4 542 2603 9 5 16 14 0 
242209 1405 1162 416 7 1249 336 6 548 2594 22 6 19 21 0 
241977 1466 1192 462 5 1299 329 5 571 2651 11 4 14 14 0 
242155 1390 1160 409 9 1283 324 4 536 2677 12 8 15 18 0 
242215 1400 1223 434 2 1253 287 8 558 2577 15 8 7 13 0 
242259 1380 1144 361 8 1226 325 7 563 2677 14 10 11 14 1 
242047 1364 1154 409 8 1332 324 4 570 2735 20 11 8 14 0 
242099 1403 1242 399 12 1256 323 6 538 2674 14 9 10 15 0 
242331 1345 1133 417 7 1272 341 10 493 2589 26 10 11 15 0 
242270 1406 1155 476 3 1241 336 6 569 2501 11 6 11 9 0 
242450 1348 1163 401 5 1158 309 9 541 2565 24 3 9 15 0 
242242 1365 1183 398 13 1248 353 6 529 2606 21 10 8 18 0 
242140 1424 1190 380 7 1313 318 3 515 2656 20 10 7 17 0 
242027 1470 1197 434 5 1256 312 5 538 2715 12 7 9 13 0 
242301 1356 1124 403 9 1264 324 8 537 2631 13 7 12 11 0 
242088 1416 1168 441 5 1286 330 9 493 2712 20 8 18 6 0 
242168 1394 1140 406 11 1240 339 5 554 2694 18 7 10 13 1 
242206 1350 1182 371 5 1277 320 8 500 2723 14 11 13 20 0 
242156 1385 1163 397 8 1275 337 7 518 2711 14 8 10 11 0 
242144 1352 1190 404 3 1267 333 7 532 2720 16 7 9 16 0 
242139 1412 1165 458 5 1226 295 5 533 2723 16 2 8 12 1 
242065 1337 1216 415 5 1341 304 8 575 2687 13 13 8 12 1 
242250 1399 1183 410 11 1265 331 6 493 2607 18 6 12 9 0 
242138 1404 1162 452 6 1259 352 5 517 2654 15 6 16 14 0 
242388 1338 1194 388 13 1261 302 3 491 2564 15 10 14 19 0 
242357 1386 1175 399 10 1254 304 4 544 2518 14 3 15 17 0 
242204 1401 1178 411 6 1188 318 7 520 2713 17 4 15 18 0 
242311 1322 1165 407 10 1289 349 5 512 2573 20 9 14 14 0 
242146 1363 1130 436 5 1315 317 9 582 2646 21 6 10 14 0 
242247 1376 1155 394 7 1339 304 5 506 2616 17 8 12 14 0 
242095 1377 1204 444 3 1252 316 5 523 2724 20 10 12 15 0 
242166 1398 1139 390 7 1301 340 4 513 2694 15 9 14 10 0 
242393 1351 1159 382 9 1215 330 5 513 2596 22 7 8 10 0 
242050 1398 1180 410 10 1276 329 7 506 2780 22 5 11 16 0 
242103 1389 1160 420 6 1211 303 3 611 2743 16 5 12 18 0 
242201 1403 1174 404 5 1251 347 7 529 2628 17 10 10 14 0 
242247 1360 1217 386 8 1353 310 6 562 2498 21 7 11 14 0 
242297 1346 1147 434 6 1250 325 4 528 2612 18 9 9 15 0 
242144 1390 1148 438 3 1269 327 2 549 2667 20 3 20 20 0 
242149 1430 1173 428 3 1288 318 6 565 2592 17 4 11 16 0 
242214 1371 1209 397 15 1213 339 7 535 2651 17 5 12 15 0 
242181 1334 1211 435 7 1296 324 8 558 2600 12 6 13 15 0 
242097 1367 1102 436 5 1319 310 12 530 2779 15 7 15 6 0 
242123 1413 1232 402 5 1256 297 5 575 2651 12 9 9 11 0 
242133 1414 1192 413 7 1238 323 8 521 2704 14 8 13 12 0 
242157 1427 1233 451 5 1228 279 5 526 2640 18 6 7 18 0 
242266 1354 1185 411 4 1211 308 7 580 2625 13 13 15 8 0 
242200 1363 1203 437 6 1257 284 6 544 2658 14 6 11 11 0 
242171 1422 1190 394 0 1269 325 7 512 2664 11 5 10 20 0 
242213 1431 1186 405 7 1196 304 10 562 2637 14 5 12 18 0 
242240 1352 1197 401 4 1296 314 3 564 2560 20 4 19 26 0 
242281 1310 1138 418 10 1273 324 5 535 2656 17 9 10 14 0 
242166 1367 1199 424 7 1274 331 7 517 2658 22 3 10 15 0 
242217 1409 1176 357 4 1287 324 6 522 2650 16 5 7 20 0 
242166 1418 1232 351 11 1311 323 4 520 2603 20 6 21 14 0 
242297 1349 1197 425 8 1266 297 7 519 2591 16 6 11 11 0 
242141 1394 1169 420 6 1308 341 7 534 2631 21 6 9 13 0 
242235 1335 1101 409 9 1287 346 9 526 2691 17 6 9 20 0 
242130 1369 1180 416 6 1335 339 6 519 2653 19 5 13 10 0 
242208 1407 1103 383 5 1221 326 6 521 2758 25 7 13 16 1 
242275 1355 1161 432 10 1236 333 7 516 2636 12 8 10 9 0 
242309 1308 1234 431 4 1250 320 8 511 2568 24 10 11 12 0 
242215 1340 1159 418 5 1317 305 5 525 2666 16 5 11 13 0 
242095 1354 1171 434 6 1305 322 5 523 2739 14 11 8 13 0 
242268 1335 1178 380 8 1317 317 4 498 2658 12 4 12 9 0 
242356 1411 1159 409 2 1199 330 3 514 2568 15 7 9 18 0 
242086 1369 1177 436 8 1283 333 10 550 2700 18 5 7 18 0 
242191 1462 1127 392 9 1285 330 5 527 2617 16 8 14 17 0 
242091 1415 1165 411 6 1281 343 9 537 2684 17 7 19 15 0 
242130 1403 1199 439 10 1281 300 6 524 2654 18 8 11 17 0 
242240 1356 1164 394 4 1323 290 7 552 2624 18 3 17 8 0 
242082 1367 1196 442 7 1272 327 5 558 2693 19 5 9 18 0 
242166 1389 1123 409 7 1314 345 6 552 2640 17 11 6 15 0 
242088 1335 1251 439 11 1287 335 14 553 2649 8 8 14 7 1 
242228 1360 1182 405 8 1235 327 7 544 2649 18 10 15 12 0 
242162 1382 1116 448 13 1250 377 8 553 2640 18 5 16 12 0 
242201 1372 1201 456 11 1291 298 12 529 2578 18 9 13 11 0 
242133 1422 1132 432 7 1266 360 2 508 2694 15 6 11 12 0 
242183 1403 1136 396 6 1273 306 3 570 2668 14 8 15 19 0 
242196 1370 1146 368 3 1270 320 5 568 2694 17 15 14 14 0 
242321 1389 1119 392 7 1297 304 7 515 2613 14 5 12 5 0 
242252 1362 1136 411 5 1278 314 7 548 2639 15 8 9 16 0 
242129 1369 1173 414 6 1276 306 7 562 2714 16 10 11 6 1 
241977 1446 1228 399 5 1266 328 7 527 2763 15 11 10 18 0 
242322 1369 1130 423 6 1241 312 4 519 2622 9 8 10 25 0 
242317 1344 1175 395 5 1217 334 12 546 2613 8 11 12 11 0 
242201 1380 1114 416 9 1291 312 8 517 2699 21 10 10 12 0 
242173 1366 1128 429 7 1286 323 8 531 2695 15 9 14 16 0 
242247 1405 1159 399 5 1200 322 6 540 2668 19 8 7 15 0 
242241 1370 1240 402 7 1270 302 6 536 2583 11 8 10 14 0 
241981 1425 1226 448 6 1312 284 6 572 2702 11 6 9 12 0 
242324 1346 1145 436 11 1246 306 7 499 2647 10 2 10 11 0 
242081 1344 1211 382 6 1282 361 7 548 2723 19 7 16 13 0 
242094 1415 1151 388 14 1276 319 3 541 2755 14 4 12 14 0 
242305 1380 1187 397 3 1230 325 10 516 2598 12 4 12 21 0 
242158 1371 1195 427 5 1253 351 5 563 2637 6 6 7 16 0 
241994 1427 1253 416 4 1259 339 8 525 2728 22 6 8 11 0 
242184 1422 1202 390 3 1216 333 6 551 2637 18 4 12 22 0 
242250 1375 1203 427 6 1209 309 5 538 2626 22 7 13 10 0 
241997 1424 1196 448 3 1254 320 9 578 2723 24 7 8 9 0 
242016 1380 1237 435 12 1337 324 8 531 2673 10 6 15 16 0 
242155 1398 1145 423 4 1298 292 3 572 2651 21 11 10 17 0 
242172 1427 1138 424 4 1236 323 4 505 2712 21 6 11 17 0 
242224 1343 1219 397 11 1215 329 8 515 2697 14 7 12 9 0 
242223 1387 1191 423 3 1268 352 6 533 2562 17 14 12 9 0 
242252 1360 1149 399 6 1266 307 2 532 2689 11 13 9 5 0 
242097 1385 1184 409 5 1275 340 6 527 2710 24 6 18 14 0 
242150 1429 1166 401 8 1280 342 6 501 2673 16 6 6 16 0 
242228 1387 1189 412 9 1236 332 9 483 2665 17 6 9 18 0 
242197 1365 1157 450 6 1300 314 9 563 2591 11 10 18 9 0 
242144 1409 1216 408 3 1318 335 11 533 2587 13 6 9 8 0 
242144 1367 1234 408 7 1196 344 10 527 2709 22 6 8 18 0 
242097 1439 1145 407 8 1341 298 6 545 2650 18 9 15 22 0 
242275 1390 1182 396 4 1288 299 5 514 2603 15 6 12 11 0 
242139 1374 1206 419 9 1253 314 10 533 2684 21 5 14 19 0 
242201 1352 1204 410 4 1285 321 7 533 2629 13 11 16 14 0 
242181 1418 1217 400 10 1253 320 9 535 2620 13 5 10 9 0 
241981 1461 1159 444 7 1289 338 7 555 2719 16 4 15 5 0 
242106 1366 1178 408 6 1315 323 7 580 2661 18 5 14 13 0 
242160 1423 1235 392 4 1194 326 8 509 2705 11 7 13 13 0 
242118 1409 1172 436 1 1246 342 10 516 2694 22 5 12 17 0 
242173 1424 1157 399 3 1236 312 9 504 2744 7 8 9 15 0 
242206 1353 1204 380 9 1298 319 9 523 2640 20 7 14 17 1 
242239 1314 1219 421 10 1283 304 9 510 2635 16 8 10 22 0 
242055 1346 1157 387 7 1325 307 6 538 2824 16 11 15 6 0 
242146 1423 1170 462 9 1276 329 7 535 2600 12 9 9 13 0 
242033 1464 1195 397 7 1329 349 6 518 2661 12 8 7 14 0 
242174 1329 1172 407 4 1302 313 4 536 2714 18 4 13 10 0 
242209 1416 1252 396 7 1248 307 4 489 2616 15 6 14 21 0 
242289 1341 1172 408 10 1253 307 5 500 2667 14 7 14 13 0 
242232 1384 1145 429 8 1267 287 7 531 2665 15 7 11 12 0 
242192 1435 1172 425 6 1228 333 5 550 2625 6 5 8 10 0 
242192 1412 1167 367 3 1262 287 8 520 2732 14 5 16 15 0 
242042 1372 1154 460 6 1287 330 6 564 2730 10 9 17 13 0 
242385 1299 1147 409 5 1247 311 10 519 2627 11 10 11 9 0 
242082 1441 1180 409 3 1248 324 6 545 2726 14 3 10 9 0 
242253 1391 1156 379 6 1292 307 3 560 2599 20 6 19 9 0 
242246 1384 1173 375 2 1239 319 5 504 2701 21 3 15 12 1 
242130 1453 1180 396 6 1308 331 12 534 2601 16 2 14 17 0 
242178 1343 1180 417 6 1294 325 4 570 2633 18 11 10 11 0 
242167 1379 1200 413 6 1339 307 3 511 2633 17 5 4 16 0 
242071 1388 1270 406 8 1269 319 3 537 2685 7 7 12 18 0 
242089 1423 1179 406 6 1253 330 8 525 2728 22 4 9 18 0 
242214 1385 1202 402 11 1294 333 7 507 2603 13 8 10 11 0 
242217 1327 1153 409 2 1311 330 6 517 2670 12 8 14 24 0 
242152 1374 1169 406 7 1293 343 8 551 2636 16 12 16 17 0 
242082 1343 1193 414 2 1269 325 7 565 2741 18 8 14 19 0 
242186 1391 1194 403 10 1270 306 5 482 2698 19 7 18 11 0 
242291 1344 1177 415 7 1203 314 12 519 2669 20 5 10 14 0 
242050 1399 1242 451 6 1328 305 6 495 2666 19 5 15 12 1 
242270 1332 1140 437 7 1259 341 7 515 2650 10 6 13 13 0 
242331 1384 1191 383 7 1244 280 5 508 2619 10 8 14 16 0 
242206 1361 1118 418 11 1270 320 8 536 2705 15 3 14 15 0 
242111 1414 1220 397 6 1273 296 4 527 2699 18 5 14 16 0 
242235 1364 1164 440 4 1195 318 9 534 2693 15 9 10 10 0 
242187 1397 1113 400 6 1251 305 8 548 2741 15 4 13 12 0 
242119 1394 1249 409 8 1242 308 5 533 2683 10 13 12 15 0 
242240 1369 1194 419 8 1263 305 6 530 2621 14 6 9 16 0 
242181 1335 1219 437 10 1224 327 8 573 2639 13 6 10 18 0 
242119 1412 1157 425 6 1263 343 14 504 2712 13 11 12 9 0 
242163 1412 1153 432 3 1258 339 5 538 2649 13 7 16 12 0 
241975 1462 1223 425 4 1306 340 12 536 2666 10 4 16 21 0 
242038 1385 1137 426 5 1304 318 8 568 2764 13 5 17 12 0 
242221 1421 1152 393 9 1262 317 9 577 2593 21 8 9 8 0 
242148 1350 1166 418 4 1225 316 4 552 2776 8 8 8 16 1 
242258 1408 1181 430 4 1234 322 9 549 2556 10 9 17 13 0 
242200 1408 1158 403 5 1290 298 7 522 2664 17 10 9 9 0 
242197 1415 1223 431 5 1235 305 6 509 2623 20 3 15 13 0 
242063 1420 1189 401 8 1291 308 7 547 2707 14 5 19 21 0 
242276 1370 1160 406 9 1272 308 6 523 2628 14 8 13 7 0 
242083 1427 1203 382 9 1286 326 8 550 2684 11 7 13 11 0 
242065 1456 1210 428 7 1228 334 8 555 2655 16 12 15 10 1 
242304 1373 1193 397 7 1243 307 9 496 2618 20 6 9 18 0 
242098 1441 1216 426 5 1281 333 10 543 2604 13 6 14 9 1 
242189 1342 1176 424 7 1279 318 8 544 2661 14 11 11 16 0 
242081 1395 1179 388 7 1299 341 6 531 2730 11 11 10 11 0 
242059 1384 1188 404 9 1260 331 7 560 2753 12 9 14 10 0 
242241 1392 1205 435 5 1267 326 7 467 2618 13 7 8 9 0 
242101 1388 1196 393 6 1336 317 6 517 2689 22 6 11 11 1 
242155 1347 1223 445 10 1204 352 5 536 2673 21 8 11 10 0 
242089 1366 1135 451 5 1280 340 4 515 2764 11 14 12 14 0 
242254 1365 1181 437 6 1188 327 8 520 2663 18 6 11 16 0 
242226 1393 1190 392 11 1245 283 4 549 2669 17 4 10 7 0 
242102 1408 1196 411 9 1291 330 7 569 2631 13 5 14 14 0 
242193 1397 1187 409 4 1245 361 10 505 2641 19 6 11 12 0 
242135 1341 1194 433 5 1247 325 7 545 2727 15 9 10 7 0 
242208 1393 1170 408 4 1252 315 7 542 2647 17 3 22 12 0 
242129 1398 1212 411 3 1245 337 6 532 2678 9 5 13 22 0 
242192 1378 1180 399 7 1289 330 0 528 2662 17 3 9 6 0 
242042 1425 1198 419 7 1288 319 5 548 2709 10 5 15 10 0 
242230 1354 1177 439 4 1280 331 4 507 2631 12 6 15 10 0 
242061 1396 1215 413 9 1313 304 4 530 2712 13 11 9 10 0 
242059 1365 1224 421 4 1234 344 7 520 2772 15 8 15 12 0 
242062 1485 1237 411 9 1280 309 7 519 2638 12 5 12 14 0 
242220 1359 1168 417 5 1317 288 6 506 2658 20 16 11 9 0 
242225 1379 1152 378 4 1262 347 12 571 2620 14 8 12 16 0 
242056 1407 1192 403 7 1289 321 7 536 2734 19 4 11 14 0 
242317 1325 1167 402 8 1231 323 4 517 2658 16 7 10 15 0 
242220 1338 1158 389 11 1320 338 8 530 2641 15 9 12 11 0 
242199 1411 1158 401 6 1247 337 5 506 2685 17 5 13 10 0 
242282 1351 1209 413 11 1225 336 8 520 2600 12 8 14 11 0 
242178 1391 1128 417 5 1307 334 7 522 2671 11 9 9 11 0 
242161 1390 1193 424 5 1251 331 3 495 2687 17 8 18 17 0 
242109 1367 1207 435 8 1226 316 10 526 2749 17 4 12 14 0 
242170 1374 1155 414 5 1284 313 9 536 2694 15 7 9 15 0 
242132 1416 1195 410 4 1254 339 7 538 2658 14 6 18 9 0 
242178 1372 1161 400 12 1265 337 6 511 2696 18 9 15 20 0 
242123 1355 1173 411 12 1293 318 9 539 2706 22 7 16 16 0 
242334 1354 1119 406 7 1247 317 4 547 2607 21 13 10 14 0 
242112 1386 1212 396 9 1249 330 2 542 2716 13 9 12 12 0 
242364 1329 1126 386 4 1237 303 11 531 2672 9 9 9 10 0 
242117 1402 1162 405 6 1231 358 5 543 2729 15 5 10 12 0 
242293 1323 1183 378 10 1259 337 5 518 2642 16 6 15 15 0 
242223 1384 1159 400 5 1320 325 4 529 2619 6 7 5 14 0 
242326 1312 1189 418 7 1223 323 4 503 2647 15 10 8 15 0 
242218 1384 1160 436 6 1221 301 6 543 2676 15 4 14 16 0 
242165 1358 1191 420 4 1232 338 10 521 2703 18 11 15 13 1 
242151 1359 1214 413 11 1269 318 6 509 2701 18 7 13 11 0 
242073 1439 1221 429 6 1277 317 10 562 2619 14 7 14 12 0 
242141 1368 1145 426 5 1263 329 4 528 2731 19 9 16 15 1 
242177 1427 1193 389 3 1254 357 8 511 2629 17 5 15 15 0 
242263 1329 1153 399 8 1267 332 6 530 2659 23 6 11 14 0 
242173 1359 1240 397 5 1258 335 15 535 2643 12 5 10 13 0 
242279 1376 1083 455 7 1281 309 7 533 2622 17 10 10 11 0 
242111 1362 1196 422 8 1278 323 4 532 2717 19 6 16 6 0 
242196 1367 1161 396 11 1265 328 3 607 2615 17 4 13 17 0 
242047 1372 1181 412 6 1313 346 5 538 2739 14 6 8 13 0 
242168 1340 1186 427 6 1289 323 9 516 2680 9 11 12 24 0 
