242187 1485 1201 325 9 1176 287 4 625 2649 17 5 17 13 0 
242289 1444 1085 315 9 1126 319 10 652 2703 15 11 10 11 1 
242263 1423 1160 336 5 1185 281 5 577 2728 13 6 6 12 0 
242295 1435 1138 342 6 1121 293 2 638 2683 24 4 11 8 0 
242272 1463 1185 329 2 1125 279 3 652 2640 18 8 10 14 0 
242232 1493 1196 337 8 1193 302 4 594 2594 15 5 14 13 0 
242033 1466 1181 333 6 1217 324 5 661 2722 17 6 17 12 0 
242155 1507 1148 325 9 1259 296 9 602 2650 12 11 7 10 0 
242143 1470 1177 337 5 1188 322 16 576 2726 14 9 7 10 0 
241960 1518 1274 329 5 1163 333 8 610 2743 18 11 16 11 1 
242320 1446 1186 295 10 1125 341 7 606 2623 18 8 10 5 0 
242177 1468 1170 285 6 1208 339 2 617 2678 19 7 14 10 0 
242270 1456 1178 315 7 1165 324 7 598 2627 21 5 11 16 0 
242244 1428 1208 339 8 1167 302 9 611 2637 15 4 15 13 0 
242210 1513 1197 297 5 1154 291 9 622 2648 20 4 16 14 0 
242211 1443 1193 332 12 1200 316 5 612 2634 14 3 12 13 0 
242225 1467 1183 339 1 1189 269 7 596 2672 20 8 13 11 0 
242220 1492 1120 342 6 1156 319 11 666 2628 16 6 10 8 0 
242140 1456 1178 316 5 1197 321 10 630 2702 17 9 5 14 0 
242302 1466 1182 329 4 1145 324 7 616 2565 18 13 11 18 0 
242131 1447 1229 321 9 1206 321 7 613 2661 16 10 18 11 0 
242136 1479 1245 339 6 1148 327 5 652 2618 17 8 15 5 0 
242278 1473 1116 304 6 1187 311 6 643 2635 17 3 9 12 0 
242198 1470 1153 352 7 1154 288 6 666 2640 26 16 15 9 0 
242339 1406 1120 323 5 1156 308 8 621 2674 13 9 10 8 0 
242333 1467 1150 337 5 1171 287 6 601 2577 21 6 22 17 0 
242250 1401 1191 308 9 1203 320 6 608 2653 15 11 4 21 0 
242228 1404 1224 336 4 1126 331 7 625 2667 17 3 15 13 0 
242227 1467 1167 305 5 1148 356 6 587 2678 22 5 14 13 0 
242274 1404 1179 348 6 1205 337 8 582 2605 22 8 9 13 0 
242205 1453 1216 301 3 1206 312 3 607 2654 13 6 6 14 1 
242200 1542 1194 333 8 1170 285 6 601 2610 23 8 11 9 0 
242090 1508 1202 324 8 1159 324 3 629 2710 12 5 15 11 0 
242093 1473 1154 335 6 1187 364 3 638 2696 19 6 7 19 0 
242062 1434 1268 333 7 1190 295 2 674 2692 17 8 7 11 0 
242291 1420 1185 333 6 1190 301 7 587 2629 20 6 17 8 0 
242281 1449 1138 324 5 1184 308 6 620 2625 16 14 14 16 0 
242092 1460 1176 362 16 1180 317 5 653 2696 12 4 13 14 0 
242134 1515 1217 300 8 1208 318 3 610 2650 11 7 10 9 0 
242234 1426 1162 326 1 1179 333 5 634 2649 19 8 8 16 0 
242232 1431 1149 304 6 1165 349 4 644 2664 15 12 11 14 0 
242173 1431 1166 358 4 1183 339 6 605 2697 15 4 11 8 0 
242284 1359 1130 331 9 1213 325 11 634 2647 22 6 19 10 0 
242130 1467 1235 338 4 1128 316 7 650 2689 14 8 5 9 0 
242124 1490 1149 310 9 1247 285 7 641 2684 20 6 14 13 1 
242090 1494 1230 300 7 1200 332 4 617 2679 17 10 8 12 0 
242302 1480 1138 322 4 1145 326 4 594 2637 22 8 7 11 0 
242261 1443 1159 333 6 1190 305 4 646 2608 13 7 15 10 0 
242135 1520 1166 342 4 1110 307 6 630 2732 18 6 12 12 0 
242239 1482 1137 354 9 1189 303 5 642 2589 18 10 10 12 1 
242182 1493 1170 332 5 1184 297 8 636 2642 16 5 14 16 0 
242173 1418 1201 345 10 1164 317 5 629 2691 19 10 7 11 0 
242251 1430 1168 313 6 1169 319 11 654 2628 16 10 13 12 0 
242098 1476 1216 276 3 1169 328 4 644 2744 13 5 9 15 0 
242199 1460 1121 349 5 1182 342 4 640 2656 10 8 11 13 0 
242139 1408 1219 317 6 1253 353 4 636 2609 22 4 15 15 0 
242346 1423 1142 343 5 1168 280 7 612 2630 14 3 17 10 0 
242197 1466 1198 329 2 1202 327 7 576 2647 20 10 10 9 0 
242280 1482 1178 342 6 1158 317 5 545 2641 22 7 7 10 0 
242204 1429 1153 324 8 1172 325 4 611 2717 22 7 11 13 0 
242146 1507 1172 356 5 1193 331 7 583 2653 17 7 8 15 0 
242244 1405 1257 323 4 1177 354 8 605 2581 15 10 9 7 1 
242182 1431 1194 326 13 1128 332 13 630 2713 12 4 10 12 0 
242203 1554 1134 358 6 1160 306 7 590 2640 15 4 13 10 0 
242122 1464 1216 314 6 1167 336 2 631 2688 25 10 8 11 0 
242338 1484 1186 297 11 1155 328 6 595 2554 19 9 6 12 0 
242351 1394 1192 303 9 1160 315 7 596 2642 15 3 5 8 0 
242222 1438 1148 339 9 1186 321 8 585 2702 14 8 7 13 0 
242149 1406 1214 347 6 1208 375 3 664 2583 15 4 9 17 0 
242258 1429 1199 342 13 1131 322 12 605 2650 18 6 7 8 0 
242162 1461 1207 316 6 1178 323 9 657 2637 13 7 14 10 0 
242160 1480 1167 348 3 1176 330 9 635 2634 13 5 20 20 0 
242116 1464 1168 324 11 1204 329 7 599 2729 18 6 9 16 0 
242171 1464 1105 313 10 1198 335 4 612 2741 15 8 16 8 0 
242127 1450 1185 318 4 1230 315 13 582 2728 16 8 16 8 0 
242227 1433 1190 316 6 1131 306 5 685 2652 16 10 12 10 1 
242103 1566 1141 353 7 1228 307 5 636 2608 14 5 7 20 0 
242294 1397 1158 297 11 1143 333 3 644 2675 17 6 12 10 0 
242178 1482 1112 339 3 1187 283 7 688 2674 12 9 11 15 0 
242103 1484 1203 314 3 1200 361 3 657 2615 20 9 14 14 0 
242181 1491 1180 335 6 1150 311 8 620 2668 23 8 11 8 0 
242173 1456 1204 359 8 1141 334 4 643 2637 14 9 10 7 1 
242056 1531 1175 318 6 1227 298 7 629 2707 10 9 11 16 0 
242315 1482 1161 327 5 1195 319 6 580 2562 21 5 11 11 0 
242118 1470 1212 321 10 1217 304 7 623 2659 18 11 16 14 0 
242135 1425 1169 320 8 1206 317 9 635 2730 16 7 11 12 0 
242325 1417 1203 304 10 1151 294 6 616 2630 11 6 12 15 0 
242251 1491 1176 348 6 1138 309 10 630 2591 18 12 12 8 0 
242201 1429 1230 338 11 1146 329 7 598 2661 26 2 11 11 0 
242079 1488 1198 342 10 1183 294 4 656 2694 19 5 16 12 0 
242180 1483 1180 337 2 1169 328 10 619 2641 15 6 17 13 0 
242120 1489 1164 318 4 1255 334 5 614 2638 22 6 15 16 0 
242238 1493 1165 325 5 1115 340 2 601 2673 16 7 10 10 0 
242402 1402 1139 311 6 1096 321 8 603 2672 10 5 11 14 0 
242218 1445 1196 300 4 1206 321 4 625 2635 16 7 11 12 0 
242221 1466 1195 298 6 1204 332 3 648 2580 14 5 19 9 0 
242086 1486 1164 342 6 1178 311 6 661 2706 17 7 19 10 1 
242136 1410 1248 310 6 1168 336 7 603 2725 22 8 10 11 0 
242263 1452 1220 310 8 1168 316 8 630 2584 22 4 8 7 0 
242237 1476 1163 309 7 1161 320 12 614 2664 11 4 9 13 0 
242008 1500 1221 329 10 1176 331 5 604 2769 19 10 9 9 0 
242209 1447 1187 335 4 1178 321 11 568 2690 21 9 9 11 0 
242251 1449 1178 335 7 1174 290 7 612 2653 14 6 13 11 0 
242174 1458 1159 329 8 1178 329 6 600 2703 15 11 14 16 0 
242211 1402 1162 323 12 1179 320 9 647 2700 14 4 9 8 0 
242180 1518 1152 316 5 1209 342 6 637 2584 21 2 10 18 0 
242033 1541 1186 330 10 1271 351 4 637 2593 15 3 15 11 0 
242212 1489 1141 325 6 1189 324 9 637 2619 17 7 8 17 0 
242142 1472 1174 342 10 1124 330 3 622 2733 22 4 8 14 0 
242138 1446 1204 339 9 1219 329 3 640 2625 18 3 14 13 0 
241992 1476 1210 315 5 1188 363 5 623 2764 20 17 16 6 0 
242160 1469 1136 347 7 1199 340 4 623 2668 18 7 12 10 0 
242221 1424 1177 348 6 1225 343 6 625 2581 16 8 13 7 0 
242284 1435 1167 297 2 1232 326 4 597 2599 21 12 14 10 0 
242234 1451 1200 335 10 1141 312 12 639 2617 16 6 14 13 0 
242297 1414 1149 292 5 1217 302 10 608 2654 18 6 13 15 0 
242069 1550 1181 324 7 1174 324 8 659 2655 20 6 15 8 0 
242209 1451 1161 298 9 1191 311 4 631 2682 14 9 16 14 0 
242143 1482 1190 364 7 1175 298 7 646 2640 20 5 5 18 0 
242099 1483 1177 303 6 1199 370 3 653 2653 25 8 12 9 0 
242160 1467 1157 340 10 1145 332 4 620 2719 17 8 9 12 0 
242067 1388 1224 353 4 1219 300 6 675 2710 18 6 14 16 0 
242194 1434 1155 331 13 1182 339 4 623 2667 26 7 16 9 0 
242286 1450 1105 315 6 1186 309 7 631 2654 16 11 6 18 0 
242210 1480 1203 320 7 1190 299 7 649 2590 12 3 15 15 0 
242111 1528 1209 317 9 1206 329 6 635 2600 20 7 13 10 0 
242308 1407 1162 322 8 1153 311 4 590 2680 21 6 15 13 0 
242167 1466 1184 345 6 1156 332 5 617 2669 16 4 13 20 0 
242350 1414 1141 313 12 1093 322 5 594 2708 9 9 21 9 0 
242130 1464 1233 344 3 1191 302 4 592 2686 16 5 14 16 0 
242196 1506 1178 343 9 1149 321 8 606 2646 13 5 7 13 0 
242126 1529 1196 334 7 1149 320 4 680 2600 23 3 14 15 0 
242235 1453 1174 310 6 1152 310 6 595 2718 12 7 9 13 0 
242404 1365 1132 324 10 1166 309 7 594 2635 16 7 20 11 0 
242196 1457 1201 350 2 1201 316 7 635 2585 24 7 8 11 0 
242105 1469 1181 340 6 1193 351 11 586 2698 20 10 18 12 0 
242146 1458 1219 314 3 1201 318 11 634 2656 8 8 13 11 0 
242161 1509 1207 327 6 1191 306 5 613 2626 16 5 11 17 0 
242304 1482 1139 375 9 1143 307 5 665 2528 18 9 9 7 0 
242216 1462 1226 324 6 1149 300 4 610 2655 23 7 11 7 0 
242089 1454 1197 370 3 1216 326 6 605 2688 18 7 9 12 0 
242190 1435 1196 306 4 1206 315 13 614 2668 19 7 12 14 1 
242121 1453 1174 343 7 1190 349 13 639 2669 14 5 13 10 0 
242108 1521 1160 315 8 1214 341 6 642 2631 14 7 13 20 0 
242235 1505 1197 295 7 1203 314 5 609 2580 20 10 8 12 0 
242147 1463 1204 329 5 1147 323 8 666 2651 17 8 18 14 0 
242063 1475 1210 288 4 1215 336 3 633 2723 17 6 18 9 0 
242226 1457 1222 291 7 1185 360 7 633 2573 23 4 6 6 0 
242223 1446 1161 321 9 1219 311 6 615 2655 9 1 14 9 1 
242408 1413 1107 329 9 1136 321 6 588 2616 26 7 18 15 1 
242019 1486 1230 319 3 1170 341 5 626 2746 24 6 9 16 0 
242204 1495 1175 321 3 1169 327 8 621 2640 15 1 10 11 0 
242394 1428 1218 314 3 1132 298 0 598 2561 20 8 10 16 0 
242035 1430 1270 330 7 1248 308 9 621 2691 21 6 7 17 0 
242242 1489 1202 307 6 1160 323 11 610 2613 10 5 14 8 0 
242205 1499 1175 307 6 1191 333 7 637 2584 15 10 17 14 0 
242180 1467 1135 320 9 1196 350 5 613 2667 15 10 12 21 0 
242268 1468 1157 335 6 1217 319 7 572 2598 16 11 9 17 0 
242165 1489 1145 323 8 1202 340 1 637 2633 22 9 11 14 1 
242221 1506 1225 292 4 1139 302 9 566 2694 17 7 8 10 0 
242176 1451 1132 364 8 1214 311 12 556 2724 20 6 13 13 0 
242045 1534 1147 309 9 1194 341 10 615 2745 19 5 14 13 0 
242281 1459 1155 351 4 1173 316 10 574 2632 13 8 8 16 0 
242229 1502 1169 325 5 1129 347 3 605 2629 18 7 16 16 0 
242125 1507 1221 328 5 1189 344 5 637 2600 23 6 8 2 0 
242182 1544 1142 325 11 1176 314 7 610 2642 14 2 16 15 0 
242098 1492 1165 333 12 1158 269 9 629 2797 12 2 9 15 0 
242180 1488 1142 361 10 1174 340 8 634 2614 16 3 16 14 0 
242061 1447 1231 311 7 1239 349 10 613 2679 18 3 15 17 0 
242101 1441 1196 362 6 1183 349 2 637 2675 16 5 17 10 0 
242175 1480 1151 343 10 1195 325 9 618 2642 20 9 13 10 0 
242175 1497 1126 309 4 1217 342 2 627 2649 21 6 12 13 0 
242289 1527 1152 341 9 1109 300 2 603 2635 15 3 6 9 0 
242208 1525 1175 329 7 1132 313 11 628 2620 22 7 9 14 0 
242142 1491 1188 327 7 1153 310 2 638 2690 17 6 15 14 0 
242117 1519 1185 340 2 1164 341 2 607 2677 14 6 11 15 0 
242365 1370 1160 324 5 1150 306 7 622 2633 28 4 15 11 0 
242237 1462 1192 308 8 1164 352 6 623 2598 21 7 13 9 0 
242235 1496 1209 320 3 1158 326 10 599 2598 17 9 13 7 0 
242175 1427 1208 330 5 1199 335 8 634 2637 15 6 12 9 0 
242173 1475 1175 289 4 1167 334 5 609 2709 21 12 12 15 0 
242162 1473 1136 373 7 1183 347 5 626 2635 25 5 8 15 0 
242324 1447 1165 328 5 1143 326 6 599 2615 21 7 7 7 0 
242260 1489 1165 312 8 1163 325 2 644 2589 18 4 12 9 0 
242080 1426 1212 289 7 1233 355 6 604 2733 18 6 16 15 0 
242138 1484 1186 298 4 1155 334 5 633 2713 16 8 12 14 0 
242261 1448 1146 340 10 1176 340 5 595 2632 12 8 12 15 0 
242251 1428 1178 319 4 1167 334 7 587 2674 19 11 8 13 0 
242237 1454 1156 350 9 1090 358 7 665 2625 22 10 8 9 0 
242265 1419 1167 313 2 1147 322 5 653 2649 24 5 12 17 0 
242213 1451 1207 329 7 1132 329 9 658 2631 14 4 10 6 0 
242304 1434 1202 291 7 1171 315 5 596 2612 23 7 12 21 0 
242251 1440 1152 333 3 1137 343 6 633 2653 18 7 8 16 0 
242194 1426 1155 319 7 1176 315 4 635 2726 14 9 9 11 0 
242206 1487 1179 323 8 1197 368 2 625 2552 14 11 15 13 0 
242130 1546 1177 299 2 1158 295 4 621 2721 18 6 13 10 0 
242155 1500 1190 304 6 1211 323 5 580 2678 18 4 14 12 0 
242292 1448 1174 319 6 1127 326 4 644 2600 23 11 13 13 0 
242204 1459 1162 324 8 1152 333 10 616 2689 18 4 14 7 0 
242296 1460 1103 318 4 1209 336 7 645 2577 10 6 12 17 0 
242031 1524 1197 309 10 1197 298 6 626 2765 10 3 9 15 0 
242139 1454 1172 336 11 1172 309 8 605 2731 16 10 16 21 0 
242254 1370 1175 298 8 1202 333 7 602 2699 21 9 10 12 0 
242300 1467 1138 330 4 1131 319 6 634 2610 24 4 18 15 0 
242395 1400 1140 329 7 1221 354 5 628 2472 22 6 11 10 0 
242130 1527 1172 294 5 1208 313 3 628 2678 17 8 7 10 0 
242306 1521 1121 342 8 1204 319 2 591 2544 15 4 10 13 0 
242225 1468 1190 341 8 1157 359 2 577 2641 9 6 11 6 0 
242223 1508 1166 287 5 1147 352 9 572 2689 14 7 7 14 0 
242343 1420 1135 309 2 1224 322 3 619 2569 23 3 15 13 0 
242126 1439 1279 309 9 1191 308 5 572 2709 15 10 14 13 1 
242329 1453 1189 346 6 1138 321 8 572 2595 15 4 11 13 0 
242269 1455 1226 329 8 1199 318 7 614 2526 22 8 9 10 0 
242028 1451 1197 356 7 1257 342 2 628 2671 26 11 12 12 0 
242156 1488 1167 312 8 1203 345 10 605 2664 18 9 7 6 2 
242256 1443 1131 350 8 1193 333 4 668 2569 12 10 11 12 0 
242357 1422 1103 319 13 1187 318 9 564 2660 20 8 8 12 0 
242087 1532 1158 307 8 1219 311 6 622 2715 8 9 10 7 1 
242267 1451 1191 319 10 1135 295 14 647 2625 16 8 9 13 0 
242217 1462 1170 308 11 1172 330 2 657 2627 13 3 13 15 0 
242152 1459 1144 338 5 1162 339 8 664 2682 20 3 16 8 0 
242171 1486 1168 337 2 1182 337 6 623 2634 21 4 16 13 0 
242074 1471 1220 348 8 1118 313 6 680 2715 15 6 14 11 1 
242148 1499 1164 342 6 1222 319 5 598 2659 11 9 7 11 0 
242199 1469 1130 292 5 1186 338 10 664 2662 13 5 14 13 0 
242151 1480 1158 312 3 1232 326 3 654 2637 17 4 11 12 0 
242202 1463 1214 348 8 1204 272 3 583 2667 15 6 8 7 0 
242225 1462 1161 320 10 1231 312 3 572 2657 15 12 12 8 0 
242115 1474 1212 335 9 1183 337 6 625 2664 16 8 10 6 0 
242172 1475 1109 325 9 1209 309 8 606 2732 23 6 13 4 0 
242147 1446 1166 342 3 1203 314 6 642 2688 10 10 8 15 0 
242104 1493 1209 351 7 1189 287 5 612 2707 16 7 9 4 0 
242037 1460 1207 290 5 1243 316 8 613 2775 15 9 10 12 0 
242233 1500 1202 311 2 1189 324 2 600 2587 21 4 15 10 0 
242236 1461 1185 297 4 1156 360 6 646 2599 19 5 13 13 0 
242109 1549 1215 296 7 1181 315 5 594 2685 15 6 12 11 0 
242201 1442 1187 351 6 1129 319 7 614 2697 23 9 8 7 0 
242188 1471 1202 345 10 1129 334 2 611 2665 16 6 7 14 0 
242145 1467 1133 319 11 1217 277 5 671 2713 11 7 12 11 1 
242234 1504 1167 338 6 1129 334 5 619 2612 13 15 13 11 0 
242172 1406 1232 320 3 1213 281 2 648 2682 20 7 7 7 0 
242162 1494 1204 307 9 1189 313 7 617 2658 10 10 6 14 0 
242209 1466 1126 335 7 1215 344 7 618 2615 18 7 17 16 0 
242194 1435 1138 314 9 1193 332 8 656 2666 22 6 10 17 0 
242148 1485 1162 336 9 1134 362 8 619 2690 22 5 12 8 0 
242222 1480 1203 299 10 1194 328 3 626 2583 19 6 11 16 0 
242060 1439 1219 309 7 1209 331 5 655 2704 19 6 18 19 0 
242118 1489 1187 297 8 1175 362 3 624 2689 15 8 10 14 1 
242324 1415 1095 337 8 1145 323 7 619 2673 22 10 12 10 0 
242289 1442 1226 305 5 1168 317 7 590 2616 13 6 10 6 0 
242136 1497 1159 326 9 1184 311 7 649 2666 18 9 18 11 0 
242156 1456 1183 334 5 1205 306 7 635 2654 20 9 17 13 0 
242254 1474 1186 317 5 1120 353 4 625 2604 21 7 8 22 0 
241996 1448 1210 356 8 1225 365 8 646 2695 12 9 12 10 0 
242185 1410 1174 336 7 1192 346 7 583 2709 18 10 13 10 0 
242129 1454 1191 334 8 1181 355 12 588 2704 21 7 9 7 0 
242259 1435 1246 340 3 1149 278 7 587 2635 20 9 16 16 0 
242193 1517 1162 308 5 1157 350 6 625 2630 25 5 10 7 0 
242181 1464 1218 342 5 1157 336 5 637 2602 20 4 17 12 0 
242163 1465 1188 331 11 1173 317 8 649 2646 14 11 5 19 0 
242200 1471 1165 304 7 1101 354 2 591 2758 15 10 12 10 0 
242179 1487 1180 296 3 1180 349 9 609 2656 16 6 13 17 0 
242156 1453 1244 339 8 1148 328 6 637 2636 16 4 11 14 0 
242238 1508 1187 305 7 1155 292 7 644 2611 21 3 8 14 0 
242166 1479 1160 311 7 1190 303 11 618 2703 18 7 13 14 0 
242204 1377 1193 306 2 1197 330 7 658 2675 20 8 5 18 0 
242324 1470 1241 344 6 1107 298 9 597 2568 13 2 7 14 0 
242101 1456 1211 303 8 1210 306 5 609 2722 30 8 16 15 0 
242089 1515 1175 333 6 1168 341 4 643 2680 12 9 17 7 1 
242364 1432 1121 342 9 1182 315 5 607 2575 16 10 9 13 0 
242229 1453 1134 352 5 1138 322 6 643 2664 22 3 14 15 0 
242221 1478 1173 324 4 1176 322 5 614 2638 15 8 12 10 0 
242158 1410 1215 355 4 1198 292 6 660 2658 14 7 16 7 0 
242214 1428 1249 295 8 1122 326 3 626 2669 29 9 13 9 0 
242275 1429 1163 315 8 1165 293 7 602 2694 24 3 8 14 0 
242266 1406 1216 344 10 1188 342 6 608 2569 14 6 13 11 1 
242251 1501 1186 297 5 1152 301 4 597 2661 12 6 11 15 1 
242095 1486 1209 321 6 1210 287 3 680 2645 22 9 15 12 0 
242217 1495 1137 324 5 1172 324 4 626 2650 15 9 12 10 0 
242120 1463 1189 356 9 1157 289 8 615 2743 19 10 14 8 0 
242109 1488 1177 339 8 1106 319 6 622 2780 17 4 12 13 0 
242163 1442 1162 334 7 1125 328 10 635 2729 30 13 11 11 0 
242233 1449 1134 323 9 1187 318 2 602 2703 13 11 10 5 1 
242177 1470 1136 331 8 1232 314 7 628 2654 15 7 11 10 0 
242284 1415 1138 338 7 1190 336 15 614 2613 13 15 10 12 0 
242180 1473 1155 345 4 1184 336 6 616 2650 13 12 9 17 0 
242124 1462 1191 330 3 1200 302 5 648 2683 17 8 16 11 0 
242203 1463 1155 322 9 1193 328 9 581 2686 18 15 8 10 0 
242162 1494 1169 307 5 1177 339 4 587 2705 16 7 15 13 0 
242033 1560 1188 332 4 1228 328 4 590 2696 14 6 9 8 0 
242234 1420 1189 326 7 1144 337 8 593 2695 16 6 11 14 0 
242235 1473 1176 316 8 1242 336 6 629 2533 18 1 9 18 0 
242173 1483 1166 349 5 1194 335 6 632 2610 17 8 9 13 0 
242243 1452 1182 349 2 1188 319 3 619 2601 17 8 6 11 0 
242168 1410 1182 321 8 1177 317 7 683 2684 20 7 4 12 0 
242108 1517 1197 295 6 1192 324 6 638 2675 15 6 8 13 0 
242210 1492 1194 303 7 1175 305 3 609 2650 13 6 14 19 0 
242026 1482 1215 319 6 1199 305 7 640 2747 19 3 18 14 0 
242245 1534 1127 324 6 1203 277 10 645 2594 10 5 12 7 1 
242368 1491 1157 290 6 1188 319 5 599 2527 17 6 16 11 0 
242218 1491 1156 327 6 1172 355 5 630 2599 15 6 9 11 0 
242234 1405 1190 330 5 1199 312 7 606 2663 15 6 10 18 0 
242241 1448 1177 328 5 1171 309 10 640 2631 9 6 13 12 0 
242258 1460 1185 316 3 1161 313 4 646 2610 20 3 12 9 0 
242251 1427 1166 337 4 1169 334 6 640 2606 15 8 15 22 0 
242245 1494 1178 305 5 1201 308 7 636 2570 16 8 15 12 0 
242235 1475 1167 349 5 1193 319 6 584 2616 16 8 19 8 0 
241997 1506 1184 327 8 1261 347 7 629 2677 23 5 15 14 0 
242175 1500 1173 323 5 1199 309 6 598 2669 14 7 13 9 0 
242209 1427 1216 350 2 1212 347 6 577 2609 14 8 10 13 0 
242084 1518 1159 340 11 1228 308 10 598 2695 18 13 12 6 0 
242107 1445 1199 314 7 1210 306 10 639 2710 20 6 14 13 0 
242093 1456 1151 345 3 1224 330 6 611 2725 19 11 10 16 0 
242293 1439 1171 314 3 1174 317 7 607 2629 27 1 11 7 0 
242158 1450 1220 339 10 1193 337 7 672 2575 16 8 9 6 0 
242178 1407 1211 336 4 1179 321 4 607 2712 11 4 8 18 0 
242156 1475 1135 316 5 1261 318 4 651 2631 16 12 8 12 0 
242111 1483 1172 333 4 1193 333 9 651 2657 18 7 14 15 0 
242158 1480 1203 329 5 1196 298 3 611 2684 11 4 9 9 0 
242262 1480 1159 307 7 1237 307 7 642 2553 9 7 6 17 0 
242316 1484 1123 293 4 1197 326 8 591 2612 13 6 12 15 0 
242103 1429 1156 332 1 1217 342 5 679 2678 16 12 14 16 0 
242159 1544 1165 332 6 1129 317 5 628 2660 16 8 14 17 0 
242118 1491 1178 320 5 1181 349 6 618 2670 26 11 16 11 0 
242104 1422 1228 342 8 1187 362 5 638 2655 20 11 8 10 0 
242213 1466 1179 329 5 1220 304 8 589 2634 22 5 14 12 0 
242305 1468 1163 313 5 1111 334 5 566 2680 23 5 11 11 0 
242132 1499 1191 311 5 1177 295 5 646 2684 17 5 14 19 0 
242204 1436 1171 325 7 1162 334 8 611 2687 22 13 10 10 0 
242101 1467 1208 356 4 1219 303 4 621 2673 14 9 8 13 0 
242206 1505 1187 311 7 1205 307 5 594 2634 17 9 8 5 0 
242133 1498 1220 328 7 1178 320 8 616 2642 16 7 14 13 0 
242149 1541 1204 304 2 1156 308 5 635 2644 25 9 9 9 0 
242275 1443 1136 335 2 1191 295 2 593 2678 12 7 15 15 1 
242009 1460 1196 349 5 1184 347 5 606 2785 17 7 13 17 0 
242091 1468 1198 303 5 1225 319 2 675 2654 17 13 20 10 0 
242177 1389 1207 326 11 1214 320 6 644 2656 14 6 14 16 0 
242104 1472 1176 338 3 1203 317 5 610 2722 14 5 17 14 0 
242155 1458 1136 317 6 1202 326 7 612 2738 21 6 11 5 0 
241914 1452 1184 345 3 1242 338 10 666 2781 24 10 14 16 1 
242251 1460 1170 339 5 1093 332 7 612 2689 17 6 10 9 0 
242288 1458 1151 379 5 1095 329 5 598 2640 17 10 7 18 0 
242102 1513 1189 338 9 1172 333 3 631 2664 17 8 14 7 0 
242177 1481 1152 345 2 1208 341 5 606 2637 24 7 7 8 0 
242132 1459 1216 339 10 1179 350 5 616 2641 22 7 10 14 0 
242117 1483 1229 345 3 1211 322 2 625 2625 15 5 10 8 0 
242037 1520 1231 313 5 1201 337 3 634 2674 10 8 12 15 0 
242161 1443 1223 354 7 1192 318 4 610 2640 23 7 14 4 0 
242115 1471 1178 362 7 1187 309 4 626 2684 24 9 14 10 0 
242058 1482 1230 328 6 1212 309 6 595 2730 14 4 6 20 0 
242161 1504 1171 308 3 1210 325 7 620 2642 18 9 13 9 0 
242254 1458 1203 312 6 1195 327 2 603 2602 15 4 9 10 0 
242265 1468 1166 329 3 1174 314 7 608 2616 17 7 13 13 0 
242273 1418 1133 350 6 1218 321 4 613 2614 15 8 11 16 0 
242106 1439 1233 298 6 1201 306 8 636 2711 23 5 18 10 0 
242178 1431 1232 314 7 1184 328 3 601 2680 16 3 9 13 1 
242341 1449 1192 305 9 1132 317 5 574 2637 12 6 8 13 0 
242300 1439 1197 331 7 1175 295 9 620 2573 15 8 14 17 0 
242392 1427 1141 296 4 1133 336 6 604 2616 16 4 15 10 0 
242226 1454 1137 331 4 1177 337 9 661 2618 13 9 11 13 0 
242152 1496 1174 345 9 1185 310 4 629 2645 16 5 22 8 0 
242140 1448 1191 351 6 1169 357 5 635 2639 19 5 21 14 0 
242228 1428 1176 368 5 1182 299 8 627 2628 18 10 11 12 0 
242180 1453 1167 324 5 1186 343 8 595 2693 14 8 10 14 0 
242192 1472 1157 310 8 1211 355 7 603 2650 13 5 6 11 0 
242177 1509 1183 330 9 1154 346 12 637 2590 18 8 10 17 0 
242183 1419 1150 372 3 1193 338 10 643 2633 18 10 13 15 0 
242198 1400 1188 355 4 1259 331 6 614 2597 14 5 11 18 0 
242355 1411 1124 312 9 1194 326 11 599 2606 22 8 13 10 0 
242359 1387 1202 314 6 1135 274 6 629 2633 19 9 11 16 0 
242049 1495 1263 313 7 1182 313 8 634 2680 20 11 13 12 0 
242266 1464 1134 347 5 1171 381 11 622 2544 21 2 18 14 0 
242205 1432 1133 319 8 1216 332 8 656 2641 15 4 14 17 0 
242139 1425 1168 314 5 1193 325 9 633 2735 21 11 13 9 0 
242205 1460 1177 315 10 1211 292 8 635 2640 14 9 10 14 0 
242434 1418 1107 310 8 1196 313 5 594 2572 11 11 4 17 0 
242299 1519 1175 313 7 1211 297 9 587 2555 10 3 5 10 0 
242335 1450 1178 312 5 1141 325 4 598 2611 16 4 14 7 0 
242207 1430 1161 325 3 1205 318 5 637 2659 19 8 10 13 0 
242392 1422 1118 305 7 1180 314 6 628 2583 15 5 14 11 0 
242283 1443 1124 316 10 1143 331 8 648 2655 11 7 8 13 0 
242266 1432 1147 314 6 1165 355 4 594 2668 17 3 13 16 0 
242182 1498 1139 315 7 1174 324 12 616 2691 16 8 10 8 0 
242220 1486 1194 301 6 1234 310 8 593 2603 17 4 9 15 0 
242217 1408 1177 345 11 1198 324 9 635 2622 14 9 13 18 0 
242172 1433 1211 309 4 1182 332 8 650 2645 22 3 9 20 0 
242257 1482 1183 330 7 1148 301 11 599 2640 16 6 13 7 0 
242293 1387 1166 318 6 1135 304 7 663 2680 17 7 4 13 0 
242102 1507 1177 305 8 1160 318 8 623 2748 15 7 7 15 0 
242105 1468 1217 310 6 1198 329 6 610 2702 20 9 6 14 0 
242261 1406 1211 331 2 1150 297 4 668 2627 19 5 9 10 0 
242230 1479 1213 311 8 1145 294 6 657 2621 13 5 12 6 0 
242165 1474 1158 335 2 1188 336 7 593 2687 17 7 14 17 0 
242343 1494 1154 319 5 1220 284 3 597 2531 19 7 9 15 0 
242268 1499 1150 330 9 1136 303 4 639 2612 20 3 14 13 0 
241999 1448 1173 339 5 1272 327 3 637 2750 17 4 14 12 0 
242226 1410 1221 317 11 1173 341 9 583 2640 27 13 19 10 0 
242372 1433 1102 312 6 1172 338 6 627 2589 16 8 14 5 0 
242189 1434 1217 306 6 1196 326 11 618 2653 15 5 15 9 0 
242363 1393 1155 316 7 1126 337 5 546 2702 23 5 7 15 0 
242188 1444 1194 316 8 1205 324 4 578 2696 17 3 9 14 0 
242274 1438 1160 336 7 1184 308 7 564 2670 29 5 9 9 0 
242254 1421 1197 333 3 1185 308 4 672 2575 21 5 13 9 0 
242293 1420 1234 296 6 1170 306 5 624 2595 19 7 8 17 0 
242228 1461 1148 305 3 1189 309 4 643 2666 13 5 15 11 0 
242221 1429 1219 328 10 1186 308 9 611 2614 25 10 15 15 0 
242197 1492 1181 300 4 1152 319 8 591 2721 14 7 6 8 0 
242129 1483 1163 323 8 1157 331 5 626 2728 12 12 10 13 0 
242105 1488 1175 304 6 1161 335 7 631 2737 19 5 13 14 0 
242081 1506 1252 318 2 1165 340 10 620 2664 15 7 12 8 0 
242219 1474 1197 323 10 1186 334 9 569 2623 19 9 15 13 0 
242082 1486 1212 320 9 1157 314 3 619 2750 17 5 14 12 0 
242216 1488 1121 338 12 1172 329 5 595 2678 12 5 11 18 0 
242082 1479 1228 310 6 1175 368 4 565 2727 18 12 14 12 0 
242221 1515 1253 333 9 1142 345 4 560 2583 11 8 10 6 0 
242137 1451 1219 350 6 1145 312 6 654 2678 19 9 5 9 0 
242168 1463 1252 329 9 1199 313 9 639 2572 20 7 8 12 0 
242198 1469 1191 308 7 1145 327 12 619 2677 16 4 13 14 0 
242077 1515 1175 327 8 1216 321 6 590 2720 11 10 11 13 0 
242247 1393 1142 308 6 1178 329 7 647 2696 16 8 12 11 0 
242220 1415 1123 348 5 1154 340 4 624 2703 28 5 15 16 0 
242006 1538 1171 317 6 1163 334 8 686 2727 16 6 12 10 0 
242224 1476 1140 325 6 1210 332 15 598 2628 17 3 14 12 0 
242142 1477 1217 283 8 1129 375 5 592 2703 26 8 17 18 0 
242060 1516 1165 334 8 1163 328 10 662 2696 17 9 8 24 0 
242073 1503 1220 335 3 1217 330 3 619 2652 13 11 13 8 0 
242101 1486 1201 292 4 1210 314 10 610 2723 15 9 10 15 0 
242250 1437 1205 279 2 1259 323 5 601 2587 16 8 18 10 0 
242182 1576 1140 317 3 1200 340 7 636 2549 16 7 16 11 0 
242160 1468 1241 322 4 1226 307 10 593 2631 14 10 7 7 0 
242175 1456 1170 323 9 1202 308 5 647 2660 18 9 8 10 0 
242212 1501 1160 337 5 1149 351 10 597 2623 25 6 15 9 0 
242167 1467 1113 357 11 1154 332 6 636 2705 18 6 11 17 0 
242284 1435 1157 347 11 1127 318 5 629 2638 21 10 12 6 0 
242203 1452 1174 320 9 1186 327 6 611 2660 21 8 9 14 0 
242120 1447 1148 344 7 1186 335 9 624 2730 22 5 13 10 0 
242276 1413 1186 311 4 1174 344 5 616 2623 20 5 13 10 0 
242005 1557 1194 316 3 1183 282 6 635 2768 21 6 11 13 0 
242229 1501 1121 306 10 1141 333 8 658 2642 20 10 9 12 0 
242280 1476 1104 316 4 1174 321 8 659 2602 23 9 14 10 0 
242193 1420 1178 343 8 1192 313 10 634 2656 19 4 14 16 0 
242261 1463 1138 319 6 1217 329 5 610 2614 16 4 12 6 0 
242234 1454 1220 319 6 1198 309 6 617 2588 16 12 9 12 0 
242131 1457 1234 327 8 1145 326 8 641 2675 16 9 10 13 0 
242258 1430 1120 337 3 1178 328 4 593 2711 16 9 8 5 0 
242151 1385 1220 340 9 1209 319 5 640 2687 8 3 11 13 0 
242135 1452 1204 325 4 1175 363 9 646 2636 16 7 13 14 1 
242224 1507 1134 343 11 1160 323 11 568 2656 22 11 15 15 0 
242044 1512 1187 317 6 1215 293 2 643 2734 16 4 12 15 0 
242247 1502 1209 327 9 1166 316 5 625 2546 12 6 14 16 0 
242083 1500 1159 320 8 1251 332 8 634 2654 21 7 9 14 0 
242123 1457 1208 334 10 1177 300 7 627 2704 16 13 10 14 0 
242229 1450 1170 305 4 1138 315 5 643 2692 15 7 12 15 0 
242214 1414 1184 328 4 1217 327 8 661 2597 11 7 14 14 0 
242155 1504 1145 317 3 1167 353 6 603 2691 25 7 15 9 0 
242180 1441 1211 307 8 1167 345 6 613 2669 21 5 12 15 0 
242243 1551 1164 290 6 1164 305 6 625 2599 16 10 8 13 0 
242442 1530 1081 332 4 1133 343 4 595 2485 12 6 20 13 0 
242173 1497 1201 323 7 1196 307 9 614 2618 16 7 18 14 0 
242236 1447 1231 352 6 1186 325 8 575 2590 18 7 8 11 0 
242175 1410 1222 345 7 1232 299 9 614 2631 17 5 18 16 0 
242202 1459 1215 328 7 1161 301 6 602 2666 21 9 13 10 0 
242287 1449 1248 302 12 1173 306 8 622 2561 10 6 12 4 0 
242209 1488 1170 313 6 1206 278 4 629 2647 22 5 8 15 0 
242182 1442 1224 323 13 1144 320 3 646 2637 19 8 23 16 0 
242168 1515 1151 343 6 1191 313 5 625 2632 19 8 15 9 0 
242193 1438 1218 318 3 1170 346 7 614 2645 18 8 7 15 0 
242031 1583 1176 321 12 1167 334 4 602 2719 18 4 17 12 0 
242074 1453 1234 310 10 1156 337 9 697 2672 18 3 13 14 0 
242203 1437 1156 322 6 1163 352 13 647 2645 18 9 16 13 0 
242299 1445 1216 333 10 1123 286 2 652 2596 18 4 7 9 0 
242344 1487 1159 309 5 1116 316 2 610 2606 18 5 13 10 0 
242181 1448 1119 320 5 1240 303 9 605 2724 16 5 13 12 0 
242220 1436 1158 330 6 1247 349 10 603 2601 14 10 9 7 0 
242018 1462 1220 325 9 1239 318 6 642 2719 15 8 14 5 0 
242206 1365 1194 300 10 1219 319 9 630 2692 15 10 16 15 0 
242259 1484 1174 328 8 1151 317 9 638 2586 19 5 12 10 0 
242163 1498 1181 302 7 1144 335 5 668 2650 19 7 13 8 0 
242116 1503 1139 361 7 1163 336 5 654 2669 22 7 10 8 0 
242270 1408 1134 341 10 1163 333 7 607 2672 22 6 13 14 0 
242238 1436 1119 325 7 1235 294 6 619 2681 11 8 14 7 0 
242026 1482 1178 339 6 1274 360 6 640 2646 15 7 11 10 0 
242287 1409 1167 352 8 1201 311 1 581 2645 14 6 8 10 0 
242298 1427 1184 319 7 1128 277 3 605 2711 18 7 7 9 0 
242220 1477 1170 297 5 1205 329 7 623 2616 14 6 13 18 0 
242088 1487 1170 299 4 1245 320 4 610 2725 17 9 10 12 0 
242053 1501 1211 312 9 1259 343 4 626 2634 18 5 16 9 0 
242223 1457 1146 316 7 1161 307 8 634 2689 17 11 8 16 0 
242188 1453 1179 297 3 1163 329 4 604 2726 22 9 16 7 0 
242199 1503 1165 331 9 1193 340 10 570 2635 15 9 12 9 0 
242103 1513 1135 301 6 1222 324 5 596 2746 14 6 13 16 0 
242309 1398 1115 325 8 1154 296 5 647 2693 18 4 16 12 0 
242116 1507 1145 342 5 1180 296 7 648 2705 21 5 15 7 1 
242125 1536 1262 301 9 1195 331 7 604 2584 15 7 14 10 0 
242337 1429 1155 296 2 1232 291 7 568 2638 16 6 13 10 0 
242210 1470 1207 295 5 1117 338 6 611 2705 14 2 9 11 0 
242220 1366 1170 361 2 1199 348 5 592 2693 13 15 10 6 0 
242204 1509 1212 352 8 1216 322 7 625 2488 18 5 15 19 0 
242117 1497 1219 336 6 1202 301 6 624 2633 24 10 9 16 0 
242242 1441 1158 332 4 1178 341 4 656 2588 20 9 16 11 0 
