242206 1391 1161 328 5 1240 335 6 563 2720 14 10 12 9 0 
242293 1411 1148 334 3 1197 325 9 601 2640 16 4 9 10 0 
242170 1429 1121 376 6 1179 299 10 615 2733 16 11 18 17 0 
242128 1476 1138 357 9 1278 357 9 544 2645 24 8 10 17 0 
242100 1443 1177 366 10 1238 323 3 618 2675 16 4 17 10 0 
242157 1434 1117 352 3 1235 283 10 625 2734 16 7 13 14 0 
242260 1441 1212 366 2 1211 342 4 542 2570 18 4 13 15 0 
242282 1474 1165 332 3 1156 335 10 556 2644 16 2 16 9 0 
242139 1440 1193 351 6 1245 334 5 570 2661 22 5 11 18 0 
242116 1468 1162 376 3 1156 328 10 597 2728 21 10 16 9 0 
242259 1437 1161 329 4 1204 345 5 575 2636 17 5 12 11 0 
242194 1434 1186 387 5 1200 310 6 637 2584 26 3 13 15 0 
242098 1444 1149 394 5 1260 313 7 637 2644 12 11 12 14 0 
242326 1409 1177 341 6 1196 313 3 608 2577 18 8 8 10 0 
242073 1484 1206 331 8 1268 283 9 566 2725 15 6 16 10 0 
242088 1442 1202 338 5 1243 324 6 606 2685 14 8 18 21 0 
242156 1430 1194 361 2 1185 320 5 637 2663 12 6 13 16 0 
242162 1445 1184 361 6 1203 330 2 549 2714 16 8 10 10 0 
242235 1382 1210 338 4 1203 313 6 607 2660 17 5 10 10 0 
242199 1412 1190 327 3 1237 293 12 580 2700 17 4 16 10 0 
242180 1395 1192 375 5 1159 319 7 613 2703 18 6 19 9 0 
242054 1428 1203 363 7 1231 335 4 643 2671 17 11 17 16 0 
242226 1445 1137 363 8 1151 343 6 606 2670 14 5 13 13 0 
242250 1478 1126 362 6 1132 308 7 578 2701 25 2 16 9 0 
242136 1393 1184 355 4 1185 326 7 641 2713 13 9 17 17 0 
242190 1463 1129 355 1 1135 330 5 597 2745 20 5 16 9 0 
242089 1394 1223 353 5 1251 329 4 568 2730 18 5 17 14 0 
242310 1442 1168 344 6 1188 308 8 545 2623 23 9 15 11 0 
241995 1485 1224 361 6 1246 342 7 585 2703 21 4 11 10 0 
242181 1456 1203 342 7 1205 285 4 585 2680 16 6 15 15 0 
242063 1475 1193 351 6 1222 345 7 579 2691 23 10 19 16 0 
242151 1455 1173 372 7 1219 277 4 605 2687 19 10 13 8 0 
242043 1481 1227 368 5 1216 337 6 592 2672 15 7 15 16 0 
242179 1443 1148 346 6 1228 335 8 611 2646 19 5 13 13 0 
242195 1442 1129 359 5 1242 302 7 559 2720 18 7 4 11 0 
242214 1425 1128 348 14 1215 327 4 599 2690 9 4 10 13 0 
242166 1400 1184 362 8 1259 331 6 568 2670 11 11 9 15 0 
242101 1460 1244 329 7 1213 351 5 612 2633 20 5 10 10 0 
242155 1463 1143 355 3 1212 334 10 596 2683 16 6 13 11 0 
242186 1422 1125 388 5 1223 335 10 631 2633 11 8 13 10 0 
242182 1375 1197 332 11 1244 340 11 580 2690 13 9 4 11 1 
242167 1429 1157 350 5 1234 343 5 601 2662 15 7 14 11 0 
242166 1440 1165 350 5 1214 302 5 631 2661 23 9 10 19 0 
242245 1446 1167 343 6 1253 322 6 536 2641 15 5 8 7 0 
242224 1434 1195 315 7 1207 310 10 570 2683 18 7 13 7 0 
242244 1423 1185 346 10 1205 338 6 586 2608 19 7 11 12 0 
242262 1396 1185 358 9 1150 326 9 601 2650 22 3 15 14 0 
242212 1358 1170 352 6 1262 354 9 526 2697 24 6 15 9 0 
242294 1406 1207 376 9 1172 271 5 555 2661 9 11 13 11 0 
242071 1473 1186 337 3 1227 323 9 607 2717 17 8 10 12 0 
242255 1429 1145 368 8 1219 340 7 557 2627 13 8 10 14 0 
242235 1436 1182 351 5 1208 328 5 577 2627 17 10 8 11 0 
242211 1381 1196 353 3 1273 317 6 563 2666 11 6 10 4 0 
242127 1447 1224 369 7 1193 315 6 558 2697 17 8 15 17 0 
242062 1482 1183 373 2 1188 288 7 622 2748 14 2 16 13 0 
242355 1423 1118 369 3 1230 328 5 536 2586 19 5 11 12 0 
242069 1487 1159 360 8 1204 334 4 559 2767 17 5 21 6 0 
242196 1426 1182 336 5 1211 316 3 587 2688 15 10 11 14 0 
242114 1392 1247 379 10 1236 327 11 576 2658 16 8 11 15 0 
242356 1455 1121 358 6 1191 322 8 572 2562 17 7 10 14 1 
242217 1460 1180 331 8 1185 302 11 607 2648 20 10 10 11 0 
242128 1436 1178 338 7 1201 331 6 625 2705 22 9 8 6 0 
242239 1404 1196 332 5 1191 323 4 575 2688 17 7 8 11 0 
242355 1411 1122 365 6 1187 324 7 601 2567 25 9 6 15 0 
242270 1403 1192 336 5 1138 326 8 623 2640 19 7 13 20 0 
242172 1425 1136 349 3 1209 324 3 613 2715 16 7 9 19 0 
242137 1494 1203 371 8 1186 336 7 554 2653 19 7 10 15 0 
242081 1447 1256 349 5 1217 319 3 601 2685 15 6 7 9 0 
242260 1433 1146 339 4 1136 322 6 613 2700 16 3 13 9 0 
242095 1439 1190 359 8 1249 351 5 605 2647 11 10 12 19 0 
242106 1530 1176 337 7 1200 358 5 551 2684 18 2 11 15 0 
242193 1478 1155 336 3 1197 339 4 548 2697 14 4 11 21 0 
242310 1425 1189 319 2 1162 342 7 565 2622 21 8 15 13 0 
242184 1408 1210 370 6 1215 347 11 564 2642 10 7 16 10 0 
242258 1427 1142 321 11 1195 361 7 589 2634 19 15 9 12 0 
242269 1462 1145 338 3 1223 300 3 613 2592 14 9 19 10 0 
242092 1457 1192 346 6 1223 349 6 594 2689 13 4 15 14 0 
242208 1452 1102 344 6 1289 348 6 596 2611 10 8 9 11 0 
242258 1422 1127 352 5 1236 293 10 607 2637 23 8 13 9 0 
242264 1471 1113 379 10 1166 309 5 611 2636 12 7 11 6 0 
242114 1449 1230 320 5 1279 321 7 597 2635 10 4 13 16 0 
242059 1423 1251 332 5 1225 332 7 574 2756 7 8 10 11 0 
242385 1418 1155 350 5 1107 321 6 614 2576 22 7 11 23 0 
242130 1517 1183 348 6 1189 310 9 593 2681 11 4 12 7 0 
242173 1451 1189 325 6 1207 355 15 626 2595 22 12 14 10 0 
242022 1439 1188 367 4 1255 349 7 599 2717 17 8 12 16 0 
242122 1454 1210 345 7 1225 303 6 599 2671 27 5 16 10 0 
242097 1384 1142 376 12 1215 317 9 645 2754 17 10 9 13 0 
242126 1445 1264 350 9 1257 312 5 578 2608 16 8 7 15 0 
242110 1442 1199 360 6 1213 326 9 596 2690 17 5 10 17 0 
242176 1475 1162 389 5 1254 303 4 590 2601 13 8 9 11 0 
242181 1438 1147 384 12 1205 325 8 602 2641 21 7 18 11 0 
242317 1402 1156 331 6 1198 312 6 602 2620 16 3 17 14 0 
242065 1443 1210 366 5 1229 327 5 576 2725 12 11 16 10 0 
242195 1462 1223 351 4 1210 329 3 589 2582 13 6 18 15 0 
242423 1371 1172 355 5 1162 320 8 585 2551 20 12 11 5 0 
242222 1396 1117 347 4 1256 331 1 585 2684 18 6 20 13 0 
242137 1441 1172 355 10 1218 327 10 576 2694 19 10 11 20 0 
242190 1473 1118 387 7 1192 357 7 602 2621 17 5 10 14 0 
242195 1494 1126 328 6 1255 315 5 570 2661 15 7 9 14 0 
242208 1441 1184 378 8 1223 308 7 580 2622 13 6 15 7 0 
242182 1486 1170 315 6 1212 336 9 602 2633 17 8 8 16 0 
242062 1429 1250 332 7 1272 309 5 594 2696 21 3 10 10 0 
242267 1482 1123 394 4 1183 320 7 586 2596 16 7 8 7 0 
242033 1477 1244 392 11 1254 349 8 603 2584 14 6 16 9 0 
242077 1462 1213 373 7 1249 301 4 597 2662 16 8 16 15 0 
242076 1417 1206 385 11 1278 356 8 614 2603 19 10 7 10 0 
242129 1441 1134 374 4 1234 331 7 611 2692 17 8 6 12 0 
242083 1407 1217 361 9 1273 327 9 582 2686 17 3 12 14 0 
242224 1458 1166 342 11 1201 305 8 599 2630 25 8 11 12 0 
242304 1362 1168 347 10 1225 332 5 545 2661 18 5 12 6 0 
242096 1403 1207 361 4 1265 342 1 604 2674 10 8 13 12 0 
242122 1426 1157 377 7 1231 338 10 612 2686 12 5 9 8 0 
242076 1432 1175 358 10 1237 346 8 569 2733 18 7 14 17 0 
242166 1426 1179 343 5 1257 316 8 569 2678 14 14 15 10 0 
242088 1500 1175 372 6 1174 313 12 602 2705 15 7 13 18 0 
242227 1480 1167 354 7 1164 347 6 588 2605 14 9 17 15 0 
242261 1354 1192 382 6 1178 311 3 601 2667 11 7 9 18 0 
242255 1430 1176 353 3 1219 257 7 611 2637 23 9 9 11 0 
242145 1436 1115 347 5 1281 335 8 586 2697 15 6 13 11 0 
241921 1496 1228 357 6 1258 335 9 618 2716 15 8 17 16 0 
242254 1415 1156 341 8 1189 311 8 598 2672 21 8 10 9 0 
242078 1477 1273 355 3 1210 315 5 577 2657 19 7 12 12 0 
242157 1423 1167 357 10 1198 350 5 614 2657 20 10 16 15 1 
242405 1365 1072 377 3 1209 315 7 642 2561 14 7 12 11 0 
242132 1375 1207 361 11 1237 336 5 564 2721 15 9 14 13 0 
242130 1496 1155 330 8 1211 334 6 582 2706 16 4 7 15 0 
241945 1494 1219 364 4 1287 319 10 613 2688 21 12 11 13 0 
242182 1469 1185 333 6 1202 314 10 552 2685 21 7 20 14 0 
242272 1382 1156 342 5 1220 309 9 574 2690 12 10 9 10 0 
242154 1461 1127 387 8 1204 339 6 588 2683 20 7 10 6 0 
242142 1445 1112 362 6 1235 326 7 604 2717 19 10 6 9 0 
242214 1422 1147 327 12 1288 305 8 582 2646 14 10 6 19 0 
242164 1445 1240 348 2 1184 330 7 582 2656 14 7 7 14 0 
242181 1428 1192 366 10 1197 298 9 598 2673 19 6 14 9 0 
242162 1445 1154 358 8 1188 283 5 600 2744 25 5 8 15 0 
242145 1444 1193 342 8 1225 321 5 564 2708 12 7 14 12 0 
242091 1436 1188 343 4 1226 345 4 604 2701 17 8 18 15 0 
242190 1493 1133 332 6 1229 333 4 568 2664 17 8 13 10 0 
242182 1448 1158 339 9 1249 320 10 562 2674 7 5 19 18 0 
242179 1397 1158 349 4 1209 331 13 595 2714 20 10 11 10 0 
242114 1401 1231 368 9 1161 318 6 586 2752 25 9 11 9 0 
242152 1390 1171 382 11 1228 328 4 585 2693 18 8 14 16 0 
242250 1489 1116 377 7 1211 286 8 565 2643 16 7 10 15 0 
242151 1466 1164 344 2 1251 302 6 578 2690 13 6 11 15 1 
242258 1438 1205 358 6 1177 298 6 601 2595 22 3 18 14 1 
242155 1410 1207 366 10 1279 297 6 594 2622 20 12 11 11 0 
242187 1453 1218 379 5 1198 312 2 561 2650 10 3 9 13 0 
241975 1462 1218 378 10 1223 325 9 646 2708 15 7 10 14 0 
242107 1442 1177 353 8 1249 292 5 608 2715 14 6 14 10 0 
242268 1513 1168 321 6 1183 311 10 545 2625 13 10 11 16 0 
242237 1385 1157 371 8 1221 297 10 566 2694 25 4 15 10 0 
242138 1402 1220 387 5 1251 319 10 613 2619 10 7 12 7 0 
242071 1435 1274 432 9 1215 301 3 592 2617 19 7 12 13 0 
242147 1467 1232 341 6 1250 324 10 573 2593 13 10 14 19 1 
242152 1451 1181 375 10 1179 357 8 586 2650 19 6 14 12 0 
242269 1435 1187 344 12 1168 322 5 551 2662 14 6 14 11 0 
242201 1474 1218 361 5 1154 357 5 571 2603 23 8 14 6 0 
242207 1405 1187 328 5 1233 312 8 607 2667 9 5 12 15 0 
242304 1417 1134 363 3 1203 318 11 548 2651 16 10 9 13 0 
242071 1453 1177 383 3 1209 319 8 645 2683 17 3 10 19 0 
242169 1472 1187 352 4 1183 295 7 603 2676 20 8 13 11 0 
242263 1469 1206 359 7 1146 284 6 569 2648 13 6 7 17 0 
242333 1395 1146 379 8 1180 302 11 581 2602 29 2 15 17 0 
242131 1465 1205 362 6 1189 298 2 659 2636 14 5 10 18 0 
242224 1440 1171 354 6 1121 301 8 596 2731 15 7 13 13 0 
242169 1435 1184 386 7 1220 314 6 623 2608 22 6 9 11 0 
242153 1492 1179 360 3 1268 325 6 560 2618 8 8 12 8 0 
242100 1413 1188 371 6 1222 314 11 629 2702 10 4 19 11 0 
242306 1356 1184 330 9 1215 301 7 596 2665 13 2 7 9 0 
242212 1427 1167 343 5 1238 330 3 609 2614 20 7 16 9 0 
242227 1383 1224 346 7 1177 325 5 618 2642 17 6 10 13 0 
242283 1414 1128 386 12 1191 323 4 559 2649 17 9 12 13 0 
242122 1492 1164 333 5 1220 323 5 593 2693 18 9 13 10 0 
242296 1423 1189 345 13 1173 286 2 592 2635 12 7 12 15 0 
242056 1523 1241 372 7 1186 349 10 620 2589 15 2 18 12 0 
242337 1395 1223 344 5 1202 353 7 564 2517 18 6 16 13 0 
242185 1441 1211 356 3 1232 306 5 549 2657 20 11 9 15 0 
242299 1393 1177 335 10 1210 293 9 625 2601 17 6 16 9 0 
242100 1370 1197 382 7 1285 330 8 607 2660 12 11 14 17 0 
242081 1456 1200 362 11 1266 325 5 592 2656 24 4 8 10 0 
242153 1446 1206 348 4 1199 340 7 599 2657 12 7 11 11 0 
242199 1460 1165 353 4 1192 325 4 584 2659 27 3 14 11 0 
242047 1488 1171 348 4 1274 327 5 591 2705 13 8 7 12 0 
242275 1423 1206 348 8 1118 322 8 584 2662 12 7 13 14 0 
242083 1477 1228 360 8 1204 299 7 585 2694 17 8 20 10 0 
242249 1425 1122 331 6 1202 311 4 584 2713 22 6 8 17 0 
242116 1485 1174 349 9 1273 272 3 589 2687 12 8 16 7 0 
242184 1417 1198 374 9 1189 336 9 573 2660 21 7 9 14 0 
242147 1451 1188 396 3 1243 318 7 569 2628 17 5 14 14 0 
242076 1478 1182 361 8 1195 318 6 648 2677 17 8 15 11 0 
242215 1456 1165 324 6 1170 319 9 598 2683 17 4 18 16 0 
242241 1406 1174 349 4 1147 339 5 605 2688 15 9 11 7 0 
242248 1387 1262 346 5 1173 336 6 603 2585 23 4 9 13 0 
242182 1415 1182 368 4 1193 323 6 615 2661 19 5 11 16 0 
242200 1476 1210 350 8 1105 337 3 568 2687 20 7 12 17 0 
242182 1430 1220 360 4 1211 320 7 579 2645 17 5 10 10 0 
242314 1377 1186 349 2 1166 344 2 606 2600 15 9 13 17 0 
242141 1440 1227 346 11 1235 309 5 599 2633 19 8 12 15 0 
242075 1453 1163 379 8 1206 310 9 656 2699 21 2 10 9 0 
242186 1418 1086 359 5 1228 306 10 594 2757 16 9 15 11 0 
242324 1452 1121 318 7 1224 284 6 566 2648 21 5 8 16 0 
242062 1430 1190 340 6 1229 334 5 645 2713 21 1 12 12 0 
242023 1486 1248 362 8 1230 307 7 630 2655 11 3 8 22 0 
242225 1416 1184 345 3 1230 291 8 607 2643 19 8 6 15 0 
242090 1444 1182 372 9 1205 319 9 579 2750 9 8 11 12 1 
242290 1408 1190 345 6 1202 302 5 594 2608 15 8 10 17 0 
242286 1435 1159 340 8 1203 333 8 563 2617 13 10 12 13 0 
242355 1349 1194 337 13 1174 317 6 598 2616 16 4 6 15 0 
242315 1380 1184 365 1 1194 304 7 587 2620 16 6 10 10 1 
242130 1414 1136 389 9 1257 337 9 593 2681 18 5 11 11 0 
242242 1427 1199 373 7 1224 327 8 549 2596 19 7 8 14 0 
242320 1382 1148 340 14 1169 332 8 591 2651 13 8 12 12 0 
242209 1415 1183 368 6 1239 328 4 576 2626 19 6 7 14 0 
242250 1441 1149 364 10 1221 345 7 568 2609 12 7 9 8 0 
242197 1434 1179 362 8 1250 333 10 583 2598 15 8 10 13 0 
242235 1405 1184 348 7 1211 323 8 558 2675 10 10 16 10 0 
242331 1421 1134 345 10 1151 304 9 559 2699 14 6 10 7 0 
242165 1414 1203 359 8 1246 332 9 580 2647 14 4 6 13 0 
242217 1453 1197 337 9 1195 306 9 574 2662 11 8 7 15 0 
242116 1404 1186 382 5 1207 322 6 595 2717 18 13 11 17 1 
242220 1381 1194 333 7 1207 353 5 543 2716 12 6 9 14 0 
242279 1400 1130 372 3 1213 331 2 576 2648 13 9 15 9 0 
242263 1440 1175 347 10 1179 292 6 610 2618 26 6 13 15 0 
242260 1465 1183 345 10 1239 302 6 523 2628 10 9 12 8 0 
242175 1425 1226 352 10 1146 303 6 580 2729 20 6 9 13 0 
242163 1403 1168 369 4 1230 372 3 587 2657 14 7 7 16 0 
242001 1477 1225 390 10 1211 332 5 590 2710 18 4 17 10 0 
242258 1412 1208 345 5 1213 327 7 566 2597 24 8 21 9 0 
242170 1431 1202 341 5 1230 310 7 602 2672 11 4 4 11 0 
242105 1399 1242 326 8 1227 330 7 638 2678 11 7 12 10 0 
242196 1382 1196 357 9 1174 311 6 565 2758 16 7 9 14 0 
242152 1494 1165 335 6 1149 314 6 582 2747 20 3 14 13 0 
242118 1401 1181 356 3 1264 338 7 587 2702 24 6 10 3 0 
242269 1420 1153 382 14 1189 324 10 569 2618 19 12 9 12 0 
242223 1452 1236 333 5 1146 343 8 588 2623 11 7 18 7 0 
242308 1415 1106 360 8 1182 325 6 560 2687 18 4 10 11 0 
242231 1470 1158 335 4 1243 306 11 597 2590 19 8 11 17 0 
242100 1519 1166 328 3 1256 300 4 611 2664 18 8 8 15 0 
242357 1383 1136 363 3 1197 337 7 574 2594 16 2 14 17 0 
242132 1415 1197 378 7 1207 297 5 566 2733 25 7 14 17 0 
242155 1456 1127 366 6 1242 319 5 617 2654 17 11 16 8 1 
242383 1393 1151 329 7 1072 330 6 651 2636 13 5 15 9 0 
242335 1383 1193 354 8 1221 316 7 561 2571 13 6 11 21 0 
242092 1412 1180 357 4 1255 306 5 580 2772 13 7 4 13 0 
242047 1452 1230 390 4 1198 331 8 626 2665 16 11 12 10 0 
242237 1448 1188 349 4 1197 313 7 604 2613 18 5 9 8 0 
242145 1464 1175 340 7 1223 361 6 565 2675 16 11 7 5 0 
242144 1507 1176 354 6 1217 324 2 576 2660 13 4 6 11 0 
242199 1446 1183 356 6 1174 322 4 617 2640 18 8 14 13 0 
242173 1470 1187 347 6 1202 314 2 592 2659 18 7 14 9 0 
242267 1371 1174 332 6 1146 314 9 636 2697 19 3 11 15 0 
242314 1354 1206 334 5 1197 309 4 582 2655 12 8 13 7 0 
242260 1424 1150 360 7 1168 321 5 605 2664 10 4 11 11 0 
242136 1468 1145 370 12 1170 354 4 634 2654 16 13 13 11 0 
242245 1410 1123 357 3 1172 334 4 642 2672 15 4 9 10 0 
242189 1427 1182 342 7 1232 334 6 594 2637 15 7 13 15 0 
242357 1441 1088 326 6 1156 353 5 604 2614 16 4 17 13 0 
242264 1449 1136 367 7 1192 327 9 565 2645 14 3 11 11 0 
242155 1456 1174 360 5 1254 346 5 615 2591 12 6 12 9 0 
242242 1414 1073 347 5 1190 330 13 635 2713 16 6 7 9 0 
242221 1432 1176 351 5 1191 316 4 555 2708 10 6 11 14 0 
242241 1403 1135 398 6 1170 321 13 610 2661 17 7 7 11 0 
242207 1489 1168 325 11 1199 324 8 593 2641 12 7 6 10 0 
242334 1429 1100 357 6 1238 300 4 574 2603 23 11 12 9 0 
242271 1513 1121 324 8 1210 321 7 554 2627 13 8 14 9 0 
242254 1404 1183 346 6 1186 324 7 540 2701 21 4 17 7 0 
242269 1434 1161 353 8 1173 296 5 666 2592 18 8 5 12 0 
241992 1502 1190 345 8 1268 310 8 595 2731 21 9 8 13 0 
242132 1429 1156 341 8 1230 328 4 580 2740 17 5 18 12 0 
242239 1430 1132 345 7 1235 323 3 578 2663 18 3 10 13 1 
242141 1454 1188 367 6 1217 364 6 646 2561 12 5 15 18 0 
242215 1437 1176 396 10 1223 317 6 553 2625 13 9 11 8 1 
242212 1391 1249 329 7 1187 335 8 585 2645 24 7 11 10 0 
242319 1435 1172 311 11 1163 317 5 578 2654 14 8 5 8 0 
242147 1402 1177 375 9 1245 333 4 575 2671 13 12 18 19 0 
242275 1381 1146 346 3 1205 294 3 581 2708 28 9 8 13 0 
242241 1483 1126 343 8 1195 299 7 596 2654 22 4 12 10 0 
242296 1382 1173 320 8 1219 308 9 574 2670 12 9 10 10 0 
242218 1426 1128 322 4 1194 326 3 589 2745 14 10 8 13 0 
242177 1428 1108 331 9 1261 360 7 574 2688 21 4 16 16 0 
242173 1441 1121 346 5 1179 352 6 632 2689 21 9 11 15 0 
242117 1450 1091 353 2 1250 322 5 659 2712 18 4 5 12 0 
241911 1508 1249 380 9 1219 317 4 621 2730 20 6 13 13 0 
242139 1436 1215 347 4 1185 345 6 573 2705 18 13 7 7 0 
242313 1432 1206 363 9 1152 297 7 593 2578 22 11 9 8 0 
242103 1504 1221 359 5 1250 294 8 565 2643 16 5 12 15 0 
242342 1439 1119 349 5 1170 346 6 549 2636 17 6 6 10 0 
242301 1405 1141 361 4 1212 335 5 601 2589 19 7 6 14 0 
242095 1461 1209 358 8 1237 330 7 592 2652 17 4 11 19 0 
242173 1507 1154 408 4 1188 302 4 609 2604 13 6 13 15 0 
242199 1482 1171 322 7 1173 333 12 628 2633 12 5 14 9 0 
242267 1468 1154 337 5 1202 333 8 598 2588 17 3 9 11 0 
242080 1423 1228 360 3 1234 327 6 576 2719 17 8 14 5 0 
242177 1459 1189 338 5 1198 349 5 599 2645 13 4 11 8 0 
242148 1534 1131 360 6 1202 313 12 602 2636 18 12 15 11 0 
242157 1427 1186 375 10 1215 344 5 575 2660 22 4 10 10 0 
242136 1519 1192 351 5 1213 323 4 581 2631 19 2 12 12 0 
241966 1519 1188 326 4 1207 336 7 623 2763 20 5 20 16 0 
242072 1449 1173 338 6 1248 333 6 606 2731 10 5 8 15 0 
242148 1408 1212 345 9 1238 297 7 591 2695 16 4 11 19 0 
242273 1454 1187 377 4 1205 296 5 536 2616 22 6 9 10 0 
242107 1459 1196 353 5 1226 313 9 629 2657 13 6 12 15 0 
242129 1449 1173 372 5 1239 316 4 600 2660 13 10 15 15 0 
242337 1393 1158 355 6 1223 343 3 547 2588 12 7 16 12 0 
242243 1496 1215 345 5 1213 299 7 560 2575 18 8 5 11 0 
242213 1411 1232 369 2 1178 303 12 582 2645 19 8 16 10 0 
242237 1451 1167 330 2 1205 353 11 616 2579 16 5 11 16 1 
242110 1467 1178 378 5 1241 293 6 605 2682 14 3 12 6 0 
242239 1429 1161 387 7 1206 336 7 556 2629 14 9 9 11 0 
242150 1425 1211 344 9 1224 313 8 629 2630 18 8 11 20 0 
242106 1418 1232 331 5 1202 343 8 579 2718 24 8 13 13 0 
242237 1438 1196 354 8 1208 303 7 589 2601 21 7 21 10 0 
242231 1389 1202 364 8 1142 311 6 561 2743 9 2 15 17 0 
242154 1460 1240 358 2 1264 291 5 562 2622 16 6 9 11 0 
242313 1390 1114 339 10 1199 310 8 655 2625 17 6 6 8 0 
242180 1479 1178 338 7 1165 337 6 560 2710 13 4 16 7 0 
242282 1409 1197 355 6 1215 292 6 572 2623 12 6 14 11 0 
242051 1449 1163 376 5 1247 329 7 619 2702 22 5 11 14 0 
242135 1467 1196 343 6 1179 329 12 590 2699 20 8 7 9 0 
242285 1412 1195 328 6 1184 299 2 548 2696 18 2 15 10 0 
242091 1451 1250 374 10 1195 306 5 649 2624 17 3 10 15 0 
242212 1486 1166 374 3 1236 320 4 554 2589 18 7 15 16 0 
242302 1376 1124 356 11 1172 295 9 603 2702 17 8 12 13 0 
242302 1460 1188 359 5 1183 276 7 589 2576 21 12 10 12 0 
242107 1451 1210 378 12 1209 318 10 598 2662 10 8 12 15 0 
242267 1347 1153 370 11 1283 311 4 576 2624 20 6 9 19 0 
242316 1422 1146 359 5 1223 291 5 570 2612 15 9 9 18 0 
242094 1458 1198 357 10 1229 313 3 628 2656 18 6 13 17 0 
242111 1447 1220 327 8 1226 319 6 598 2683 17 9 10 19 0 
242103 1485 1206 361 8 1238 292 11 617 2632 23 3 10 11 0 
242338 1398 1115 376 8 1160 310 5 581 2657 18 9 11 14 0 
242197 1459 1222 320 3 1212 345 10 580 2609 14 10 10 9 0 
242219 1447 1185 354 5 1231 353 6 558 2592 12 10 17 11 0 
242117 1497 1182 344 10 1210 322 10 619 2641 15 11 9 13 0 
242097 1414 1240 378 10 1180 325 4 599 2691 20 7 16 19 0 
242077 1547 1197 354 4 1228 285 8 610 2663 8 6 8 5 0 
242116 1371 1156 344 6 1280 306 7 594 2775 17 4 14 10 0 
242191 1414 1208 351 5 1227 334 6 599 2610 16 9 14 16 0 
242254 1465 1176 347 6 1174 325 6 589 2609 15 5 22 7 0 
242214 1425 1220 334 11 1220 311 7 540 2683 14 5 8 8 0 
242272 1444 1151 336 8 1218 324 4 572 2618 23 7 11 12 0 
242148 1443 1243 384 9 1200 343 7 601 2591 6 4 12 9 0 
242184 1429 1160 366 5 1253 331 8 570 2648 11 7 13 15 0 
242275 1470 1145 360 3 1179 329 6 587 2602 17 2 18 7 0 
242232 1382 1219 367 12 1168 322 9 613 2634 17 4 9 12 0 
242070 1448 1198 355 4 1227 352 7 577 2701 20 17 8 16 0 
242120 1464 1189 373 7 1191 329 4 584 2700 13 5 9 12 0 
242374 1342 1137 331 6 1201 341 5 582 2630 20 7 9 15 0 
242217 1465 1145 356 4 1170 342 5 564 2697 12 5 8 10 0 
242183 1428 1159 336 8 1189 314 10 599 2722 23 6 10 13 0 
242228 1428 1170 360 4 1237 333 6 607 2591 16 4 8 8 0 
241960 1517 1221 401 4 1220 323 4 624 2687 9 6 5 19 0 
242250 1480 1100 379 4 1217 311 6 573 2621 25 6 14 14 0 
242222 1404 1182 350 5 1263 317 13 613 2591 12 9 11 7 1 
242200 1390 1140 380 6 1221 324 10 607 2676 15 5 13 13 0 
242174 1405 1186 341 8 1240 336 8 601 2640 15 8 15 23 0 
242150 1466 1207 342 8 1161 339 6 615 2663 16 8 8 11 0 
242257 1378 1149 355 7 1174 341 5 567 2732 12 5 10 8 0 
242145 1442 1203 391 6 1251 310 7 545 2636 23 6 16 19 0 
242147 1480 1151 358 6 1240 333 3 597 2633 18 10 14 10 0 
242314 1370 1147 339 3 1197 296 7 603 2680 13 10 12 9 0 
242340 1457 1138 375 6 1222 310 4 566 2538 18 7 7 12 0 
242135 1388 1172 391 7 1262 329 4 562 2693 17 7 18 15 0 
242164 1509 1202 346 12 1178 330 11 586 2625 14 1 11 11 0 
242174 1448 1182 342 6 1189 308 7 606 2687 20 7 13 11 0 
242274 1477 1134 369 8 1171 322 7 630 2559 17 6 14 12 0 
242369 1392 1160 345 7 1149 320 9 610 2581 19 7 16 16 0 
242230 1407 1200 361 9 1185 313 7 603 2632 16 10 10 17 0 
242324 1416 1111 384 5 1197 315 3 554 2641 15 7 11 17 0 
242211 1449 1191 371 6 1173 339 10 609 2584 24 8 14 11 0 
242088 1519 1193 340 6 1153 297 5 609 2744 15 10 11 10 0 
242286 1425 1128 336 10 1254 316 6 563 2640 14 6 8 8 0 
242325 1424 1235 334 5 1146 288 13 555 2628 23 5 7 12 0 
242420 1413 1111 366 5 1203 304 5 527 2596 15 9 16 10 0 
242093 1479 1167 350 5 1245 332 7 605 2672 29 3 6 7 0 
242197 1456 1216 342 2 1163 303 4 596 2673 14 9 16 9 0 
242075 1543 1185 340 9 1229 341 11 595 2624 17 5 8 18 0 
242229 1384 1211 335 8 1187 338 6 596 2659 14 6 14 13 0 
242332 1421 1153 381 5 1228 294 8 573 2556 15 9 6 19 0 
242219 1426 1240 315 4 1174 325 4 590 2661 10 10 10 12 0 
242215 1442 1144 337 4 1186 334 12 606 2675 14 6 15 10 0 
242305 1418 1135 344 6 1163 344 4 591 2629 23 8 13 17 0 
242158 1439 1194 317 6 1226 312 8 578 2702 17 11 12 19 1 
242286 1417 1161 351 6 1154 329 5 628 2617 19 5 13 9 0 
242236 1411 1160 349 13 1241 330 6 553 2647 16 6 18 14 0 
242160 1488 1198 329 9 1204 313 10 601 2647 13 7 7 14 0 
242156 1492 1242 348 8 1157 367 9 563 2613 18 3 12 12 0 
242099 1424 1210 350 5 1212 340 7 611 2695 20 5 8 14 0 
242135 1460 1142 373 9 1254 319 9 612 2635 18 9 15 10 0 
242205 1359 1131 343 10 1244 345 7 582 2723 13 8 13 17 0 
242180 1434 1187 378 9 1194 310 8 628 2623 25 7 9 8 0 
242201 1414 1188 353 2 1219 333 2 555 2695 11 6 8 13 0 
242241 1411 1197 329 4 1227 338 9 599 2593 19 6 11 16 0 
242192 1445 1146 360 5 1263 306 6 572 2662 15 9 8 11 0 
242253 1450 1221 329 6 1175 324 8 573 2611 11 14 12 13 0 
242271 1509 1167 356 6 1160 290 6 610 2579 12 7 13 14 0 
242122 1468 1153 361 14 1215 297 4 584 2734 17 2 9 20 0 
242184 1459 1172 355 7 1194 322 15 535 2710 14 7 10 16 0 
242393 1365 1135 316 6 1169 339 3 624 2595 16 9 18 12 0 
242107 1476 1200 369 2 1201 308 6 632 2665 12 8 5 9 0 
242206 1459 1172 336 4 1209 269 3 625 2668 19 9 11 10 0 
241989 1480 1197 379 6 1234 322 7 612 2726 8 4 18 18 0 
242253 1473 1106 332 4 1257 314 5 554 2667 12 4 11 8 0 
242063 1439 1193 343 8 1207 358 3 661 2679 20 5 8 13 0 
242306 1423 1147 350 6 1223 304 8 582 2604 20 9 12 6 0 
242101 1493 1169 349 6 1210 345 5 636 2629 23 5 8 21 0 
242199 1453 1179 355 6 1229 319 10 594 2619 11 8 5 13 0 
242147 1409 1148 356 9 1246 348 6 550 2729 15 9 10 18 0 
242203 1435 1216 334 5 1163 308 6 578 2708 18 3 12 11 0 
242330 1348 1154 332 3 1234 323 7 593 2630 15 11 10 10 0 
242006 1493 1200 310 6 1272 337 4 632 2690 18 9 11 12 0 
242339 1440 1150 351 7 1220 291 4 545 2607 15 4 18 9 0 
242145 1442 1244 326 2 1217 335 9 613 2613 12 11 18 13 0 
242202 1475 1175 354 10 1222 318 8 570 2632 8 7 10 9 0 
242292 1460 1169 324 4 1148 315 7 564 2672 21 8 7 9 0 
242105 1440 1165 364 6 1255 343 2 601 2675 14 5 14 11 0 
242173 1430 1229 322 6 1234 349 8 585 2620 17 8 11 8 0 
242223 1478 1180 328 5 1204 317 5 597 2610 20 8 8 17 0 
242109 1461 1203 337 7 1246 330 6 609 2655 13 7 7 10 0 
242089 1417 1186 352 7 1233 353 5 627 2679 21 8 8 15 0 
242107 1466 1206 341 9 1215 316 10 602 2670 22 10 13 13 0 
242179 1469 1118 347 8 1226 315 6 600 2694 16 5 8 9 0 
242134 1461 1176 360 8 1199 326 8 615 2680 13 3 5 11 1 
242332 1373 1185 314 9 1228 313 7 530 2668 17 3 10 11 0 
242153 1439 1207 342 6 1226 323 3 586 2662 18 9 15 11 0 
242142 1418 1149 356 6 1253 376 4 599 2655 14 8 10 10 0 
242245 1428 1146 352 10 1232 319 8 610 2600 15 5 16 14 0 
242029 1483 1246 399 7 1176 316 7 587 2711 10 6 14 9 0 
242152 1416 1124 338 8 1287 362 11 595 2652 25 6 14 10 0 
242048 1470 1181 361 11 1216 341 5 607 2717 18 5 14 6 0 
242268 1455 1144 376 4 1231 297 6 542 2629 17 9 11 11 0 
242197 1429 1107 334 5 1206 356 7 589 2713 26 10 8 13 0 
242033 1497 1211 326 3 1218 320 5 617 2722 16 7 10 15 0 
242255 1394 1203 321 6 1209 339 11 590 2617 14 6 17 18 0 
242310 1452 1150 356 8 1161 326 9 563 2626 12 7 13 6 1 
242191 1423 1196 366 7 1167 324 8 592 2672 16 4 17 17 0 
242306 1374 1183 365 5 1162 312 7 598 2649 12 10 9 8 0 
242198 1427 1154 364 3 1184 345 7 586 2684 23 9 9 7 0 
241961 1401 1198 372 6 1269 373 8 610 2757 14 3 18 10 0 
242162 1459 1143 338 3 1228 329 2 620 2669 12 9 13 13 0 
242164 1391 1170 355 12 1250 335 4 639 2626 26 5 15 8 0 
242274 1451 1118 369 6 1154 326 7 588 2667 12 7 8 13 0 
242234 1432 1192 351 7 1169 309 7 612 2644 19 4 10 10 0 
242219 1430 1161 344 9 1199 316 2 608 2671 18 6 12 5 0 
242302 1458 1217 329 8 1181 323 7 558 2579 13 4 13 8 0 
242171 1367 1181 364 5 1268 334 11 618 2638 17 3 11 12 0 
242127 1469 1196 356 6 1192 342 8 585 2674 15 10 12 8 0 
242266 1374 1160 374 3 1213 336 4 558 2680 14 4 9 5 0 
242270 1403 1143 376 5 1192 309 5 574 2681 11 9 7 15 0 
242093 1500 1181 348 10 1168 354 6 564 2728 11 8 16 13 0 
242187 1427 1234 340 10 1234 322 9 579 2600 16 8 18 16 0 
242100 1467 1228 330 6 1244 334 10 601 2634 19 5 10 12 0 
242135 1413 1208 366 7 1234 325 9 561 2690 15 9 12 16 0 
242036 1385 1189 383 8 1237 349 7 629 2723 25 12 11 6 0 
242194 1425 1151 388 8 1197 334 4 584 2671 17 6 10 11 0 
242083 1437 1167 382 1 1243 303 6 579 2757 15 8 6 13 0 
242172 1452 1130 339 7 1253 306 9 614 2672 17 5 12 12 0 
242124 1461 1229 347 8 1239 315 2 586 2659 13 3 9 5 0 
242262 1361 1176 322 6 1234 309 5 588 2684 17 7 16 12 1 
242092 1538 1225 365 8 1152 302 4 589 2682 21 5 8 9 0 
242148 1468 1190 372 7 1251 322 5 601 2582 28 9 10 7 0 
242179 1448 1180 351 6 1194 307 9 591 2687 12 6 18 12 0 
242133 1460 1222 361 5 1222 326 9 595 2623 18 3 13 10 0 
242182 1339 1236 377 10 1199 312 7 607 2686 13 8 15 9 0 
242291 1403 1135 350 9 1187 326 4 612 2634 14 8 15 12 0 
242068 1480 1153 394 12 1267 318 2 661 2604 14 5 12 10 0 
242243 1453 1130 371 7 1155 355 6 616 2613 14 10 11 16 0 
242252 1370 1182 358 3 1198 312 2 615 2660 23 4 9 12 0 
242257 1434 1162 370 4 1241 298 6 573 2615 15 3 8 14 0 
242095 1410 1232 377 7 1237 340 1 602 2646 17 7 16 13 0 
242185 1458 1189 335 6 1262 330 4 558 2631 17 6 11 8 0 
242211 1402 1172 355 5 1210 313 8 617 2662 18 8 11 8 0 
242237 1474 1195 349 4 1156 312 6 589 2635 24 3 8 8 0 
242128 1462 1166 352 7 1231 308 9 618 2670 19 7 15 8 0 
242290 1396 1148 348 3 1241 296 11 608 2605 19 11 10 14 0 
242084 1504 1188 338 10 1288 298 3 569 2672 17 5 13 11 0 
242196 1427 1176 375 11 1177 313 6 597 2680 10 9 11 12 0 
242341 1343 1173 328 4 1225 329 3 620 2567 19 10 22 16 0 
242055 1405 1186 361 9 1218 313 8 603 2796 17 7 8 14 0 
242295 1393 1181 356 6 1191 373 4 580 2585 13 2 8 13 0 
242165 1450 1136 345 8 1194 352 4 602 2698 16 4 14 12 0 
242175 1365 1220 335 5 1224 288 7 615 2728 10 6 10 12 0 
242159 1451 1147 361 7 1283 317 5 625 2600 12 12 10 11 0 
242089 1481 1252 345 3 1228 313 6 620 2604 13 7 24 15 0 
242180 1455 1150 370 5 1207 336 5 567 2680 16 4 12 13 0 
242228 1371 1189 336 4 1250 336 3 587 2651 11 8 17 9 0 
242105 1368 1143 330 9 1251 349 7 645 2745 16 7 14 11 0 
242222 1478 1162 345 2 1203 310 5 621 2608 13 6 14 11 0 
242145 1458 1142 381 6 1183 320 4 616 2685 22 7 15 16 0 
242195 1425 1192 332 9 1235 299 3 589 2665 21 7 11 17 0 
242108 1438 1242 338 9 1238 340 7 606 2629 10 9 11 15 0 
242171 1442 1138 366 12 1186 315 4 597 2715 19 8 10 17 0 
242308 1474 1153 326 4 1218 340 7 653 2478 13 7 10 9 0 
242349 1389 1162 336 2 1151 309 4 568 2677 16 7 13 17 0 
242152 1472 1098 343 7 1215 325 12 609 2724 14 5 9 15 0 
242150 1375 1233 349 6 1219 301 9 602 2718 12 2 15 9 0 
242161 1454 1195 326 6 1207 317 7 549 2729 19 7 10 13 0 
242191 1441 1144 387 8 1220 331 7 574 2644 25 6 13 9 0 
242108 1424 1183 384 11 1231 283 4 574 2744 21 7 12 13 1 
