241742 1784 1205 430 16 1304 352 9 531 2580 21 9 12 5 0 
241692 1819 1174 420 9 1273 322 13 493 2724 23 5 12 21 0 
241756 1843 1172 400 7 1275 347 5 509 2635 20 7 11 13 0 
241509 1902 1193 437 9 1371 329 5 501 2692 15 9 11 16 1 
241810 1849 1176 440 11 1234 347 8 478 2600 19 8 8 12 0 
241666 1787 1180 472 4 1354 329 9 505 2646 16 2 17 13 0 
241708 1924 1157 455 10 1273 304 7 475 2628 21 12 10 16 0 
241615 1906 1245 462 7 1317 318 10 514 2552 13 7 18 16 0 
241631 1868 1203 472 10 1305 327 10 534 2603 14 3 9 11 0 
241512 1921 1175 461 4 1310 320 9 468 2765 18 6 16 14 1 
241569 1907 1189 484 14 1337 348 7 487 2602 19 11 11 15 0 
241783 1792 1154 452 7 1311 290 7 499 2649 21 6 12 17 0 
241874 1827 1153 447 9 1246 312 13 488 2577 20 9 13 12 0 
241744 1800 1174 412 7 1316 323 9 509 2653 18 3 14 18 0 
241707 1852 1132 438 8 1247 314 7 527 2716 25 8 7 12 0 
241765 1840 1145 431 7 1223 324 7 509 2707 13 3 10 16 0 
241737 1820 1162 459 5 1303 299 8 490 2679 13 5 10 10 0 
241671 1844 1156 439 6 1245 336 2 535 2711 19 9 12 15 0 
241690 1875 1217 426 7 1283 305 4 491 2647 28 7 7 13 0 
241485 1884 1198 456 14 1310 338 8 588 2660 18 16 12 13 0 
241765 1828 1245 427 13 1273 321 6 513 2551 22 5 20 11 0 
241698 1886 1135 461 6 1276 303 8 519 2653 21 5 12 16 1 
241661 1864 1165 429 3 1352 376 12 504 2583 22 6 15 8 0 
241742 1887 1170 422 12 1310 323 10 490 2580 13 6 17 17 1 
241653 1844 1149 461 9 1258 330 7 480 2745 27 5 11 21 0 
241660 1850 1193 454 9 1321 329 14 504 2621 21 6 8 10 0 
241754 1819 1219 378 2 1312 340 6 515 2614 19 4 9 9 0 
241597 1845 1208 452 15 1292 355 8 510 2648 29 10 17 14 0 
241462 1906 1180 451 7 1346 342 4 548 2689 30 6 15 14 0 
241658 1826 1202 433 12 1332 326 11 545 2597 14 7 17 20 0 
241597 1805 1199 452 5 1340 349 11 498 2693 18 7 13 13 0 
241665 1866 1215 399 7 1299 310 7 481 2687 28 9 15 12 0 
241843 1704 1203 445 8 1279 302 5 465 2692 29 6 8 11 0 
241695 1805 1182 428 13 1298 345 19 513 2651 21 5 8 17 0 
241710 1849 1214 466 13 1276 335 10 443 2627 25 8 13 11 0 
241656 1799 1198 457 10 1337 318 11 474 2684 24 6 11 15 0 
241503 1833 1227 480 6 1320 341 9 546 2671 27 5 11 21 0 
241651 1867 1163 476 8 1278 306 7 508 2676 21 6 5 28 0 
241627 1822 1144 451 8 1340 324 10 518 2696 20 9 21 10 0 
241707 1813 1226 434 8 1259 352 5 481 2668 19 7 13 8 0 
241713 1849 1169 417 16 1306 325 10 504 2631 25 6 12 17 0 
241583 1844 1196 443 11 1306 339 13 501 2713 19 8 6 18 0 
241737 1829 1193 436 9 1201 300 10 510 2729 16 6 4 20 0 
241708 1942 1154 435 12 1289 320 10 486 2594 17 6 13 14 0 
241572 1823 1200 465 5 1280 368 8 517 2702 20 8 15 17 0 
241632 1970 1138 439 10 1249 334 8 446 2720 24 5 10 15 0 
241843 1826 1132 410 8 1287 308 4 522 2606 22 6 12 14 0 
241705 1898 1189 433 4 1263 310 4 493 2658 15 9 6 13 0 
241785 1830 1219 439 9 1299 323 6 453 2580 26 10 7 14 0 
241712 1845 1162 459 8 1264 319 5 480 2693 19 5 12 17 0 
241830 1796 1179 410 7 1285 320 15 497 2616 18 6 6 15 0 
241614 1826 1208 489 8 1292 323 4 487 2704 15 9 10 11 0 
241662 1863 1177 425 10 1256 320 4 515 2715 23 6 7 17 0 
241521 1887 1215 450 14 1327 360 9 509 2654 23 4 13 14 0 
241728 1847 1221 417 8 1248 318 6 513 2637 21 9 12 14 1 
241612 1905 1220 437 9 1275 341 9 533 2595 32 5 8 19 0 
241640 1849 1166 442 10 1296 345 10 533 2653 22 3 15 16 0 
241741 1868 1207 421 8 1222 302 10 547 2615 34 3 12 10 0 
241749 1780 1166 468 8 1264 327 6 473 2689 20 12 22 16 0 
241810 1760 1146 426 8 1337 315 7 500 2644 17 4 14 12 0 
241712 1882 1171 438 9 1288 328 19 528 2566 19 8 19 13 0 
241728 1859 1234 426 10 1262 324 7 504 2600 14 10 7 15 0 
241685 1854 1231 463 12 1295 301 7 538 2544 23 8 20 19 0 
241683 1867 1186 473 5 1238 314 10 508 2659 20 8 14 15 0 
241689 1842 1140 490 6 1284 335 8 494 2665 10 8 12 17 0 
241710 1817 1148 420 12 1302 322 8 496 2705 25 7 13 15 0 
241497 1900 1199 461 6 1268 337 7 512 2763 16 3 16 15 0 
241527 1921 1219 437 9 1302 323 6 498 2711 14 13 7 13 0 
241752 1850 1168 419 14 1277 368 4 527 2577 19 7 7 11 0 
241567 1838 1238 431 10 1312 340 5 526 2675 15 14 11 18 0 
241652 1862 1224 420 5 1320 303 9 518 2635 13 7 16 16 0 
241798 1843 1132 467 6 1231 293 12 516 2658 17 4 9 14 0 
241583 1930 1187 459 11 1287 303 10 530 2650 24 3 11 12 0 
241630 1858 1159 468 12 1300 335 5 536 2646 16 7 15 12 1 
241657 1822 1147 436 13 1278 342 13 523 2699 22 5 20 23 0 
241685 1879 1126 475 5 1308 297 11 550 2605 22 7 13 17 0 
241621 1892 1163 462 9 1301 292 13 477 2720 26 5 8 11 0 
241553 1932 1208 436 17 1265 312 14 495 2722 24 3 7 12 0 
241687 1856 1175 443 12 1263 282 3 548 2676 19 7 9 20 0 
241674 1805 1223 414 9 1324 311 7 485 2708 18 6 9 7 0 
241819 1826 1197 439 10 1296 281 7 536 2538 14 8 6 23 0 
241800 1776 1168 456 16 1291 309 10 515 2602 19 6 11 21 0 
241665 1868 1126 453 14 1239 376 13 507 2676 16 9 15 23 0 
241510 1842 1165 448 11 1347 335 11 536 2737 17 11 14 16 0 
241741 1860 1181 418 4 1254 329 2 515 2650 20 3 7 16 0 
241616 1871 1213 440 8 1295 310 12 521 2649 28 3 17 16 1 
241527 1916 1212 476 5 1324 323 8 522 2644 22 1 6 14 0 
241559 1961 1179 428 8 1352 304 6 512 2626 26 8 13 18 0 
241558 1905 1201 458 9 1295 317 10 484 2713 18 5 9 18 0 
241792 1830 1176 434 12 1261 301 4 488 2644 18 12 13 15 0 
241739 1893 1145 430 7 1308 301 6 483 2630 25 5 13 15 0 
241621 1891 1161 438 12 1354 308 9 516 2639 21 8 13 9 0 
241719 1910 1228 370 7 1218 351 7 492 2655 14 2 12 15 0 
241647 1899 1161 461 7 1242 328 10 507 2690 13 8 16 11 0 
241624 1877 1125 426 12 1336 321 11 515 2691 27 7 18 10 0 
241712 1862 1146 450 5 1277 355 13 526 2599 22 4 14 15 0 
241694 1820 1156 469 12 1327 299 7 497 2661 19 10 15 14 0 
241815 1862 1162 457 9 1267 295 10 479 2599 16 6 15 8 0 
241747 1874 1160 433 8 1227 317 11 503 2663 17 12 19 9 0 
241590 1853 1195 484 7 1301 319 7 554 2649 11 5 14 11 0 
241808 1804 1110 434 5 1305 306 10 539 2624 17 5 13 20 0 
241613 1884 1155 443 6 1294 301 10 567 2674 21 9 14 9 0 
241802 1872 1158 460 7 1257 318 12 524 2544 21 2 14 9 0 
241703 1826 1181 420 10 1346 326 14 529 2587 25 7 12 14 0 
241668 1856 1205 433 7 1299 323 11 534 2610 19 11 13 11 0 
241645 1844 1186 479 5 1332 324 8 492 2642 16 3 7 17 0 
241732 1744 1185 459 9 1249 341 8 516 2688 29 7 16 17 0 
241536 1900 1239 438 8 1327 310 13 488 2699 16 5 9 12 0 
241765 1824 1130 468 7 1251 333 11 491 2671 17 8 11 13 0 
241621 1866 1125 481 12 1313 317 7 540 2658 21 14 11 14 0 
241539 1871 1173 473 14 1319 333 14 518 2689 22 9 12 14 0 
241692 1849 1223 415 8 1240 310 6 493 2699 23 8 16 18 0 
241603 1802 1239 447 8 1290 322 9 527 2701 15 8 14 15 0 
241814 1791 1146 425 10 1306 327 9 519 2610 14 4 9 16 0 
241612 1926 1228 416 6 1277 338 11 506 2605 22 12 18 23 0 
241680 1859 1122 475 7 1292 298 11 522 2677 18 7 17 15 0 
241682 1935 1144 411 8 1248 342 9 514 2662 14 7 12 12 0 
241765 1857 1117 447 6 1238 329 9 479 2702 21 7 10 13 0 
241848 1767 1188 438 7 1290 324 17 494 2574 22 6 15 10 0 
241670 1828 1192 419 13 1270 310 10 518 2707 27 8 11 17 0 
241656 1828 1170 423 9 1332 330 7 494 2700 26 8 6 11 0 
241530 1890 1216 468 7 1315 326 9 470 2704 22 9 14 20 0 
241682 1899 1192 440 10 1225 311 7 511 2683 18 3 11 8 0 
241720 1824 1191 430 10 1315 339 13 504 2605 16 5 9 19 0 
241710 1816 1187 445 8 1260 329 9 481 2696 31 5 13 10 0 
241692 1855 1183 503 10 1254 290 10 482 2676 17 10 12 6 0 
241720 1842 1154 440 5 1325 314 7 502 2645 17 7 8 14 0 
241679 1872 1219 472 4 1281 324 6 485 2609 19 7 9 14 0 
241726 1848 1140 461 9 1285 345 8 508 2632 13 3 11 11 0 
241745 1829 1193 408 3 1307 304 15 461 2687 18 4 11 15 0 
241616 1838 1177 451 13 1306 315 10 587 2642 17 6 11 11 0 
241689 1829 1151 477 6 1303 337 12 482 2652 25 5 20 12 0 
241957 1884 1081 425 11 1260 313 10 449 2558 21 5 12 14 0 
241658 1839 1264 444 9 1315 311 12 455 2652 15 6 4 16 0 
241672 1927 1178 431 12 1274 316 5 519 2607 19 12 10 18 0 
241690 1840 1197 460 11 1336 333 11 477 2591 21 5 10 18 0 
241702 1945 1190 443 3 1275 299 9 496 2590 16 8 15 9 0 
241630 1850 1162 439 7 1275 346 11 520 2705 30 4 12 9 0 
241870 1799 1170 425 10 1285 326 9 504 2559 18 3 8 14 0 
241705 1845 1221 428 11 1317 318 14 498 2583 21 4 15 20 0 
241674 1875 1193 468 8 1258 342 7 545 2581 16 4 9 20 0 
241755 1795 1173 453 6 1197 320 15 470 2763 25 7 10 11 0 
241553 1878 1180 484 6 1359 311 8 540 2621 24 7 14 15 0 
241679 1852 1172 471 9 1290 337 13 482 2649 15 10 8 13 0 
241587 1940 1131 451 17 1253 321 13 518 2711 27 5 11 15 0 
241502 1869 1221 451 9 1282 331 9 526 2749 15 2 12 21 1 
241777 1819 1161 424 6 1304 350 8 464 2631 19 11 14 12 0 
241714 1802 1194 425 14 1304 332 7 524 2631 14 8 10 21 0 
241611 1851 1161 418 5 1349 333 11 497 2705 23 10 12 14 0 
241851 1797 1130 438 7 1273 305 10 529 2604 21 5 17 13 0 
241835 1810 1190 435 13 1187 336 10 499 2631 27 6 10 11 0 
241621 1897 1229 437 7 1301 333 7 510 2596 21 10 17 14 0 
241641 1811 1195 445 10 1296 319 8 522 2707 16 6 10 14 0 
241795 1825 1137 461 8 1314 289 11 494 2608 19 5 16 18 0 
241706 1813 1198 472 8 1261 327 5 511 2636 28 7 11 17 0 
241657 1873 1151 434 6 1306 310 3 524 2682 22 10 9 12 1 
241642 1815 1199 460 11 1302 335 11 502 2676 16 4 10 17 0 
241643 1889 1146 442 10 1303 354 7 526 2624 29 5 7 15 0 
241669 1814 1154 492 13 1324 330 17 468 2670 22 4 6 17 0 
241640 1878 1171 440 12 1285 321 6 471 2703 26 15 15 17 0 
241678 1832 1163 448 7 1311 344 16 500 2654 14 9 12 12 0 
241655 1840 1203 449 10 1330 338 8 486 2622 22 8 11 18 0 
241786 1798 1170 403 8 1292 327 7 541 2614 21 8 14 11 0 
241680 1830 1154 439 12 1291 325 8 524 2694 11 5 14 13 0 
241621 1860 1191 459 8 1337 324 14 488 2644 25 7 9 13 0 
241638 1872 1164 457 15 1328 333 11 479 2653 22 7 11 10 0 
241698 1823 1190 425 6 1334 322 10 542 2603 17 3 11 16 0 
241786 1882 1128 459 5 1272 323 5 484 2605 19 5 8 19 0 
241774 1831 1138 457 8 1296 337 10 492 2607 17 5 14 14 0 
241583 1900 1154 468 5 1311 299 14 514 2690 18 7 17 20 0 
241846 1821 1190 430 8 1217 318 12 480 2637 15 5 12 8 1 
241597 1884 1259 447 10 1309 345 5 513 2584 15 8 10 14 0 
241681 1891 1214 431 6 1291 325 10 490 2615 19 4 7 16 0 
241676 1798 1171 429 11 1267 331 11 473 2769 21 14 13 16 0 
241711 1905 1122 437 7 1251 321 9 521 2672 17 7 14 6 0 
241652 1780 1193 463 9 1287 326 15 498 2725 22 10 10 10 0 
241708 1822 1190 425 12 1291 327 12 483 2678 20 8 12 12 0 
241622 1851 1191 459 10 1251 329 7 536 2678 26 3 12 25 0 
241569 1921 1197 468 13 1295 337 6 469 2678 14 6 16 11 0 
241629 1819 1154 483 5 1299 334 10 580 2632 29 7 8 11 0 
241759 1825 1183 459 9 1304 313 11 481 2602 15 10 14 15 0 
241748 1751 1193 467 9 1282 290 8 502 2686 24 6 17 17 0 
241508 1917 1215 446 8 1306 324 10 511 2706 20 5 10 14 0 
241722 1829 1183 457 10 1232 322 15 518 2670 12 6 12 12 0 
241803 1820 1125 469 7 1289 324 8 510 2589 22 3 16 15 0 
241749 1866 1172 422 15 1288 321 10 530 2575 21 8 13 10 0 
241764 1944 1130 427 7 1264 312 13 489 2592 16 9 13 20 0 
241687 1852 1158 427 11 1300 330 12 490 2668 24 11 14 16 0 
241686 1889 1195 432 10 1327 346 12 470 2571 16 11 14 21 0 
241688 1834 1184 477 10 1264 328 14 486 2653 18 7 19 18 0 
241658 1880 1165 436 8 1309 331 12 535 2608 24 5 15 14 0 
241718 1882 1172 451 13 1301 320 10 489 2602 11 8 10 13 0 
241660 1831 1197 443 11 1313 330 8 525 2629 25 4 7 17 0 
241663 1875 1161 453 11 1279 318 6 480 2707 18 6 13 10 0 
241713 1839 1147 467 5 1290 299 7 528 2660 12 4 13 16 0 
241780 1818 1131 463 17 1319 311 8 492 2608 25 6 11 11 0 
241747 1860 1149 426 7 1316 315 12 503 2619 15 7 10 14 0 
241823 1849 1186 426 5 1229 297 10 507 2631 18 4 8 7 0 
241732 1898 1172 401 9 1284 343 12 515 2576 15 10 9 23 1 
241540 1837 1221 435 9 1286 349 10 544 2728 16 5 12 8 0 
241626 1886 1179 453 10 1298 283 13 534 2665 14 8 9 22 0 
241772 1824 1122 441 9 1295 344 10 495 2640 13 9 11 15 0 
241709 1854 1125 479 14 1270 311 8 493 2680 22 2 16 17 0 
241587 1815 1211 460 9 1328 333 11 508 2682 23 2 14 17 0 
241822 1793 1181 435 11 1249 304 8 460 2685 28 4 8 12 0 
241567 1889 1161 460 11 1281 379 10 507 2686 14 7 10 17 1 
241792 1829 1230 373 5 1303 348 12 499 2562 12 8 14 13 0 
241668 1837 1227 411 6 1283 286 12 518 2693 20 6 15 18 0 
241780 1845 1167 432 6 1266 321 7 501 2620 21 3 13 18 0 
241646 1833 1198 423 8 1294 344 9 505 2688 25 8 14 5 0 
241781 1809 1213 404 15 1222 312 13 500 2677 22 3 10 19 0 
241581 1794 1194 451 8 1345 333 4 501 2740 24 4 10 11 0 
241619 1845 1188 436 9 1316 339 12 510 2677 20 6 5 18 0 
241693 1826 1159 440 9 1363 300 11 511 2636 21 6 14 11 0 
241785 1840 1195 431 8 1272 321 10 488 2602 26 2 9 11 0 
241534 1884 1199 461 10 1334 349 7 503 2668 22 5 8 16 0 
241679 1893 1137 459 8 1285 355 6 472 2663 17 7 9 10 0 
241608 1935 1215 442 10 1272 304 10 505 2637 23 8 11 20 0 
241606 1766 1215 468 8 1354 331 7 517 2685 19 5 7 12 0 
241717 1844 1155 425 10 1353 317 9 494 2628 15 8 13 12 0 
241683 1878 1186 448 6 1253 335 9 498 2659 14 5 8 18 0 
241765 1819 1215 459 8 1307 309 9 442 2606 20 11 16 14 0 
241668 1850 1203 467 5 1280 303 7 499 2660 30 5 11 12 0 
241800 1851 1226 417 6 1250 312 11 516 2569 14 8 10 10 0 
241754 1856 1188 383 13 1317 304 9 518 2602 18 10 9 19 0 
241520 1903 1143 492 7 1275 340 7 516 2747 17 4 12 17 0 
241800 1867 1119 443 6 1299 326 9 527 2564 14 9 9 8 0 
241868 1804 1130 438 15 1240 332 8 466 2651 18 5 11 14 0 
241779 1799 1187 458 12 1228 308 12 548 2615 23 10 11 9 1 
241728 1872 1157 432 5 1276 339 5 525 2613 20 3 11 14 0 
241792 1793 1153 462 8 1231 290 10 515 2693 22 9 10 12 0 
241733 1793 1174 433 11 1303 314 7 534 2636 20 7 18 17 0 
241671 1855 1160 451 8 1375 318 10 497 2600 16 3 14 22 0 
241647 1906 1229 430 9 1290 312 6 451 2678 12 5 6 19 0 
241822 1815 1224 442 12 1287 318 6 469 2543 22 7 15 18 0 
241706 1746 1202 466 7 1286 315 11 543 2660 23 6 14 15 0 
241614 1823 1242 444 5 1320 333 8 559 2600 29 5 7 11 0 
241726 1859 1163 438 5 1314 332 12 499 2603 21 8 13 7 0 
241611 1847 1185 444 10 1271 319 11 507 2750 15 4 14 12 0 
241732 1836 1197 468 7 1281 334 14 484 2596 18 9 15 9 0 
241614 1877 1178 465 10 1369 319 9 475 2631 11 8 17 17 0 
241715 1857 1210 435 9 1254 339 5 528 2592 21 10 10 15 0 
241640 1922 1131 422 7 1287 326 5 547 2667 20 2 12 12 0 
241642 1842 1198 439 10 1309 332 9 512 2653 20 7 19 8 0 
241697 1960 1188 431 8 1270 324 3 509 2548 23 8 13 18 0 
241655 1874 1149 456 12 1321 330 9 493 2642 21 5 17 16 0 
241603 1850 1199 459 8 1293 319 10 543 2672 20 2 9 13 0 
241756 1843 1198 417 15 1291 346 10 478 2585 22 9 11 19 0 
241635 1878 1184 458 2 1319 328 10 516 2624 18 4 8 16 0 
241525 1873 1173 442 12 1291 355 20 494 2762 24 4 13 12 0 
241760 1827 1168 454 7 1247 333 6 490 2657 18 10 13 10 0 
241745 1857 1206 425 14 1234 360 10 474 2632 14 9 4 16 0 
241813 1883 1195 432 11 1289 277 6 511 2531 21 6 13 12 0 
241826 1798 1106 471 8 1241 353 14 503 2635 17 8 6 14 0 
241845 1860 1090 422 12 1299 346 6 520 2542 22 10 12 14 0 
241744 1821 1272 387 9 1216 307 13 498 2661 23 8 15 25 1 
241617 1842 1232 448 6 1267 284 5 546 2698 17 10 8 19 1 
241562 1809 1213 452 10 1338 337 9 519 2695 19 7 13 17 0 
241773 1755 1187 455 5 1322 329 7 502 2599 18 7 20 21 0 
241690 1828 1217 461 9 1263 350 7 537 2593 16 5 10 14 0 
241647 1867 1163 426 14 1296 317 10 507 2711 16 7 7 12 0 
241729 1770 1092 460 9 1259 358 7 517 2737 28 8 16 10 0 
241838 1834 1175 425 8 1251 311 10 472 2621 23 5 14 13 0 
241651 1842 1179 435 12 1325 311 13 461 2730 17 5 5 14 0 
241572 1854 1193 457 7 1285 360 15 494 2708 16 6 19 14 0 
241654 1868 1217 448 9 1282 307 13 506 2647 22 5 7 15 0 
241509 1965 1210 456 8 1351 308 5 515 2617 21 8 13 14 0 
241746 1786 1185 466 12 1262 324 7 475 2691 15 5 15 11 0 
241561 1923 1222 449 9 1325 308 6 516 2651 13 4 2 11 0 
241793 1856 1175 427 11 1255 287 7 519 2615 20 4 16 15 0 
241773 1876 1159 445 11 1288 338 2 517 2537 21 7 14 12 0 
241579 1874 1163 462 9 1275 326 6 526 2725 15 9 15 16 0 
241820 1787 1136 433 10 1306 326 5 509 2607 25 10 9 17 0 
241658 1855 1176 434 9 1288 315 7 501 2700 25 7 12 13 0 
241640 1838 1179 466 6 1330 316 15 513 2636 26 7 11 17 0 
241595 1916 1190 448 13 1267 358 13 488 2650 21 8 17 16 0 
241740 1815 1132 427 11 1308 351 7 506 2643 19 7 18 16 0 
241685 1841 1198 448 7 1290 296 7 535 2636 28 6 9 13 1 
241777 1766 1186 445 3 1305 312 9 467 2677 21 8 7 17 0 
241690 1846 1169 446 6 1274 328 10 499 2682 28 8 5 9 0 
242000 1754 1197 393 5 1218 308 8 504 2563 18 4 15 11 2 
241458 1886 1216 452 10 1369 354 9 539 2646 28 4 18 11 0 
241697 1813 1202 446 11 1300 303 11 483 2683 19 9 12 11 0 
241683 1893 1115 460 9 1330 314 5 503 2633 20 5 14 16 0 
241555 1854 1164 451 11 1326 332 10 524 2725 19 3 11 15 0 
241895 1805 1160 465 12 1266 314 10 486 2544 12 8 11 12 0 
241728 1913 1145 501 13 1280 286 6 492 2584 13 4 17 18 0 
241658 1845 1231 430 9 1229 368 11 485 2692 20 4 7 11 0 
241634 1883 1180 474 10 1271 341 11 505 2636 21 6 9 19 0 
241496 1849 1270 453 10 1314 320 10 529 2693 18 10 15 13 0 
241702 1784 1182 424 8 1284 351 12 534 2648 30 7 15 19 0 
241697 1814 1215 476 15 1331 303 10 475 2615 20 3 10 16 0 
241442 1886 1223 453 10 1362 322 7 531 2706 22 6 14 16 0 
241594 1866 1223 467 15 1242 318 13 529 2680 16 6 16 15 0 
241642 1852 1181 462 6 1251 358 5 520 2673 19 5 10 16 0 
241649 1847 1186 471 6 1283 329 10 472 2694 17 13 12 11 0 
241650 1850 1191 485 13 1341 318 5 471 2631 17 7 11 10 0 
241597 1873 1189 422 9 1288 362 10 506 2688 15 5 18 18 0 
241528 1879 1140 464 7 1353 327 10 506 2735 19 8 8 16 0 
241612 1868 1162 464 5 1274 321 13 486 2741 25 6 10 13 0 
241834 1783 1191 431 9 1281 309 7 505 2602 17 9 9 13 0 
241616 1852 1172 449 12 1313 347 6 472 2711 23 7 9 11 0 
241545 1857 1222 431 7 1350 342 13 488 2692 20 9 12 12 0 
241587 1883 1196 425 9 1347 314 12 488 2672 25 7 16 19 0 
241709 1855 1143 456 9 1209 320 13 510 2730 24 6 11 5 0 
241594 1907 1202 462 9 1272 317 8 513 2665 17 7 13 14 0 
241674 1881 1205 453 6 1320 312 12 472 2605 21 6 22 10 1 
241878 1759 1119 417 5 1328 324 11 486 2639 17 3 4 10 0 
241664 1923 1124 439 11 1304 302 8 531 2643 16 4 20 11 0 
241613 1896 1150 457 13 1280 342 6 497 2695 9 7 16 19 0 
241605 1816 1234 441 11 1298 354 7 497 2689 14 7 13 14 0 
241741 1850 1147 415 12 1325 327 13 507 2622 17 7 10 7 0 
241681 1830 1225 413 12 1312 342 6 555 2573 14 8 14 15 0 
241819 1839 1118 433 10 1242 327 6 492 2672 17 6 7 12 0 
241511 1903 1225 466 9 1307 338 12 505 2662 22 7 16 17 0 
241598 1876 1186 428 12 1304 361 11 467 2706 20 5 12 14 0 
241625 1875 1185 440 7 1323 337 12 527 2627 16 3 12 10 1 
241739 1905 1144 441 5 1316 319 6 560 2522 20 4 6 13 0 
241730 1796 1138 468 11 1297 341 7 522 2634 20 6 17 13 0 
241755 1867 1157 399 7 1243 342 3 542 2619 20 6 20 19 1 
241704 1821 1202 469 14 1273 311 10 497 2655 17 4 11 11 1 
241688 1868 1207 442 12 1284 312 4 503 2631 18 3 14 14 0 
241575 1910 1158 444 12 1359 303 7 523 2659 18 3 14 15 0 
241741 1856 1239 410 6 1251 327 10 500 2602 23 13 11 11 0 
241792 1829 1140 465 9 1293 302 13 534 2574 16 3 11 19 0 
241773 1810 1210 416 5 1334 311 9 492 2592 16 4 9 18 1 
241593 1904 1241 477 15 1289 317 13 506 2588 27 8 8 14 0 
241735 1845 1083 433 10 1263 316 8 526 2733 19 8 13 8 0 
241713 1873 1087 464 8 1279 342 6 522 2654 22 4 13 13 0 
241653 1854 1178 426 10 1277 341 9 498 2700 18 7 13 16 0 
241881 1791 1147 446 14 1233 348 14 469 2607 24 4 9 12 1 
241747 1818 1230 430 8 1257 318 13 497 2637 18 8 9 10 0 
241907 1714 1145 432 7 1233 315 5 525 2670 14 2 14 17 0 
241669 1846 1179 427 7 1299 309 13 525 2680 16 5 10 15 0 
241568 1833 1153 454 10 1346 337 11 493 2748 20 5 13 9 0 
241679 1911 1175 433 9 1261 315 8 490 2664 22 5 11 17 0 
241631 1873 1179 459 11 1266 314 10 493 2720 15 6 9 14 0 
241719 1933 1218 467 9 1236 316 7 519 2517 16 11 17 15 0 
241680 1849 1166 414 13 1304 294 12 564 2650 23 4 13 13 1 
241674 1859 1126 449 7 1266 319 10 496 2736 25 4 16 13 0 
241694 1811 1208 464 7 1338 320 8 491 2603 20 7 14 15 0 
241730 1847 1191 442 7 1349 335 11 502 2540 22 5 8 11 0 
241675 1884 1186 452 7 1257 349 5 490 2638 15 9 12 21 0 
241509 1848 1213 457 12 1407 323 13 503 2660 22 7 10 16 0 
241642 1825 1264 463 11 1291 327 7 518 2580 25 8 23 16 0 
241793 1768 1177 429 8 1296 336 11 540 2588 28 4 12 10 0 
241648 1816 1174 454 11 1320 314 4 519 2695 11 9 9 15 1 
241678 1787 1183 482 8 1310 344 8 484 2672 14 12 13 5 0 
241724 1890 1133 478 10 1295 325 11 501 2584 21 8 13 7 0 
241689 1855 1204 439 4 1260 302 9 546 2647 20 6 5 14 0 
241704 1836 1150 445 10 1290 348 9 498 2665 15 5 16 9 0 
241696 1884 1168 439 9 1276 340 13 510 2619 20 10 8 8 0 
241644 1846 1174 460 6 1319 344 8 476 2683 15 5 9 11 0 
241648 1835 1215 430 10 1267 331 11 473 2719 23 7 15 15 1 
241604 1848 1171 471 8 1297 346 6 511 2686 28 6 8 10 0 
241657 1903 1141 461 6 1266 319 8 475 2704 21 10 20 9 0 
241817 1814 1101 465 12 1255 328 10 493 2654 21 6 10 14 0 
241747 1823 1204 452 4 1308 309 4 513 2589 17 4 16 10 0 
241822 1864 1120 459 8 1297 312 11 487 2565 24 7 12 12 0 
241647 1822 1208 474 12 1249 316 8 503 2700 24 11 9 17 0 
241808 1861 1151 421 7 1237 336 9 483 2638 16 10 6 17 0 
241621 1805 1229 435 9 1307 356 10 538 2637 21 6 11 14 1 
241768 1789 1210 439 9 1247 336 10 479 2653 27 8 12 13 0 
241755 1871 1147 463 10 1323 302 11 473 2582 25 9 13 16 0 
241680 1897 1117 441 7 1251 330 6 513 2695 24 8 13 18 0 
241597 1855 1231 455 7 1269 325 9 487 2712 22 10 6 15 0 
241706 1876 1151 457 10 1307 308 6 449 2669 24 8 12 17 0 
241600 1927 1212 427 7 1294 325 8 509 2643 17 5 7 19 0 
241602 1940 1198 453 4 1312 325 14 491 2618 17 4 11 11 0 
241828 1793 1167 429 7 1264 299 9 517 2634 19 9 12 13 0 
241743 1886 1184 441 12 1199 341 8 454 2686 19 5 7 15 0 
241574 1831 1187 420 7 1341 331 12 529 2718 16 12 12 10 0 
241591 1910 1223 427 10 1271 309 8 511 2682 21 7 15 15 0 
241457 1969 1239 467 7 1286 339 10 530 2654 12 7 13 10 0 
241685 1874 1155 475 10 1286 306 4 468 2672 28 8 14 15 0 
241598 1928 1176 452 9 1246 336 7 517 2668 23 14 10 16 0 
241655 1816 1179 445 8 1265 342 12 478 2754 12 8 12 14 0 
241625 1817 1155 438 9 1326 335 12 519 2695 31 6 17 15 0 
241703 1865 1217 460 12 1267 320 12 504 2590 17 10 9 14 0 
241802 1809 1235 395 6 1260 340 10 491 2597 20 7 14 13 1 
241656 1859 1183 466 8 1292 308 8 504 2660 19 5 16 16 0 
241622 1865 1186 428 11 1288 327 10 502 2718 18 7 7 11 0 
241716 1833 1225 450 13 1282 338 7 465 2615 19 9 15 13 0 
241544 1863 1205 400 8 1332 349 12 525 2699 26 3 14 20 0 
241606 1867 1182 432 8 1343 329 16 510 2652 26 6 12 11 0 
241761 1813 1191 447 11 1272 324 9 481 2633 27 6 8 17 0 
241777 1820 1137 440 6 1355 320 5 506 2575 24 11 11 13 0 
241886 1812 1146 446 1 1230 339 8 464 2609 24 6 13 16 0 
241710 1902 1173 425 7 1255 333 7 522 2605 23 8 12 18 0 
241699 1863 1184 445 13 1314 292 7 524 2608 14 9 8 20 0 
241768 1805 1203 428 10 1288 283 7 496 2653 26 6 9 18 0 
241552 1880 1218 425 9 1325 353 7 506 2685 20 4 7 9 0 
241769 1805 1212 410 4 1289 310 10 487 2653 21 8 4 18 0 
241596 1860 1187 423 13 1319 345 11 502 2691 19 5 16 13 0 
241665 1849 1111 485 8 1333 342 5 504 2656 16 6 9 11 0 
241539 1806 1228 468 9 1311 364 14 508 2698 22 9 14 10 0 
241674 1901 1166 455 13 1274 302 5 534 2628 22 9 8 9 0 
241778 1831 1193 410 12 1321 324 5 476 2607 15 4 11 13 0 
241610 1874 1172 465 11 1280 360 8 507 2662 18 4 19 10 0 
241679 1891 1175 424 5 1329 337 8 499 2607 15 8 12 11 0 
241510 1884 1229 459 9 1341 296 7 514 2679 25 8 15 24 0 
241706 1929 1182 406 4 1313 300 6 482 2623 16 7 12 14 0 
241699 1820 1214 443 7 1321 330 1 491 2614 29 7 12 12 0 
241708 1814 1115 419 8 1309 334 8 525 2700 19 10 12 19 0 
241663 1892 1189 415 6 1382 291 8 509 2604 16 9 9 7 0 
241653 1810 1157 447 7 1343 356 9 487 2687 24 4 7 9 0 
241692 1876 1229 445 10 1265 313 7 506 2609 15 7 12 14 0 
241678 1850 1180 453 11 1282 325 9 502 2660 22 5 11 12 0 
241663 1853 1215 445 13 1338 321 11 527 2579 12 6 8 9 0 
241836 1840 1151 426 9 1279 332 10 510 2558 21 5 12 11 0 
241555 1934 1204 428 9 1312 290 7 507 2712 20 4 8 10 0 
241639 1842 1179 433 8 1308 286 10 481 2755 19 11 12 17 0 
241605 1860 1221 448 3 1315 329 7 481 2663 29 7 17 15 0 
241587 1883 1190 453 7 1258 327 7 514 2710 22 6 13 23 0 
241652 1933 1172 441 6 1231 349 12 516 2631 19 9 10 19 0 
241830 1780 1117 411 7 1288 296 10 514 2692 20 4 14 17 0 
241900 1780 1153 388 9 1238 322 9 482 2668 15 9 14 13 0 
241688 1861 1133 421 15 1316 312 8 495 2691 27 5 15 13 0 
241680 1844 1179 452 11 1256 312 13 502 2701 18 6 8 18 0 
241886 1811 1107 464 6 1217 323 8 522 2605 25 4 10 12 0 
241524 1953 1176 469 16 1290 336 4 524 2655 21 10 14 8 0 
241664 1882 1195 403 8 1313 294 10 518 2657 25 6 11 14 0 
241713 1875 1173 479 13 1299 337 10 481 2572 22 8 7 11 0 
241710 1770 1253 473 12 1271 315 8 509 2632 19 6 5 17 0 
241669 1881 1180 437 11 1320 337 14 505 2596 19 7 13 11 0 
241603 1878 1188 444 13 1335 318 7 515 2642 24 7 15 11 0 
241697 1893 1110 437 8 1285 339 5 481 2679 21 13 11 20 1 
241729 1808 1195 413 9 1266 333 8 485 2707 19 5 13 10 0 
241532 1883 1150 419 16 1293 331 9 524 2789 22 3 9 20 0 
241658 1899 1176 437 3 1265 340 7 538 2623 20 5 7 21 1 
241833 1858 1146 444 6 1241 319 8 519 2565 15 10 15 21 0 
241659 1829 1171 446 9 1268 311 10 554 2696 15 6 15 11 0 
241576 1816 1194 438 12 1323 349 12 547 2677 22 9 9 16 0 
241655 1866 1206 426 12 1307 324 10 504 2640 19 4 12 15 0 
241795 1862 1105 455 4 1269 343 13 500 2593 23 7 11 20 0 
241711 1891 1148 444 10 1244 299 8 508 2681 21 11 9 15 0 
241560 1841 1199 467 14 1349 312 9 521 2689 16 3 8 12 0 
241915 1786 1138 441 10 1280 330 8 489 2558 16 4 12 12 1 
241488 1894 1264 436 9 1321 346 7 520 2655 18 10 17 15 0 
241692 1801 1131 455 8 1267 344 9 538 2688 25 7 15 20 0 
241895 1806 1136 436 4 1260 326 11 464 2620 18 6 7 11 0 
241661 1879 1155 470 2 1296 331 7 480 2649 28 8 15 19 0 
241729 1791 1132 411 14 1318 340 9 523 2680 28 5 8 12 0 
241770 1848 1167 445 6 1267 294 6 491 2656 17 6 14 13 0 
241654 1827 1175 460 9 1300 339 10 521 2652 22 6 9 16 0 
241507 1845 1249 431 7 1331 312 11 537 2718 22 4 11 15 0 
241617 1924 1150 460 11 1285 296 9 523 2672 18 6 9 20 0 
241723 1844 1190 433 12 1303 329 11 505 2592 24 6 10 18 0 
241762 1864 1138 446 9 1290 344 11 486 2602 19 8 5 16 0 
241491 1875 1195 485 7 1310 336 16 553 2680 24 10 5 13 0 
241630 1945 1141 449 8 1255 341 4 499 2663 24 11 19 11 0 
241786 1839 1228 427 10 1238 307 17 500 2595 18 11 11 13 0 
241722 1848 1204 449 5 1300 305 10 484 2632 15 5 5 16 0 
241497 1882 1216 455 8 1266 357 11 510 2743 21 5 13 16 0 
241621 1900 1186 434 6 1286 323 11 490 2701 24 4 7 7 0 
241610 1920 1161 428 9 1310 320 9 506 2661 22 10 7 26 1 
241613 1886 1165 441 13 1325 333 13 534 2616 21 9 12 19 0 
241777 1838 1142 453 12 1266 313 7 473 2658 25 7 16 13 0 
241758 1824 1119 451 12 1300 331 8 490 2661 17 6 9 14 0 
241638 1851 1190 468 7 1313 299 7 513 2647 30 9 13 15 0 
241695 1844 1148 489 7 1262 291 10 497 2706 20 5 13 13 0 
241534 1950 1192 468 5 1297 344 9 462 2694 14 9 11 11 0 
241765 1866 1164 427 9 1305 308 8 520 2576 24 5 6 17 0 
241900 1787 1201 440 5 1262 298 16 481 2564 20 8 9 9 0 
241834 1841 1117 463 5 1273 335 8 482 2593 18 3 17 11 0 
241662 1910 1186 456 11 1278 313 4 513 2609 22 11 11 14 0 
241596 1874 1199 433 6 1323 313 6 509 2689 20 7 13 12 0 
241608 1913 1170 441 13 1312 298 7 521 2661 22 4 16 14 0 
241737 1853 1113 482 8 1292 321 4 482 2666 17 10 5 10 0 
241726 1873 1108 422 6 1304 304 6 507 2704 17 4 9 10 0 
241671 1782 1273 450 4 1286 318 6 494 2661 16 12 11 16 0 
241725 1834 1145 450 4 1297 334 12 461 2680 20 6 15 17 0 
241760 1793 1145 426 4 1345 325 8 502 2635 26 6 12 13 0 
241492 1854 1223 438 10 1397 325 8 529 2665 23 3 18 15 0 
241526 1858 1202 428 12 1332 346 8 509 2727 17 8 10 17 0 
241745 1805 1159 450 13 1319 278 5 469 2700 24 5 13 15 0 
241690 1859 1208 453 6 1259 300 7 542 2624 15 11 8 17 1 
241745 1843 1104 459 6 1261 346 6 516 2655 19 9 15 16 0 
241917 1872 1186 405 13 1261 294 13 478 2515 17 2 15 12 0 
241762 1831 1211 436 6 1307 266 4 454 2669 19 6 12 17 0 
241792 1787 1169 432 7 1343 331 4 476 2602 23 6 14 14 0 
241765 1817 1131 465 5 1266 315 7 526 2642 20 10 17 14 0 
241691 1857 1139 416 12 1290 306 15 491 2725 24 3 13 18 0 
241611 1891 1261 417 9 1313 314 11 526 2589 21 2 18 17 0 
241799 1909 1143 426 7 1256 343 9 447 2618 17 7 8 11 0 
241751 1806 1157 449 6 1344 329 5 522 2570 26 7 17 11 0 
241560 1895 1198 420 5 1385 290 10 512 2671 23 5 12 14 0 
241755 1865 1140 420 3 1296 316 7 506 2638 20 5 15 14 0 
241679 1807 1125 472 11 1277 340 12 549 2672 24 15 7 10 0 
241560 1842 1187 459 5 1362 348 13 478 2694 21 6 10 15 0 
241824 1841 1118 411 9 1264 311 9 486 2678 18 6 11 14 0 
241682 1885 1166 444 7 1299 289 8 546 2618 18 9 10 19 0 
241585 1911 1170 444 11 1322 314 11 528 2658 24 5 7 10 0 
241834 1792 1134 435 7 1263 331 11 517 2622 20 6 10 18 0 
241620 1830 1103 420 14 1351 321 9 487 2795 18 10 9 13 0 
241497 1905 1177 414 11 1316 333 10 525 2763 16 4 12 17 0 
241640 1850 1245 405 5 1269 338 5 492 2695 23 4 9 20 0 
241843 1849 1123 469 8 1294 296 5 486 2584 13 8 13 9 0 
241651 1885 1162 426 10 1241 322 8 504 2739 14 5 12 21 0 
241631 1869 1186 484 10 1237 335 3 520 2666 25 9 12 13 0 
