241920 1798 1097 466 5 1329 311 3 485 2530 15 8 17 16 0 
241700 1815 1100 523 10 1327 326 11 446 2690 23 2 11 16 0 
241637 1813 1180 488 15 1395 321 9 467 2615 24 9 9 18 0 
241751 1776 1179 428 5 1315 332 11 485 2668 20 6 11 13 0 
241407 1836 1191 480 12 1417 323 10 499 2763 29 9 14 10 0 
241750 1772 1183 475 8 1311 367 12 499 2574 17 3 8 21 0 
241871 1784 1112 447 6 1272 332 9 465 2648 18 5 10 21 0 
241517 1785 1219 503 9 1360 350 11 504 2701 18 2 12 9 0 
241748 1743 1234 484 7 1317 316 8 480 2616 23 1 11 12 0 
241588 1835 1187 486 9 1367 340 8 481 2652 17 3 11 16 0 
241761 1787 1161 439 13 1311 306 8 453 2712 12 8 12 17 0 
241510 1829 1157 498 6 1399 332 5 468 2745 19 8 7 17 0 
241609 1855 1191 473 9 1288 313 12 484 2716 13 5 19 13 0 
241804 1696 1170 494 8 1285 354 14 464 2659 21 5 14 12 0 
241841 1816 1177 465 4 1257 291 11 469 2608 23 11 15 12 0 
241718 1811 1201 480 13 1327 301 9 502 2590 16 6 8 18 0 
241587 1793 1192 477 8 1311 320 11 457 2802 21 4 5 12 0 
241673 1827 1148 461 10 1306 323 9 502 2688 15 7 10 21 0 
241705 1806 1164 452 6 1335 325 7 462 2683 20 13 11 11 0 
241772 1755 1156 467 13 1320 331 8 478 2658 8 9 11 14 0 
241700 1810 1158 490 11 1331 352 6 478 2609 18 9 11 17 0 
241814 1739 1186 488 11 1345 299 14 481 2571 23 6 11 12 0 
241775 1773 1175 456 11 1255 326 10 496 2676 17 5 12 13 0 
241655 1788 1224 486 11 1341 349 9 456 2629 16 8 15 13 0 
241743 1814 1187 452 8 1286 313 7 499 2648 16 5 9 13 0 
241636 1747 1241 470 12 1386 319 10 482 2645 16 9 14 13 0 
241819 1800 1184 431 7 1321 316 7 482 2582 11 12 10 18 0 
241772 1727 1177 498 8 1314 348 14 473 2621 12 10 10 16 0 
241716 1782 1196 496 12 1272 352 4 483 2622 25 6 22 12 0 
241797 1851 1142 472 8 1279 324 11 468 2596 19 3 11 19 0 
241742 1831 1184 457 8 1296 341 8 469 2605 24 5 18 12 0 
241698 1807 1119 455 8 1394 312 11 461 2680 18 2 19 16 0 
241715 1828 1180 440 3 1383 309 9 479 2601 16 9 13 15 0 
241787 1768 1211 466 11 1278 309 6 491 2615 21 11 14 11 1 
241791 1764 1186 463 6 1263 300 7 461 2691 24 5 17 22 0 
241815 1707 1222 441 6 1294 339 7 472 2649 18 6 9 15 0 
241907 1714 1179 403 10 1294 318 12 473 2626 26 7 16 15 0 
241777 1886 1156 445 3 1241 317 10 451 2675 13 5 9 12 0 
241759 1795 1116 486 9 1339 347 6 481 2612 20 4 12 14 0 
241765 1737 1155 504 8 1293 315 7 449 2704 21 5 12 24 1 
241695 1784 1219 494 9 1301 294 11 486 2654 18 6 15 14 0 
241705 1834 1147 455 13 1280 336 5 492 2675 19 8 11 20 0 
241799 1703 1154 500 9 1297 351 9 458 2658 23 9 10 20 0 
241668 1808 1207 497 7 1283 346 6 459 2662 18 6 14 19 0 
241765 1875 1132 462 10 1306 297 4 484 2615 16 10 9 15 0 
241695 1739 1182 489 10 1293 352 11 498 2677 18 7 14 15 0 
241866 1741 1164 442 8 1321 322 14 465 2609 19 8 8 13 0 
241736 1799 1190 471 8 1321 328 9 469 2614 16 6 12 21 0 
241660 1783 1257 478 6 1341 366 13 465 2576 26 9 10 10 0 
241710 1822 1127 496 15 1349 345 9 466 2605 17 7 18 14 0 
241712 1776 1212 486 8 1345 309 14 461 2635 15 7 11 8 1 
241832 1723 1169 441 9 1338 344 11 483 2604 19 8 7 12 0 
241879 1828 1115 458 5 1290 306 11 452 2606 11 5 15 19 0 
241721 1806 1136 501 4 1312 317 6 483 2661 21 8 8 16 0 
241690 1788 1172 466 8 1365 345 6 484 2620 18 7 18 13 0 
241658 1804 1153 475 9 1349 369 6 447 2674 20 11 12 13 0 
241829 1811 1189 459 13 1288 333 2 446 2573 20 7 9 21 0 
241550 1777 1206 512 6 1354 298 8 490 2744 26 5 10 14 0 
241807 1818 1173 461 13 1233 339 13 456 2632 18 7 18 12 0 
241655 1809 1214 457 10 1410 279 14 496 2606 14 15 8 12 1 
241685 1816 1247 499 4 1266 364 11 515 2545 13 7 14 14 0 
241907 1796 1129 425 7 1309 310 6 471 2591 19 6 8 16 0 
241561 1851 1181 463 12 1333 313 10 514 2708 20 5 11 18 0 
241794 1751 1158 502 8 1298 322 2 471 2637 23 8 15 11 0 
241880 1730 1109 449 8 1282 288 10 471 2729 17 5 9 13 0 
241720 1783 1148 474 7 1376 330 12 472 2623 14 9 15 17 0 
241707 1795 1201 486 6 1322 307 11 472 2639 26 4 11 13 0 
241808 1726 1171 500 4 1326 320 4 472 2623 13 10 10 13 0 
241502 1812 1197 473 8 1353 340 12 480 2764 20 9 14 16 0 
241658 1795 1158 469 8 1321 350 7 480 2708 14 9 9 14 0 
241585 1859 1167 486 8 1300 294 7 488 2766 22 2 6 10 0 
241784 1797 1157 466 15 1285 351 9 470 2608 19 7 15 17 0 
241698 1778 1196 476 10 1358 333 9 467 2625 21 2 12 15 0 
241706 1739 1197 485 11 1296 319 11 501 2681 22 4 9 19 0 
241736 1794 1172 476 8 1336 323 11 470 2616 24 5 14 15 0 
241702 1777 1184 496 4 1323 319 9 460 2675 22 3 11 15 0 
241729 1758 1190 512 6 1296 333 9 476 2638 18 10 11 14 0 
241774 1782 1231 456 7 1343 346 12 442 2561 15 6 7 18 0 
241797 1724 1123 456 13 1342 316 11 469 2697 16 8 12 16 0 
241710 1777 1180 483 11 1267 341 8 517 2656 19 5 9 17 0 
241669 1783 1243 440 8 1291 310 6 473 2716 24 7 17 13 0 
241734 1772 1143 470 13 1363 334 14 492 2606 17 9 11 22 0 
241779 1713 1147 468 8 1322 324 10 473 2708 23 7 10 8 0 
241996 1720 1073 489 8 1293 310 5 458 2590 18 8 14 18 0 
241747 1847 1168 456 9 1306 341 8 456 2608 21 7 12 14 0 
241686 1789 1174 466 6 1354 313 9 466 2680 20 7 15 15 0 
241723 1715 1186 454 5 1336 351 11 486 2676 18 6 15 18 0 
241653 1838 1172 500 13 1325 320 10 469 2648 20 4 17 11 0 
241706 1861 1179 479 8 1346 291 10 449 2623 12 7 14 15 0 
241788 1745 1164 483 11 1336 319 6 441 2654 15 7 13 18 0 
241710 1722 1185 472 9 1298 310 13 505 2723 12 9 13 18 1 
241642 1803 1159 495 11 1287 313 14 490 2723 20 10 18 15 0 
241802 1764 1167 494 9 1305 313 12 458 2628 13 11 15 9 0 
241628 1799 1175 509 13 1334 315 6 437 2735 15 10 11 13 0 
241622 1832 1205 516 15 1321 309 5 465 2675 13 4 7 11 0 
241819 1783 1179 444 3 1255 324 10 459 2658 26 5 19 16 0 
241730 1863 1143 455 8 1323 325 11 431 2651 27 7 17 8 1 
241930 1740 1155 503 11 1298 304 10 440 2561 18 6 11 13 0 
241650 1829 1156 468 11 1346 337 13 492 2657 17 7 5 12 0 
241782 1789 1184 423 8 1305 328 11 489 2630 21 7 9 13 1 
241674 1802 1154 459 8 1338 306 5 503 2695 17 8 11 20 0 
241665 1793 1170 483 11 1332 323 7 470 2698 17 3 9 19 0 
241779 1822 1195 439 11 1258 293 6 465 2680 14 8 15 15 0 
241767 1882 1127 469 8 1308 316 9 485 2571 25 7 16 10 0 
241791 1728 1177 450 14 1346 306 13 465 2662 14 9 10 15 0 
241811 1754 1211 448 8 1312 329 10 456 2603 18 9 10 21 0 
241750 1748 1127 484 6 1339 351 6 471 2662 19 3 16 18 0 
241758 1761 1173 476 10 1287 329 14 523 2614 15 8 14 18 0 
241587 1828 1276 485 5 1285 316 10 483 2675 24 5 8 13 0 
241648 1807 1187 491 7 1364 316 4 473 2648 22 9 9 14 1 
241659 1767 1211 451 11 1297 342 14 453 2730 30 6 9 20 0 
241581 1840 1213 478 4 1338 313 7 491 2684 16 4 16 15 0 
241801 1824 1139 475 8 1290 336 13 473 2587 19 4 16 15 0 
241842 1758 1175 459 6 1260 323 7 492 2626 18 9 14 11 0 
241772 1776 1134 462 12 1300 322 7 489 2668 22 1 9 26 0 
241731 1778 1198 477 8 1337 322 8 479 2613 18 9 3 19 0 
241750 1770 1146 468 9 1305 329 7 465 2691 23 9 17 11 0 
241884 1796 1132 486 6 1273 298 8 439 2624 21 9 13 10 1 
241774 1728 1209 480 8 1274 354 4 469 2646 22 6 14 12 0 
241807 1759 1164 471 8 1306 308 9 477 2644 20 7 8 12 0 
241800 1742 1154 442 10 1337 336 13 487 2625 17 9 11 17 0 
241783 1812 1135 460 12 1344 358 7 458 2575 21 6 9 20 0 
241651 1755 1235 481 7 1269 335 8 488 2704 19 12 11 25 0 
241695 1765 1182 501 7 1358 334 5 479 2628 16 2 13 15 0 
241779 1766 1212 467 9 1296 313 9 444 2652 22 7 9 15 0 
241835 1787 1121 492 12 1308 323 10 467 2596 18 7 15 9 0 
241692 1817 1190 438 10 1356 328 5 478 2641 17 9 10 9 0 
241752 1748 1189 462 7 1355 316 6 483 2638 12 7 13 12 0 
241730 1752 1208 490 9 1354 345 12 470 2573 19 5 15 18 0 
241761 1847 1095 461 14 1353 355 8 486 2580 16 8 7 9 0 
241622 1797 1200 458 14 1305 330 11 471 2738 19 6 13 16 0 
241659 1870 1123 460 4 1323 310 8 478 2706 21 11 13 14 0 
241866 1780 1206 458 13 1292 286 11 468 2572 14 7 12 15 0 
241731 1806 1142 486 10 1322 313 10 459 2671 21 7 6 16 0 
241772 1825 1135 453 10 1328 291 7 482 2648 19 3 6 21 0 
241729 1811 1163 490 5 1317 317 5 451 2652 24 6 14 16 0 
241725 1775 1234 479 8 1276 349 11 448 2653 15 4 13 10 0 
241767 1809 1160 450 8 1350 358 4 522 2534 10 8 7 13 0 
241610 1839 1205 481 11 1310 360 7 477 2643 18 7 18 14 0 
241693 1761 1178 479 5 1359 355 7 482 2632 20 8 5 16 0 
241741 1780 1178 470 9 1365 309 9 490 2597 22 7 9 14 0 
241714 1816 1112 465 8 1360 290 9 487 2684 16 5 14 20 0 
241849 1795 1210 469 11 1248 350 8 435 2572 19 7 11 16 0 
241760 1773 1171 453 5 1317 331 9 483 2643 18 9 16 12 0 
241901 1746 1197 464 8 1251 314 7 432 2635 15 7 8 15 0 
241692 1811 1121 478 9 1275 323 4 477 2757 14 8 10 21 0 
241796 1740 1171 471 16 1342 339 8 495 2575 15 4 16 12 0 
241461 1852 1266 478 7 1298 341 6 472 2763 15 8 16 17 0 
241706 1764 1203 492 7 1322 333 8 452 2662 19 4 11 17 0 
241704 1780 1180 487 9 1346 324 6 486 2627 18 9 11 13 0 
241680 1795 1196 460 10 1319 338 6 492 2647 25 5 12 15 0 
241742 1777 1138 502 9 1325 375 7 465 2605 21 10 12 12 0 
241768 1792 1132 487 9 1331 320 2 440 2664 29 8 9 9 0 
241660 1781 1214 453 10 1302 302 8 477 2737 21 7 12 16 0 
241919 1760 1182 456 7 1252 310 10 508 2546 20 7 12 11 0 
241584 1778 1189 489 15 1336 312 5 488 2745 19 3 16 21 0 
241669 1768 1194 490 9 1332 327 6 484 2659 29 8 13 12 0 
241606 1823 1196 493 4 1339 336 7 447 2695 23 4 12 15 0 
241565 1894 1166 468 11 1331 334 9 471 2705 13 6 11 16 0 
241791 1755 1173 449 10 1329 334 3 440 2664 20 5 8 19 0 
241768 1744 1179 429 11 1294 301 11 501 2718 16 7 10 11 0 
241644 1832 1188 473 10 1275 305 10 495 2710 23 8 11 16 0 
241773 1736 1150 485 8 1292 328 9 496 2685 15 1 10 12 0 
241611 1820 1184 517 5 1362 330 8 460 2647 19 9 13 15 0 
241729 1800 1129 451 11 1312 331 11 513 2669 18 5 7 14 0 
241880 1683 1200 473 14 1275 345 9 474 2590 25 7 14 11 0 
241700 1807 1201 464 11 1363 298 9 475 2632 12 7 11 10 0 
241699 1796 1208 463 7 1308 324 11 487 2639 18 7 14 19 0 
241731 1811 1155 451 5 1339 330 9 440 2679 16 5 15 14 0 
241746 1709 1203 482 6 1340 320 4 466 2669 18 12 11 13 1 
241647 1775 1156 459 13 1389 296 8 488 2708 25 12 14 10 0 
241741 1839 1215 489 9 1227 300 15 481 2633 25 3 10 13 0 
241746 1803 1177 470 8 1322 314 7 451 2658 12 6 10 16 0 
241581 1789 1201 473 12 1345 339 11 484 2718 12 6 15 14 0 
241647 1863 1149 454 11 1259 312 5 484 2760 27 6 12 11 0 
241793 1781 1169 479 11 1304 300 8 457 2638 24 9 12 15 0 
241739 1787 1184 465 8 1328 296 6 475 2668 24 4 11 5 0 
241626 1841 1204 471 9 1376 316 11 457 2647 18 4 9 11 0 
241764 1779 1164 497 13 1352 310 7 474 2584 22 11 9 14 0 
241716 1817 1183 454 8 1332 321 8 459 2646 19 7 10 20 0 
241783 1779 1186 487 15 1281 353 9 446 2618 11 4 10 18 0 
241711 1792 1211 510 10 1337 317 7 449 2603 15 9 12 17 0 
241661 1858 1173 454 6 1332 307 7 487 2662 17 10 7 19 0 
241734 1757 1238 453 10 1346 337 8 493 2570 18 6 10 20 0 
241703 1762 1225 464 5 1316 316 11 521 2629 13 2 16 17 0 
241841 1764 1151 465 6 1257 311 7 503 2641 20 4 14 16 0 
241622 1855 1211 493 10 1300 324 10 491 2637 14 7 15 11 0 
241713 1772 1196 481 9 1326 338 5 475 2639 15 5 13 13 0 
241666 1771 1168 500 7 1298 310 8 485 2731 18 9 11 18 0 
241772 1804 1219 458 8 1237 317 8 464 2654 21 8 15 15 0 
241580 1836 1216 473 12 1352 297 7 530 2651 14 12 11 9 0 
241616 1783 1218 446 7 1361 327 6 476 2710 22 8 12 8 0 
241742 1778 1227 467 7 1321 331 6 419 2656 17 5 6 18 0 
241833 1868 1135 462 11 1207 311 6 478 2639 16 10 12 12 0 
241729 1785 1182 492 9 1335 319 7 431 2663 17 8 10 13 0 
241745 1774 1233 470 13 1334 342 4 449 2574 33 3 14 12 0 
241694 1792 1139 461 15 1303 316 11 509 2694 27 5 9 25 0 
241794 1759 1155 455 10 1323 303 11 467 2672 19 4 18 10 0 
241502 1854 1224 504 6 1366 328 8 477 2692 10 5 11 13 0 
241761 1798 1197 466 9 1291 315 8 455 2651 21 6 9 13 0 
241667 1861 1169 465 14 1310 325 12 466 2668 11 6 9 17 0 
241661 1849 1196 463 9 1299 336 12 487 2621 28 11 11 17 0 
241578 1785 1242 489 10 1350 315 7 493 2673 19 7 17 15 0 
241707 1783 1165 491 16 1258 335 8 436 2753 15 7 15 11 0 
241761 1787 1141 463 8 1335 321 7 433 2701 18 5 10 10 0 
241655 1830 1149 488 14 1344 334 4 496 2639 23 4 8 12 0 
241871 1817 1151 498 9 1234 327 9 457 2570 19 9 14 15 0 
241656 1730 1184 497 14 1318 386 12 444 2713 19 8 9 10 0 
241578 1841 1175 462 10 1340 323 11 479 2742 14 6 9 10 0 
241637 1824 1179 470 9 1336 318 5 464 2710 22 4 7 15 0 
241643 1773 1177 491 8 1326 295 8 451 2780 19 7 10 11 1 
241669 1830 1165 505 7 1316 345 8 459 2636 25 8 13 14 0 
241640 1829 1188 482 15 1368 336 9 459 2623 21 4 12 14 0 
241708 1782 1167 482 8 1353 319 4 449 2682 17 10 9 10 0 
241705 1801 1221 496 8 1256 352 9 499 2614 15 5 7 12 0 
241738 1819 1167 448 4 1319 299 8 452 2697 15 13 13 8 0 
241789 1756 1209 457 12 1304 298 11 504 2612 20 3 7 18 0 
241784 1742 1152 458 9 1358 312 13 448 2674 19 5 9 17 0 
241624 1804 1190 484 8 1364 322 12 473 2666 20 8 12 13 0 
241661 1775 1178 479 9 1335 323 13 501 2682 19 5 8 12 0 
241609 1802 1202 491 10 1325 346 10 475 2681 20 3 16 10 0 
241649 1776 1186 485 9 1379 330 11 455 2671 12 7 13 17 0 
241681 1844 1184 456 9 1344 334 11 457 2622 23 5 11 19 0 
241758 1813 1165 481 7 1318 324 8 467 2597 19 9 21 13 0 
241777 1752 1194 478 9 1213 361 12 473 2677 19 3 17 15 0 
241608 1787 1195 442 11 1370 329 10 487 2707 20 9 8 17 0 
241810 1781 1191 465 9 1258 301 8 463 2661 21 7 8 17 0 
241819 1758 1195 456 9 1282 316 16 480 2611 22 9 13 14 0 
241745 1799 1146 420 7 1344 324 8 500 2640 28 8 13 18 0 
241895 1808 1147 489 15 1261 325 10 472 2517 24 12 11 14 0 
241516 1767 1249 489 12 1412 333 7 468 2700 12 5 9 21 0 
241905 1745 1150 430 10 1322 321 5 477 2576 22 8 11 18 0 
241847 1743 1176 521 7 1313 305 8 450 2583 9 3 20 14 1 
241753 1776 1165 451 16 1361 328 4 483 2608 13 7 16 19 0 
241680 1842 1158 500 10 1304 325 5 497 2635 14 8 7 15 0 
241723 1826 1189 483 15 1315 321 10 471 2584 20 11 14 18 0 
241826 1770 1134 426 12 1286 333 9 474 2670 15 10 16 19 0 
241739 1841 1188 443 4 1366 331 11 395 2635 15 9 8 14 1 
241708 1761 1189 471 9 1335 351 14 452 2672 16 8 6 8 0 
241786 1768 1170 452 11 1334 313 9 437 2670 21 8 12 9 0 
241638 1769 1245 479 7 1302 299 9 494 2709 18 2 13 16 0 
241706 1791 1190 508 10 1350 309 6 457 2612 18 12 14 17 0 
241596 1839 1162 490 3 1313 341 12 457 2721 22 11 21 12 0 
241740 1774 1182 472 14 1303 333 11 465 2651 23 9 11 12 0 
241830 1763 1123 476 10 1327 307 11 480 2624 16 6 11 16 0 
241676 1815 1210 469 6 1314 314 12 466 2665 19 4 16 13 1 
241877 1746 1177 438 10 1287 309 4 453 2651 22 4 10 12 0 
241682 1838 1166 492 8 1310 339 9 476 2624 21 5 14 16 0 
241754 1765 1199 459 9 1317 334 10 501 2604 20 5 9 14 0 
241836 1740 1183 444 11 1268 295 11 511 2642 28 6 8 17 0 
241657 1763 1164 493 12 1335 314 8 504 2707 18 3 11 11 0 
241743 1805 1168 479 6 1265 295 7 509 2666 26 6 8 17 0 
241627 1770 1230 482 6 1341 344 9 475 2663 20 6 15 12 0 
241772 1711 1179 465 9 1378 308 11 486 2628 10 3 18 22 0 
241691 1775 1175 493 9 1309 312 11 473 2710 13 5 15 9 0 
241652 1794 1188 454 7 1338 341 10 446 2705 27 8 17 13 0 
241654 1754 1172 511 6 1356 346 9 473 2670 24 6 4 15 0 
241752 1780 1162 466 11 1351 325 9 481 2612 25 4 12 10 0 
241761 1690 1189 476 6 1350 316 9 478 2673 13 9 10 20 0 
241636 1796 1194 500 10 1272 363 6 490 2678 17 7 12 19 0 
241876 1766 1144 485 9 1324 315 13 500 2525 13 6 10 14 0 
241705 1774 1194 454 9 1310 324 8 504 2663 20 8 13 14 0 
241761 1820 1138 468 10 1305 340 7 479 2620 21 5 10 16 0 
241719 1845 1193 473 8 1280 328 11 460 2630 21 7 12 13 0 
241669 1766 1197 544 8 1310 339 9 482 2623 16 10 12 15 0 
241720 1796 1088 454 8 1313 320 12 465 2759 19 10 12 23 1 
241551 1833 1124 492 11 1357 360 4 510 2698 22 10 14 14 0 
241822 1731 1128 455 7 1296 328 7 488 2688 22 8 7 13 0 
241807 1787 1108 485 4 1290 311 10 488 2658 16 7 10 19 0 
241832 1806 1171 460 10 1334 347 6 422 2557 15 8 14 17 1 
241906 1724 1155 436 7 1235 334 7 485 2637 27 8 19 19 1 
241721 1814 1171 455 10 1280 329 5 449 2710 25 8 9 14 0 
241696 1793 1109 486 14 1316 345 6 432 2735 27 8 15 18 0 
241626 1798 1199 474 6 1360 312 5 499 2667 19 6 17 11 1 
241663 1766 1183 505 9 1288 323 6 475 2734 20 7 7 14 0 
241744 1761 1187 452 7 1340 328 15 487 2623 19 7 15 15 0 
241675 1815 1180 521 8 1320 321 12 460 2634 21 7 14 11 1 
241708 1761 1180 471 8 1296 341 10 504 2667 14 7 13 20 0 
241770 1745 1194 505 5 1252 298 8 448 2720 18 9 15 13 0 
241794 1738 1160 455 5 1302 327 9 478 2677 13 3 22 17 0 
241662 1831 1138 458 6 1366 311 12 484 2688 16 8 10 10 0 
241790 1774 1213 460 15 1351 303 11 445 2580 20 6 17 15 0 
241817 1784 1124 478 8 1281 350 5 485 2593 27 4 20 24 0 
241526 1783 1193 498 7 1394 327 9 465 2735 26 4 17 16 0 
241688 1753 1207 465 10 1327 337 6 468 2688 19 6 7 18 1 
241448 1826 1233 489 6 1356 341 8 526 2723 14 9 7 14 0 
241796 1780 1162 520 10 1274 348 15 481 2565 18 8 13 10 0 
241656 1745 1255 445 7 1390 297 8 480 2658 22 6 13 18 0 
241690 1765 1195 474 15 1308 316 5 495 2695 19 7 4 12 0 
241692 1830 1139 508 13 1309 333 11 472 2655 14 1 12 11 0 
241751 1750 1223 482 12 1277 311 6 481 2652 22 10 12 11 0 
241686 1796 1206 465 12 1313 336 8 463 2668 17 5 6 19 0 
241655 1817 1173 477 7 1288 375 12 464 2663 24 12 11 22 0 
241655 1778 1191 451 5 1290 333 8 495 2732 29 4 10 18 1 
241678 1767 1166 510 7 1333 317 12 462 2703 20 8 4 13 0 
241572 1843 1231 453 7 1372 336 8 486 2649 10 4 14 15 0 
241780 1749 1151 482 6 1333 315 8 497 2624 21 6 17 11 0 
241658 1815 1190 471 7 1345 345 5 483 2644 12 3 9 13 0 
241814 1804 1174 459 5 1341 288 10 477 2574 13 7 18 16 0 
241701 1748 1230 454 12 1342 306 6 455 2705 14 5 5 17 0 
241531 1851 1214 504 11 1331 344 2 504 2662 17 5 13 11 0 
241623 1833 1170 513 7 1303 334 6 476 2686 23 3 9 13 1 
241760 1763 1218 478 8 1279 331 10 473 2639 16 7 10 8 0 
241634 1772 1158 456 8 1362 334 12 463 2750 17 7 18 9 0 
241818 1739 1225 483 7 1288 311 6 457 2605 18 8 13 22 0 
241650 1790 1215 465 12 1338 310 11 471 2675 24 11 13 15 0 
241715 1749 1182 511 2 1344 313 10 460 2671 14 3 10 16 0 
241773 1775 1198 496 11 1281 333 9 454 2620 22 3 8 17 0 
241608 1831 1211 474 6 1342 296 9 456 2716 19 6 12 13 1 
241559 1908 1203 456 9 1288 334 9 464 2713 22 9 13 13 0 
241788 1794 1197 451 8 1248 324 9 510 2615 20 7 14 15 0 
241778 1811 1212 448 13 1297 346 9 483 2543 17 10 14 19 0 
241816 1716 1158 455 13 1301 307 3 515 2649 29 10 11 17 0 
241604 1794 1244 480 8 1288 335 6 469 2719 18 3 17 15 0 
241882 1765 1165 477 9 1281 307 8 488 2554 26 9 13 16 0 
241713 1789 1122 486 9 1364 329 12 450 2684 18 4 8 12 0 
241588 1775 1238 432 16 1348 307 11 500 2727 15 10 19 14 0 
241862 1719 1133 481 4 1339 313 7 479 2609 14 9 12 19 0 
241742 1846 1127 506 9 1304 311 12 448 2641 17 6 13 18 0 
241764 1749 1149 510 5 1255 324 13 473 2699 21 3 21 14 0 
241697 1741 1202 493 10 1406 335 6 439 2620 18 8 14 11 0 
241828 1754 1127 471 5 1369 315 9 488 2585 15 7 12 15 0 
241707 1805 1139 478 10 1332 338 11 452 2671 25 10 12 10 0 
241639 1824 1187 464 9 1291 329 13 523 2665 18 7 11 20 0 
241786 1758 1173 470 7 1330 316 9 455 2664 14 3 6 9 0 
242029 1666 1150 444 12 1253 333 7 445 2607 20 6 9 19 0 
241719 1781 1209 460 7 1375 308 6 478 2620 17 5 6 9 0 
241780 1786 1176 482 11 1278 325 10 452 2640 22 7 16 15 0 
241659 1755 1215 466 9 1351 327 5 467 2709 20 2 5 10 0 
241607 1749 1197 493 12 1301 352 6 507 2716 25 8 12 15 0 
241776 1819 1151 494 13 1310 322 7 443 2597 24 17 15 12 0 
241856 1708 1202 460 11 1295 283 13 503 2610 16 11 12 20 0 
241717 1847 1136 483 5 1292 343 7 524 2600 21 4 8 13 0 
241752 1786 1133 462 7 1280 341 15 478 2681 24 10 13 18 0 
241778 1830 1148 469 11 1303 308 6 451 2651 15 5 11 14 0 
241902 1789 1164 459 7 1282 325 5 453 2568 15 5 15 11 0 
241640 1810 1187 513 5 1326 317 10 488 2650 16 10 15 13 0 
241734 1801 1134 462 10 1303 380 4 430 2702 11 10 9 10 0 
241784 1762 1154 471 12 1272 354 6 459 2672 17 8 10 19 0 
241641 1745 1205 506 9 1333 323 11 484 2694 22 6 12 9 0 
241884 1738 1159 467 10 1282 284 6 450 2676 16 4 16 8 0 
241811 1807 1191 444 7 1277 300 2 464 2648 19 6 11 13 0 
241834 1750 1176 495 4 1290 317 7 452 2616 24 7 10 18 0 
241741 1754 1222 473 5 1345 321 6 450 2634 18 3 14 14 0 
241572 1871 1211 462 11 1354 320 10 481 2650 18 7 17 16 0 
241763 1695 1160 452 6 1322 333 10 510 2685 21 14 16 13 0 
241744 1770 1215 428 10 1280 348 6 506 2647 20 8 8 10 0 
241598 1838 1203 475 4 1332 338 11 537 2609 12 12 10 21 0 
241784 1759 1132 489 8 1344 354 8 454 2621 19 7 13 8 0 
241645 1804 1221 478 6 1310 325 10 493 2656 17 10 17 8 0 
241737 1790 1215 431 11 1273 325 9 478 2680 17 14 9 11 0 
241838 1741 1120 477 13 1312 335 11 476 2634 6 10 15 11 1 
241634 1818 1217 438 9 1287 333 6 509 2696 22 6 15 10 0 
241904 1766 1165 434 6 1319 325 3 438 2593 23 5 5 14 0 
241712 1797 1197 470 4 1309 354 8 485 2617 11 8 10 18 0 
241820 1804 1103 437 12 1341 320 9 459 2644 20 5 7 19 0 
241760 1769 1176 508 15 1332 329 10 421 2632 17 3 11 16 1 
241765 1751 1191 489 5 1338 331 13 442 2623 28 2 10 12 0 
241645 1822 1160 500 8 1364 307 2 473 2657 25 8 13 16 0 
241571 1802 1145 509 4 1342 306 5 533 2727 24 6 14 12 0 
241739 1782 1294 450 12 1223 282 13 459 2694 12 7 16 17 0 
241762 1768 1165 481 11 1304 322 12 485 2628 25 4 15 18 0 
241829 1790 1138 450 6 1320 355 10 491 2557 24 6 12 12 0 
241746 1777 1178 456 12 1303 316 6 485 2661 20 5 12 23 0 
241665 1806 1164 452 4 1277 342 14 507 2710 21 8 15 15 0 
241693 1749 1232 489 13 1338 351 13 454 2610 22 6 14 16 0 
241791 1868 1146 449 8 1260 313 5 496 2614 28 2 8 12 0 
241759 1722 1168 493 8 1281 333 8 537 2646 21 5 10 9 0 
241820 1806 1140 492 4 1294 352 8 429 2590 20 10 14 21 0 
241788 1781 1216 446 6 1261 297 10 487 2664 11 10 11 12 0 
241590 1816 1244 467 15 1318 364 7 464 2661 16 8 12 17 1 
241916 1795 1200 460 9 1290 305 6 480 2485 22 8 11 13 0 
241666 1829 1189 503 6 1324 311 9 457 2653 24 5 14 10 0 
241710 1809 1168 474 11 1280 356 6 460 2655 19 12 20 20 0 
241859 1760 1090 471 5 1324 280 6 459 2703 13 5 7 18 0 
241650 1804 1160 481 10 1296 322 9 533 2679 15 13 10 18 0 
241742 1826 1176 468 10 1246 325 4 492 2661 24 7 7 12 0 
241768 1782 1234 466 7 1318 306 10 482 2562 24 9 16 16 0 
241674 1811 1118 529 12 1300 295 11 490 2711 14 8 14 13 0 
241844 1827 1123 467 6 1269 320 10 475 2602 21 12 7 17 0 
241670 1819 1085 492 4 1370 333 11 497 2684 13 3 11 7 1 
241786 1803 1148 468 7 1312 285 7 509 2629 11 6 17 12 0 
241797 1773 1153 453 13 1338 280 10 499 2635 15 6 11 17 0 
241679 1792 1161 479 9 1320 328 11 443 2721 23 4 19 11 0 
241604 1812 1181 467 7 1366 360 9 506 2639 16 7 14 12 0 
241848 1722 1139 423 7 1332 312 9 477 2673 16 6 15 21 0 
241762 1815 1175 437 12 1312 335 4 442 2652 20 6 11 17 0 
241672 1862 1113 458 10 1321 321 10 500 2683 18 4 14 14 0 
241733 1759 1169 467 6 1334 359 11 478 2628 18 10 14 14 0 
241712 1779 1181 475 8 1328 318 10 476 2670 13 6 11 13 0 
241709 1772 1174 459 12 1351 341 6 505 2624 23 6 7 11 0 
241818 1737 1178 503 7 1256 311 8 472 2664 16 10 8 12 0 
241507 1860 1182 492 9 1320 342 11 474 2750 19 7 13 14 0 
241602 1787 1212 477 9 1383 323 7 526 2624 17 4 12 17 0 
241760 1821 1208 469 8 1297 318 12 479 2586 15 4 12 11 0 
241793 1749 1178 482 10 1310 316 11 464 2646 16 3 11 11 0 
241756 1839 1123 478 4 1325 319 8 471 2624 22 9 12 10 0 
241540 1846 1218 485 5 1325 347 5 458 2735 10 4 12 10 0 
241810 1767 1159 476 9 1265 306 6 521 2633 15 6 10 16 1 
241795 1807 1161 513 6 1303 351 15 467 2531 19 7 9 16 0 
241603 1767 1202 470 12 1355 267 9 504 2753 24 5 14 15 0 
241694 1821 1153 450 9 1281 309 6 457 2766 26 6 11 11 0 
241682 1814 1183 445 5 1277 339 11 495 2696 29 4 8 12 0 
241612 1810 1222 453 11 1344 314 8 504 2669 19 6 12 16 0 
241814 1691 1204 467 10 1321 323 10 465 2633 27 8 13 14 0 
241578 1875 1209 458 11 1395 316 10 476 2616 22 9 9 16 0 
241652 1816 1176 476 10 1374 318 8 476 2646 15 7 12 14 0 
241782 1804 1133 460 9 1323 298 4 481 2655 23 7 13 8 0 
241669 1788 1226 471 10 1325 329 10 473 2649 20 5 11 14 0 
241642 1802 1152 446 9 1302 360 12 494 2726 16 7 19 13 0 
241645 1859 1222 492 8 1286 329 7 436 2660 20 8 13 15 0 
241874 1701 1151 442 6 1319 341 7 472 2630 22 9 13 13 0 
241654 1796 1193 480 12 1405 333 4 445 2619 25 3 16 15 0 
241722 1768 1216 458 10 1392 303 9 472 2590 21 5 16 18 0 
241723 1766 1202 467 4 1322 332 13 486 2632 15 7 15 16 0 
241599 1795 1185 485 13 1388 323 9 480 2666 25 6 12 14 0 
241889 1782 1152 470 2 1290 295 9 471 2586 21 9 10 14 0 
241741 1801 1194 497 7 1302 338 12 510 2548 19 7 11 13 0 
241727 1769 1151 501 12 1354 315 11 467 2642 22 7 10 12 0 
241650 1798 1182 482 7 1356 344 4 481 2636 27 4 17 12 0 
241629 1816 1229 442 11 1334 337 5 474 2665 15 6 17 20 0 
241829 1729 1175 474 10 1274 330 20 464 2642 19 9 14 11 0 
241818 1778 1162 500 11 1266 319 9 450 2648 12 5 13 9 0 
241719 1763 1127 482 5 1351 353 12 498 2638 19 10 7 16 0 
241561 1769 1180 485 10 1396 297 10 466 2778 20 5 12 11 0 
241550 1874 1148 481 13 1401 312 10 482 2682 22 7 7 11 0 
241559 1791 1198 510 15 1362 322 13 499 2686 16 3 6 20 0 
241600 1716 1118 511 6 1386 298 8 485 2825 21 8 12 6 0 
241773 1738 1198 496 11 1325 323 9 501 2577 15 5 11 17 1 
241837 1757 1147 491 8 1270 328 8 488 2617 26 2 12 9 0 
241629 1734 1246 484 6 1360 332 5 441 2712 19 3 10 19 0 
241808 1842 1066 482 7 1293 336 10 450 2652 22 7 11 14 0 
241689 1786 1149 525 14 1262 321 5 464 2727 20 8 17 13 0 
241679 1750 1173 475 7 1286 329 7 489 2745 27 9 10 14 0 
241642 1811 1099 475 13 1352 320 6 519 2718 14 9 12 10 0 
241613 1804 1217 454 9 1355 317 5 473 2698 23 7 10 14 1 
241564 1924 1209 450 7 1281 321 11 464 2707 22 6 13 21 0 
241737 1797 1148 444 10 1348 325 10 510 2608 21 8 15 18 1 
241770 1801 1163 494 12 1306 317 10 500 2582 19 5 12 9 0 
241720 1830 1190 454 12 1302 313 13 470 2633 20 9 13 21 0 
241807 1811 1159 497 4 1369 304 3 418 2573 26 9 10 10 0 
241702 1804 1179 501 6 1353 305 6 442 2645 15 9 14 19 0 
241764 1736 1161 473 12 1347 334 11 472 2641 22 7 5 15 0 
241629 1831 1215 459 11 1292 333 9 502 2668 23 6 12 10 0 
241732 1851 1135 426 7 1380 318 11 482 2613 16 7 15 7 0 
241682 1747 1193 486 10 1349 332 14 449 2690 12 10 12 14 0 
241745 1729 1159 492 10 1293 318 7 467 2711 28 13 13 15 0 
241750 1745 1130 481 7 1345 349 8 477 2641 24 13 13 17 0 
241687 1794 1211 478 7 1252 331 10 487 2694 19 10 4 16 0 
241690 1818 1206 491 14 1311 340 4 445 2634 19 6 11 11 0 
241610 1835 1265 441 10 1348 327 5 474 2640 11 7 16 11 0 
241594 1799 1223 462 10 1371 312 5 474 2704 22 9 10 5 0 
241893 1750 1179 466 12 1271 340 14 498 2526 25 4 10 12 0 
241605 1781 1213 481 8 1337 330 9 515 2655 17 7 18 24 0 
241664 1837 1136 456 8 1366 315 10 497 2669 19 1 12 10 0 
241721 1782 1143 520 18 1345 322 11 477 2606 18 7 13 17 0 
241764 1727 1164 447 10 1377 332 11 437 2684 13 6 13 14 1 
241745 1780 1166 469 11 1334 347 9 478 2599 30 5 12 15 0 
241731 1779 1128 474 10 1356 292 12 474 2682 22 6 13 21 0 
241793 1795 1157 486 8 1305 325 13 443 2635 16 3 10 11 0 
241841 1789 1143 442 6 1324 330 11 442 2623 21 2 15 11 0 
241469 1879 1206 481 8 1348 338 8 458 2760 22 9 7 7 0 
241848 1725 1102 477 4 1322 322 4 485 2661 16 9 12 13 0 
241710 1833 1163 487 9 1355 303 5 454 2629 19 5 10 18 0 
241728 1768 1221 497 8 1342 277 7 465 2637 19 6 6 19 0 
241564 1804 1190 480 11 1337 341 7 514 2692 24 9 16 11 0 
241780 1780 1134 508 8 1328 291 6 453 2662 21 6 8 15 0 
241622 1839 1206 475 6 1271 327 10 462 2731 13 7 16 15 0 
241852 1710 1176 489 12 1286 343 6 471 2622 17 2 9 5 0 
241635 1740 1218 452 6 1298 321 12 493 2770 22 8 14 11 0 
241679 1756 1183 479 12 1288 339 6 502 2708 19 9 8 12 0 
241741 1759 1170 467 6 1324 315 7 538 2618 18 5 14 18 0 
241589 1834 1225 469 6 1359 307 8 497 2663 15 4 12 12 0 
241755 1753 1189 453 8 1349 313 4 452 2677 20 3 10 14 0 
241708 1852 1150 488 4 1362 321 4 477 2586 21 4 12 11 0 
241663 1799 1119 468 7 1321 347 5 521 2681 21 7 18 23 0 
241975 1660 1160 472 15 1244 317 15 440 2663 18 2 8 11 0 
241813 1839 1154 453 13 1286 294 8 465 2615 21 11 14 14 0 
241767 1834 1157 477 13 1300 314 9 472 2614 20 4 6 13 0 
241683 1744 1161 510 8 1316 337 4 493 2692 18 12 12 10 0 
241692 1787 1160 476 6 1325 342 8 469 2685 19 7 10 14 0 
241609 1829 1249 487 7 1324 321 7 491 2615 30 5 11 15 0 
241765 1715 1196 504 7 1339 328 11 479 2607 13 8 8 20 0 
241781 1761 1165 473 13 1269 345 12 444 2673 20 5 14 24 1 
241781 1713 1154 474 11 1341 338 9 468 2660 27 3 9 12 0 
241685 1803 1196 456 8 1329 316 6 487 2668 20 7 9 10 0 
241793 1801 1104 426 7 1371 300 5 481 2670 21 3 6 12 0 
241860 1776 1213 458 6 1256 330 7 506 2545 13 7 15 8 0 
241643 1826 1186 456 10 1365 345 8 493 2618 20 6 6 18 0 
241814 1829 1158 467 6 1318 305 0 452 2600 21 3 11 16 0 
241762 1795 1172 419 5 1323 322 9 470 2681 10 7 8 17 0 
241727 1800 1147 437 5 1299 326 10 503 2692 18 10 8 18 0 
241791 1735 1113 501 5 1316 315 9 520 2639 23 9 9 15 0 
241793 1811 1171 468 8 1338 322 12 495 2537 17 8 8 12 0 
241592 1854 1190 477 13 1323 370 11 461 2664 18 6 8 13 0 
241651 1776 1154 478 10 1303 306 7 453 2817 16 6 12 11 0 
241676 1776 1177 488 4 1385 346 12 435 2645 25 13 9 9 0 
241774 1787 1203 462 5 1314 302 6 453 2640 20 6 14 14 0 
241791 1789 1180 447 5 1308 318 8 475 2633 18 3 10 15 0 
241875 1806 1114 466 11 1298 344 8 423 2616 12 3 11 13 0 
