241389 2130 1179 351 7 1228 360 11 628 2647 29 8 15 18 0 
241434 2124 1180 330 10 1219 300 10 653 2678 24 9 15 14 0 
241517 2154 1201 296 12 1141 305 9 601 2708 24 7 12 13 0 
241579 2043 1208 300 7 1195 305 8 643 2661 24 7 10 10 0 
241557 2171 1157 317 11 1134 294 12 623 2671 17 6 17 13 0 
241485 2110 1195 314 3 1150 342 13 612 2730 22 7 11 6 0 
241508 2125 1205 344 10 1179 329 6 656 2581 29 5 8 15 0 
241663 2192 1111 289 10 1169 331 7 611 2562 23 9 14 9 0 
241661 2055 1098 322 12 1135 320 7 660 2669 27 6 13 14 1 
241527 2118 1127 314 9 1188 327 7 641 2669 29 11 18 15 0 
241410 2123 1118 338 15 1191 327 13 640 2766 22 11 12 14 0 
241433 2122 1200 330 6 1148 365 11 593 2739 25 7 15 6 0 
241526 2112 1216 308 2 1172 314 12 617 2670 22 6 10 13 0 
241480 2149 1153 316 7 1219 325 8 595 2694 18 7 10 19 0 
241534 2111 1182 326 13 1211 304 9 623 2636 25 5 5 16 0 
241535 2089 1204 325 6 1169 312 4 687 2630 18 5 7 9 0 
241470 2118 1227 351 14 1169 328 17 648 2605 21 9 10 13 0 
241580 2090 1177 322 4 1127 329 8 627 2690 16 7 14 9 0 
241496 2083 1127 314 13 1216 342 23 641 2679 35 7 11 13 0 
241404 2178 1232 316 11 1172 323 7 622 2683 21 6 10 14 1 
241620 2114 1189 302 10 1132 321 9 662 2586 21 9 13 12 0 
241371 2135 1122 360 10 1203 348 6 647 2753 19 4 11 11 0 
241609 2115 1187 285 8 1198 327 10 639 2584 17 5 8 8 0 
241508 2098 1194 319 11 1190 312 11 621 2683 21 13 10 9 0 
241568 2052 1201 327 13 1163 320 9 616 2678 24 5 7 17 0 
241573 2037 1160 329 6 1203 318 11 660 2646 27 6 14 10 0 
241665 2126 1160 320 6 1149 338 9 586 2581 28 4 18 10 0 
241551 2094 1208 302 12 1141 325 10 673 2637 21 9 9 7 1 
241615 2047 1245 309 15 1145 308 6 603 2660 20 4 11 12 0 
241453 2072 1144 350 7 1209 332 8 631 2736 26 5 13 14 0 
241500 2102 1166 320 8 1158 321 10 643 2720 27 5 10 10 0 
241476 2131 1173 339 11 1148 342 4 651 2663 30 4 11 16 1 
241559 2017 1189 330 8 1194 350 19 641 2638 18 11 13 13 0 
241505 2131 1175 336 5 1152 318 4 646 2670 33 5 13 7 0 
241552 2078 1154 335 9 1174 330 7 623 2679 21 8 17 13 0 
241529 2043 1203 311 4 1168 317 17 643 2697 25 5 19 19 0 
241596 2050 1162 327 11 1173 309 15 619 2684 27 9 8 10 0 
241627 2139 1126 307 8 1204 320 12 614 2610 12 5 5 11 0 
241468 2123 1209 327 12 1105 310 10 625 2762 20 7 10 12 0 
241531 2143 1208 303 6 1111 316 10 590 2721 27 9 7 18 0 
241573 2133 1158 332 5 1151 301 10 638 2646 29 4 7 12 1 
241609 2063 1199 340 8 1154 332 8 582 2653 19 4 11 17 1 
241649 2125 1099 315 15 1165 324 8 613 2642 24 5 8 8 0 
241531 2126 1201 321 7 1163 326 13 617 2648 19 8 9 11 0 
241716 2106 1088 302 10 1194 324 13 631 2554 27 6 19 9 1 
241575 2087 1184 345 9 1156 326 11 640 2614 20 5 10 18 0 
241715 2019 1114 325 10 1135 324 9 649 2645 17 7 14 17 0 
241588 2105 1146 319 14 1186 319 8 638 2625 21 6 12 13 0 
241551 2075 1169 326 7 1162 332 11 629 2671 22 7 20 18 0 
241624 2065 1132 307 9 1144 316 9 635 2706 25 10 9 9 0 
241486 2151 1175 352 14 1198 327 9 629 2607 27 8 11 6 0 
241530 2064 1210 344 16 1178 288 11 623 2676 18 12 19 11 0 
241478 2101 1163 313 14 1195 367 8 650 2662 21 4 11 13 0 
241358 2160 1188 360 6 1127 343 11 641 2745 25 12 10 14 0 
241464 2117 1148 337 10 1243 331 6 630 2650 29 10 12 13 0 
241578 2128 1223 348 11 1131 329 9 637 2559 24 7 4 12 0 
241562 2083 1165 304 13 1212 319 11 623 2654 23 7 9 15 0 
241362 2139 1168 347 14 1186 348 9 601 2768 16 11 13 18 0 
241477 2075 1188 358 6 1179 315 5 630 2715 22 8 8 14 0 
241477 2165 1136 319 11 1257 307 9 611 2658 18 9 10 13 0 
241579 2128 1149 329 8 1143 313 10 591 2698 18 5 11 18 0 
241640 2065 1209 332 5 1176 328 13 642 2548 21 6 7 8 0 
241610 2130 1191 280 9 1209 344 8 602 2575 19 7 8 8 0 
241543 2188 1140 311 8 1195 349 4 592 2613 30 2 11 14 0 
241406 2149 1170 316 10 1190 386 11 647 2669 21 4 8 13 0 
241792 2030 1172 294 5 1142 318 2 651 2546 20 5 8 15 0 
241668 2049 1213 292 4 1209 340 9 636 2534 22 11 3 10 0 
241489 2144 1152 356 7 1165 349 2 647 2636 18 7 12 16 0 
241531 2065 1180 331 7 1187 318 12 673 2647 23 7 10 9 0 
241566 2142 1150 346 11 1133 344 13 602 2655 18 7 7 6 0 
241487 2072 1150 325 11 1186 322 9 649 2736 27 6 9 11 0 
241564 2137 1137 304 11 1180 338 12 631 2629 24 14 6 13 0 
241483 2062 1206 332 9 1186 323 6 645 2698 14 10 11 15 0 
241565 2068 1197 344 4 1164 304 11 666 2616 27 7 16 11 0 
241537 2185 1155 293 7 1164 354 8 587 2655 26 4 11 14 0 
241469 2147 1195 314 15 1226 377 7 599 2595 15 11 11 19 0 
241527 2100 1190 336 12 1236 323 5 616 2596 28 10 12 9 0 
241459 2159 1205 326 10 1183 312 6 622 2660 27 11 9 11 0 
241777 2093 1176 305 12 1114 336 6 637 2504 20 3 7 10 0 
241575 2116 1173 310 9 1191 351 12 663 2552 26 2 8 12 0 
241683 2055 1215 338 11 1128 325 8 591 2599 17 5 12 12 1 
241563 2112 1144 311 7 1167 316 11 631 2693 18 9 11 7 0 
241595 2047 1227 318 8 1202 330 12 584 2630 20 7 9 11 0 
241597 2014 1190 313 11 1197 312 10 623 2678 21 9 10 15 0 
241454 2110 1208 325 5 1137 306 10 621 2785 15 8 13 3 0 
241766 1967 1204 339 11 1163 297 15 600 2578 27 4 17 12 0 
241556 2168 1089 356 6 1146 328 12 635 2662 22 3 11 6 0 
241503 2130 1184 300 18 1169 299 5 642 2689 21 7 15 18 0 
241488 2180 1180 308 3 1164 342 9 652 2624 14 16 10 10 0 
241576 2105 1219 301 8 1141 330 10 606 2645 27 8 11 13 0 
241713 2117 1121 306 9 1188 306 11 617 2571 16 6 8 11 0 
241558 2128 1162 300 14 1178 321 10 625 2657 17 6 10 14 0 
241468 2125 1155 313 8 1263 333 10 638 2623 25 9 15 15 0 
241548 2101 1140 340 10 1141 327 9 614 2715 22 8 17 8 0 
241530 2117 1142 334 10 1113 319 13 652 2706 27 4 18 15 0 
241576 2069 1189 345 13 1134 333 8 670 2603 28 6 16 10 0 
241627 2136 1181 302 7 1140 347 7 597 2599 15 9 19 14 0 
241588 2126 1151 320 15 1151 308 15 636 2633 20 11 13 12 1 
241520 2220 1139 348 22 1158 338 7 612 2597 19 7 8 5 0 
241447 2116 1112 338 6 1175 312 8 640 2778 32 7 17 12 0 
241369 2221 1196 295 15 1132 325 10 602 2777 28 9 9 12 0 
241627 2141 1146 312 8 1180 330 6 569 2628 22 7 9 15 0 
241509 2153 1160 321 4 1206 298 7 615 2673 31 4 9 10 0 
241479 2036 1205 328 11 1215 315 8 616 2736 27 1 10 13 0 
241389 2141 1185 322 14 1232 377 8 640 2636 31 8 8 9 0 
241542 2209 1158 325 7 1152 340 9 597 2605 21 6 19 10 0 
241588 2079 1151 275 6 1142 334 11 651 2706 24 8 14 11 0 
241556 2067 1113 329 12 1184 319 7 676 2680 30 3 11 13 0 
241492 2167 1220 341 13 1170 327 13 641 2552 30 10 12 12 0 
241642 2103 1078 343 11 1218 274 6 635 2632 22 9 13 14 0 
241531 2120 1171 310 6 1184 330 9 645 2638 22 5 14 15 0 
241429 2141 1199 321 12 1172 346 13 634 2676 22 9 11 15 0 
241485 2141 1185 317 8 1200 357 11 658 2580 23 10 12 13 0 
241679 2043 1149 306 6 1181 317 6 604 2662 21 7 12 7 0 
241503 2134 1243 306 20 1221 335 8 589 2588 19 8 11 15 0 
241649 2064 1199 348 11 1102 324 10 635 2601 25 7 10 15 0 
241693 2110 1142 296 6 1179 291 11 605 2596 28 14 8 21 0 
241609 2068 1193 303 14 1153 329 13 627 2635 23 5 11 17 0 
241343 2192 1254 302 12 1164 314 8 632 2720 34 8 8 9 0 
241586 2094 1184 345 10 1187 323 14 646 2557 25 4 15 10 0 
241532 2150 1137 318 9 1211 325 5 613 2637 24 7 13 19 0 
241448 2142 1198 312 12 1252 348 8 581 2632 28 8 16 15 0 
241520 2069 1143 333 7 1185 380 8 655 2636 20 13 15 16 0 
241725 2092 1148 311 11 1143 324 9 600 2571 28 8 11 17 2 
241573 2139 1143 323 16 1211 342 5 634 2567 23 11 7 6 0 
241612 1978 1226 301 7 1168 333 13 607 2697 21 8 15 14 0 
241654 2085 1223 341 12 1183 282 6 607 2546 26 6 15 14 0 
241632 2079 1227 315 12 1215 316 16 593 2548 19 6 13 9 0 
241531 2051 1204 323 7 1117 312 13 659 2736 24 4 8 11 0 
241698 2090 1096 301 9 1136 328 8 595 2682 27 7 13 10 0 
241586 2124 1144 344 9 1116 328 9 641 2654 23 4 11 7 0 
241520 2124 1159 325 7 1170 315 12 662 2662 24 5 6 9 0 
241487 2096 1124 350 5 1203 345 9 633 2690 24 7 16 11 0 
241534 2080 1169 325 11 1145 357 11 642 2671 23 9 10 13 0 
241469 2103 1101 307 6 1196 313 5 666 2772 25 6 11 20 0 
241633 2108 1164 319 6 1148 349 13 614 2586 21 8 14 17 0 
241529 2085 1192 337 9 1197 325 6 665 2603 15 8 17 12 0 
241690 2064 1132 339 15 1176 322 12 620 2594 11 4 9 11 1 
241594 2040 1096 323 13 1197 319 14 610 2739 23 9 11 12 0 
241768 1994 1141 322 14 1137 317 10 637 2618 20 2 7 13 0 
241509 2019 1189 316 13 1197 346 6 619 2737 29 5 6 9 0 
241652 2069 1128 341 10 1176 292 7 636 2633 28 11 6 11 0 
241508 2071 1205 304 13 1241 342 8 616 2647 23 5 7 10 0 
241521 2132 1147 330 11 1192 301 9 643 2659 20 9 7 19 0 
241569 2105 1197 316 9 1157 324 8 615 2656 27 3 8 6 0 
241710 2040 1159 318 10 1168 305 9 607 2617 22 7 19 9 0 
241453 2099 1183 336 9 1145 334 10 669 2701 22 10 18 11 0 
241383 2202 1201 343 10 1203 342 17 615 2630 25 4 11 14 0 
241470 2143 1165 317 8 1176 339 7 638 2681 28 9 11 8 0 
241668 2111 1131 341 2 1154 294 5 632 2598 28 6 15 15 0 
241624 2128 1119 315 13 1173 320 9 619 2625 25 3 16 11 0 
241614 2140 1167 315 13 1147 303 8 628 2599 27 10 16 13 0 
241475 2159 1161 337 10 1187 335 10 607 2659 32 10 13 5 0 
241472 2143 1140 340 14 1212 331 8 602 2686 23 9 10 10 0 
241649 2109 1094 325 14 1147 293 10 612 2691 26 6 10 14 0 
241555 2092 1214 314 7 1168 340 11 621 2625 20 8 17 8 0 
241599 2022 1148 336 11 1193 321 11 600 2702 23 11 7 16 0 
241644 2094 1181 315 14 1123 305 15 649 2614 15 7 10 14 0 
241573 2122 1193 331 13 1117 332 12 617 2641 26 5 10 8 0 
241660 2020 1127 307 8 1220 316 7 650 2624 25 6 16 14 0 
241650 2052 1155 327 6 1179 301 4 667 2610 28 6 12 3 0 
241506 2075 1139 349 8 1208 323 10 611 2727 18 7 10 8 1 
241530 2152 1135 333 9 1208 328 12 618 2617 24 7 10 17 0 
241522 2132 1172 318 9 1205 333 5 598 2654 25 9 12 6 0 
241569 2172 1137 300 10 1145 333 9 664 2609 28 8 2 14 0 
241533 2104 1182 322 11 1224 339 3 631 2594 32 4 9 12 0 
241526 2095 1174 296 8 1141 360 8 631 2706 21 5 12 17 0 
241653 2116 1087 329 10 1170 324 10 634 2623 21 3 9 11 0 
241609 2104 1151 333 8 1148 311 6 599 2673 28 6 16 8 0 
241550 2098 1247 336 12 1140 328 6 585 2640 30 8 8 12 0 
241619 2104 1149 326 8 1149 329 9 597 2659 15 6 14 16 0 
241627 2086 1125 299 4 1115 326 8 641 2719 21 10 11 8 0 
241659 2039 1208 334 11 1124 310 7 571 2680 34 3 15 5 0 
241531 2117 1169 327 8 1139 296 9 603 2746 21 5 19 10 0 
241775 2148 1123 308 8 1114 300 8 587 2574 18 6 9 22 0 
241402 2138 1169 317 9 1249 348 10 632 2670 24 16 7 9 0 
241562 2051 1162 321 8 1176 357 13 578 2724 18 10 10 10 0 
241643 2078 1119 331 6 1193 315 7 590 2661 18 8 16 15 0 
241487 2092 1197 349 6 1240 340 14 605 2618 23 6 7 16 0 
241439 2025 1242 319 10 1189 372 6 650 2690 26 3 10 19 0 
241581 2109 1187 334 6 1139 328 8 618 2620 34 10 12 14 0 
241631 2091 1197 319 6 1190 294 5 596 2626 15 7 19 4 0 
241672 2103 1161 331 11 1174 350 10 595 2538 18 7 18 12 0 
241586 2112 1167 340 5 1157 343 5 640 2598 25 4 8 10 0 
241803 2047 1131 328 12 1127 347 8 599 2539 29 6 12 12 0 
241505 2091 1167 336 8 1192 346 11 620 2668 26 11 12 7 0 
241386 2211 1181 324 12 1150 328 4 647 2710 21 4 9 13 0 
241423 2180 1135 299 11 1171 317 12 668 2735 19 9 10 11 0 
241458 2133 1183 328 5 1192 310 4 686 2637 24 7 14 19 0 
241569 2133 1205 313 17 1160 298 6 594 2651 18 9 15 12 0 
241482 2149 1173 323 5 1188 318 11 594 2700 22 8 16 11 0 
241452 2055 1185 340 14 1206 320 11 629 2732 22 9 11 14 0 
241607 2104 1159 310 5 1191 342 10 604 2615 19 6 13 14 1 
241406 2118 1184 314 8 1217 352 11 650 2699 17 6 11 7 0 
241575 2062 1259 334 9 1143 352 4 652 2562 17 3 15 12 1 
241642 2030 1175 360 9 1208 321 6 632 2566 19 9 15 8 0 
241401 2134 1256 319 9 1148 306 6 658 2698 25 11 12 17 0 
241476 2146 1165 366 7 1220 313 6 640 2604 25 8 12 12 0 
241566 2135 1118 291 9 1178 331 11 648 2661 27 5 10 10 0 
241608 2033 1186 323 17 1168 332 13 581 2672 23 11 14 19 0 
241518 2099 1168 359 7 1213 326 8 632 2615 21 9 16 9 0 
241580 2144 1104 322 14 1172 338 9 646 2612 24 5 14 16 0 
241529 2109 1174 354 13 1170 321 9 644 2616 22 6 15 18 0 
241647 2051 1128 324 16 1147 333 8 644 2639 23 8 16 15 1 
241388 2112 1204 329 12 1168 341 2 637 2754 22 6 8 17 0 
241547 2118 1185 303 7 1206 330 8 646 2594 23 3 14 16 0 
241529 2198 1180 318 11 1115 310 12 615 2658 20 12 12 9 1 
241579 2137 1177 326 8 1126 318 10 642 2623 25 5 11 13 0 
241486 2127 1223 309 11 1173 358 8 638 2614 27 5 10 11 0 
241671 2083 1153 324 10 1167 355 10 602 2573 30 4 9 9 0 
241536 2072 1192 335 10 1186 330 10 678 2598 25 6 12 10 0 
241573 2125 1181 308 9 1156 337 8 626 2613 31 6 15 11 1 
241581 2071 1164 353 9 1131 337 12 674 2607 25 3 17 16 0 
241396 2134 1178 325 11 1235 323 5 680 2669 18 6 9 11 0 
241418 2103 1193 338 15 1192 357 9 631 2683 27 3 15 16 0 
241619 2125 1141 311 6 1205 312 13 578 2634 24 9 12 11 0 
241640 2045 1172 299 11 1184 314 10 626 2648 14 10 15 12 0 
241459 2188 1208 324 10 1166 302 12 606 2659 29 11 9 17 0 
241629 2034 1105 366 9 1106 340 13 633 2727 20 2 7 9 0 
241543 2129 1176 308 12 1166 336 15 637 2618 19 6 18 17 0 
241590 2057 1166 342 11 1165 321 7 658 2638 17 11 7 10 0 
241500 2098 1208 316 4 1208 338 13 628 2634 19 7 14 13 0 
241699 2079 1176 329 13 1166 304 9 566 2603 20 7 16 13 0 
241555 2079 1233 320 10 1189 341 7 628 2587 23 9 8 11 0 
241685 2088 1116 328 6 1167 324 9 611 2603 27 4 11 21 0 
241536 2051 1151 368 13 1173 296 7 611 2734 31 6 14 9 0 
241518 2058 1154 300 14 1199 339 7 600 2761 24 3 12 10 1 
241567 2101 1150 361 6 1214 329 5 609 2601 21 12 12 12 0 
241629 2054 1195 334 9 1133 303 10 601 2677 17 7 12 18 1 
241459 2125 1167 344 14 1236 309 7 637 2657 14 4 16 11 0 
241535 2131 1197 319 12 1103 320 14 615 2706 18 5 13 12 0 
241566 2124 1168 331 9 1107 334 10 635 2670 23 7 9 7 0 
241519 2068 1183 330 8 1202 332 8 631 2653 23 8 20 15 0 
241619 2022 1160 352 8 1177 336 14 609 2652 22 4 12 12 1 
241447 2094 1183 325 12 1237 344 11 671 2616 24 10 11 15 0 
241627 2105 1155 292 9 1174 305 9 644 2625 21 6 14 14 0 
241593 2051 1180 355 2 1174 327 10 622 2636 22 5 15 8 0 
241468 2093 1176 349 8 1220 348 9 648 2635 14 9 12 11 0 
241523 2092 1142 316 11 1152 305 13 633 2755 29 5 15 9 0 
241569 2035 1151 315 7 1185 352 9 642 2669 36 6 12 12 0 
241467 2154 1161 336 5 1184 338 8 684 2598 21 10 20 14 0 
241515 2091 1166 351 7 1163 300 12 675 2665 22 2 18 13 0 
241541 2148 1170 321 9 1169 322 4 607 2655 22 9 7 16 0 
241486 2092 1199 330 12 1136 337 12 642 2699 28 2 12 13 0 
241561 2081 1181 308 10 1153 330 11 606 2709 22 3 11 14 0 
241716 2121 1136 298 11 1198 294 5 628 2539 27 8 10 9 0 
241451 2044 1189 329 9 1205 369 6 639 2709 19 10 12 9 0 
241555 2095 1156 296 7 1206 302 12 610 2702 29 13 10 7 0 
241645 2164 1139 345 16 1189 305 5 571 2566 20 11 12 11 1 
241629 2100 1205 346 8 1208 308 13 596 2525 29 9 14 10 0 
241590 2121 1108 314 17 1222 286 13 605 2668 33 6 7 10 0 
241524 2173 1207 294 3 1183 330 8 573 2640 30 7 22 6 0 
241466 2108 1184 314 6 1168 341 8 656 2698 24 7 9 11 0 
241667 2034 1196 325 3 1185 294 10 598 2638 22 7 14 7 0 
241525 2154 1229 334 11 1166 307 5 620 2606 12 4 18 9 0 
241871 2064 1111 332 13 1123 325 7 579 2525 19 8 12 11 0 
241537 2214 1157 309 11 1164 339 8 583 2631 21 8 9 9 0 
241401 2107 1196 319 7 1181 320 9 664 2744 23 10 9 10 0 
241588 2025 1185 350 7 1188 324 6 597 2659 31 12 13 15 0 
241545 2147 1156 332 5 1156 330 8 603 2664 21 9 14 10 0 
241281 2226 1232 331 10 1208 299 9 655 2691 28 6 6 18 0 
241516 2082 1209 316 6 1203 303 4 657 2640 24 11 14 15 0 
241490 2038 1239 346 6 1211 332 15 672 2595 26 5 12 13 0 
241725 2034 1141 339 10 1215 295 7 614 2572 20 2 11 15 0 
241451 2164 1153 341 9 1224 339 8 643 2619 15 8 12 14 0 
241610 2105 1224 349 10 1116 323 13 619 2572 25 8 13 13 0 
241498 2155 1124 329 8 1184 335 5 594 2710 27 6 11 14 0 
241457 2065 1147 329 17 1174 313 10 690 2738 22 12 13 13 0 
241480 2097 1228 297 10 1204 302 7 605 2726 20 4 10 10 0 
241495 2155 1197 325 16 1204 335 19 613 2583 31 8 8 11 0 
241723 2090 1142 339 7 1206 326 12 578 2519 27 6 8 17 0 
241676 2119 1139 340 7 1132 311 4 616 2605 21 8 7 15 0 
241504 2141 1153 315 8 1188 332 6 635 2660 22 7 12 17 0 
241422 2090 1213 318 7 1185 327 7 669 2705 24 6 10 17 0 
241612 2108 1159 293 10 1135 301 13 663 2649 27 8 12 10 0 
241620 2124 1181 337 14 1142 302 6 598 2623 22 6 12 13 0 
241625 2086 1154 317 11 1158 316 8 628 2636 33 6 10 12 0 
241405 2206 1171 336 8 1235 314 11 597 2657 32 9 12 7 0 
241484 2098 1180 344 10 1169 315 11 609 2720 32 5 11 12 0 
241729 2078 1102 305 7 1184 323 7 636 2587 18 3 12 9 0 
241438 2148 1162 346 9 1243 334 11 602 2652 28 7 10 10 0 
241436 2083 1178 334 6 1234 323 9 621 2725 21 2 12 16 0 
241560 2115 1239 336 11 1163 309 9 644 2564 15 6 11 18 0 
241697 1996 1155 326 9 1200 296 11 632 2630 9 12 13 14 0 
241684 2044 1162 316 6 1201 280 10 649 2600 20 3 10 15 0 
241584 2058 1169 326 10 1171 324 13 637 2658 23 6 7 14 0 
241751 2078 1142 343 9 1188 289 9 592 2556 23 5 6 9 0 
241500 2096 1186 303 9 1168 296 3 686 2687 23 9 15 19 0 
241582 2153 1140 321 8 1175 305 14 616 2635 17 6 13 15 0 
241509 2138 1162 335 2 1186 306 8 611 2701 18 2 8 14 0 
241609 2122 1152 324 8 1206 335 11 620 2555 26 9 13 10 0 
241570 2074 1127 327 10 1161 320 15 658 2690 25 5 10 8 0 
241427 2164 1201 307 8 1234 343 14 618 2615 31 7 14 17 0 
241686 2048 1149 315 3 1173 279 10 646 2642 26 7 7 9 0 
241650 2100 1143 290 4 1135 320 5 588 2714 21 8 10 12 0 
241622 2104 1154 329 8 1193 344 15 611 2581 16 4 12 7 0 
241480 2153 1218 328 8 1144 323 11 645 2640 26 10 7 7 0 
241541 2086 1182 300 4 1173 328 10 668 2659 22 9 9 9 0 
241636 2049 1156 312 7 1131 335 3 650 2658 32 10 13 8 0 
241456 2169 1206 342 12 1162 339 7 636 2618 25 6 9 12 1 
241663 2077 1196 309 5 1110 315 13 608 2646 26 10 14 8 0 
241576 2101 1158 309 12 1176 321 13 647 2637 27 3 10 10 0 
241646 2093 1150 322 15 1145 328 9 568 2663 25 4 12 20 0 
241657 2063 1185 337 5 1139 333 7 601 2616 24 7 14 12 0 
241505 2085 1221 332 6 1194 318 12 643 2635 15 7 10 17 0 
241624 2069 1127 308 10 1238 307 13 601 2638 24 10 12 19 0 
241651 2038 1161 358 12 1180 287 4 635 2614 22 9 14 15 0 
241598 2094 1217 342 12 1143 335 8 608 2574 25 10 17 17 0 
241625 2131 1144 307 8 1171 321 6 611 2606 25 11 18 16 0 
241471 2135 1178 319 9 1220 334 7 641 2629 24 11 8 14 0 
241506 2121 1113 334 6 1180 328 8 640 2711 27 7 10 9 0 
241443 2102 1124 368 9 1220 326 7 665 2684 19 9 11 13 0 
241594 2043 1139 330 7 1232 296 7 635 2659 28 6 12 12 0 
241531 2076 1171 332 12 1183 311 7 624 2707 18 3 8 17 0 
241565 2082 1182 353 8 1179 309 5 634 2637 19 2 7 18 0 
241649 2079 1127 344 11 1144 325 1 621 2647 20 8 11 13 0 
241540 2127 1161 324 8 1151 298 14 622 2702 17 8 15 13 0 
241466 2114 1223 340 11 1183 314 11 607 2668 23 6 17 17 0 
241417 2174 1164 323 10 1203 349 9 623 2668 29 7 12 12 0 
241376 2186 1166 331 14 1184 333 8 650 2709 18 7 6 12 0 
241509 2061 1179 320 7 1116 348 5 612 2781 31 10 10 11 0 
241602 2058 1158 298 6 1212 351 11 608 2652 18 8 8 10 0 
241479 2155 1174 344 14 1170 321 8 645 2642 19 6 9 14 0 
241533 2205 1144 298 9 1168 315 10 624 2635 22 9 16 12 0 
241485 2141 1211 315 10 1175 344 15 611 2625 34 5 18 11 0 
241558 2124 1111 332 11 1110 302 7 630 2752 23 13 9 18 0 
241634 2126 1147 322 5 1117 322 7 625 2630 35 4 15 11 0 
241587 2118 1125 310 12 1190 328 5 641 2637 14 8 14 11 0 
241572 2113 1135 330 9 1204 297 11 634 2633 25 10 14 13 0 
241427 2107 1248 368 13 1110 355 15 639 2662 29 4 11 12 0 
241649 2071 1155 322 11 1155 343 11 623 2616 22 2 16 4 0 
241589 2156 1126 304 7 1144 320 10 556 2732 23 5 13 15 0 
241435 2112 1228 346 7 1176 311 7 582 2729 31 12 8 16 0 
241416 2141 1187 323 13 1194 331 12 635 2692 18 8 11 19 0 
241681 2065 1227 293 9 1123 322 7 626 2593 24 10 12 8 0 
241331 2137 1159 338 16 1271 333 12 630 2726 24 6 10 7 0 
241472 2151 1159 303 11 1148 325 7 663 2690 24 12 16 19 0 
241434 2068 1159 341 7 1194 327 9 673 2745 22 7 7 7 0 
241573 2150 1187 339 3 1146 326 6 620 2597 22 5 12 14 0 
241659 2046 1163 334 13 1139 298 5 629 2668 20 5 9 12 0 
241616 2171 1151 306 8 1109 314 9 592 2674 14 8 17 11 0 
241528 2057 1173 331 8 1178 328 6 663 2683 23 7 7 8 0 
241587 2124 1136 321 7 1211 348 10 603 2605 19 8 12 9 0 
241380 2084 1170 353 10 1152 338 12 674 2774 25 8 9 11 0 
241544 2066 1198 303 9 1235 345 9 597 2645 19 6 13 11 0 
241722 2108 1123 319 10 1133 318 8 633 2579 29 2 11 5 0 
241555 2054 1160 375 4 1144 325 8 630 2676 33 6 18 12 0 
241630 2032 1144 309 8 1116 312 11 631 2739 25 12 21 10 0 
241404 2183 1193 327 10 1152 322 10 577 2761 21 8 8 24 0 
241621 2058 1123 306 9 1141 355 6 613 2715 19 9 17 8 0 
241466 2117 1199 314 7 1212 314 8 599 2707 21 9 10 17 0 
241469 2034 1168 381 11 1188 348 12 618 2718 21 6 14 12 0 
241625 2136 1163 326 9 1141 353 11 628 2563 14 10 10 11 0 
241326 2162 1251 282 12 1216 346 14 642 2698 20 8 13 10 0 
241482 2162 1176 300 14 1165 322 6 637 2675 24 13 14 10 0 
241517 2099 1165 348 9 1134 313 14 674 2672 23 6 15 11 0 
241543 2177 1172 352 14 1154 299 8 630 2599 27 5 4 15 1 
241569 2069 1119 332 12 1199 312 4 616 2712 29 11 9 7 0 
241533 2117 1187 324 8 1142 326 3 607 2707 21 8 12 5 0 
241525 2077 1136 323 7 1221 337 7 627 2682 21 7 12 18 0 
241425 2133 1238 321 10 1184 285 6 644 2701 22 4 7 20 0 
241460 2114 1202 329 13 1125 345 7 612 2732 23 6 18 14 0 
241503 2048 1259 308 6 1200 330 8 644 2643 24 5 12 10 0 
241413 2094 1224 341 11 1249 349 8 642 2614 21 11 10 13 0 
241386 2129 1147 335 10 1185 364 12 631 2739 29 9 15 9 0 
241635 2154 1137 315 5 1187 307 8 593 2599 27 8 12 12 1 
241477 2145 1175 302 6 1153 344 9 638 2697 22 7 12 13 0 
241574 2099 1221 331 16 1197 320 7 593 2593 19 7 11 12 0 
241506 2163 1133 306 12 1183 329 8 605 2701 25 9 12 8 0 
241537 2018 1201 332 6 1246 315 9 655 2614 20 11 19 17 0 
241699 2045 1153 327 6 1147 312 9 650 2607 16 5 7 17 0 
241603 2066 1179 317 4 1175 353 5 610 2627 19 13 14 15 0 
241637 2044 1195 335 7 1204 350 8 636 2527 18 8 18 13 0 
241619 2066 1150 335 9 1104 338 10 586 2732 19 6 13 13 0 
241482 2169 1126 310 7 1202 285 13 664 2683 17 16 13 13 0 
241596 2019 1147 324 8 1187 315 11 624 2720 16 7 13 13 0 
241371 2189 1176 330 9 1219 339 9 646 2652 23 7 13 17 0 
241659 2087 1182 301 8 1179 343 4 602 2585 23 5 9 13 0 
241527 2074 1195 310 15 1209 348 12 662 2601 15 9 10 13 0 
241554 2077 1162 313 15 1178 355 6 618 2664 24 5 16 13 0 
241359 2128 1189 357 15 1189 309 10 622 2767 22 6 13 14 0 
241476 2138 1207 325 7 1135 342 13 622 2690 19 2 7 17 0 
241580 2044 1179 328 10 1206 306 16 634 2653 20 3 12 9 0 
241565 2024 1156 297 11 1209 326 8 674 2682 23 9 6 10 0 
241705 2041 1089 325 6 1142 314 14 648 2666 18 7 10 15 0 
241511 2032 1218 366 11 1237 306 6 621 2630 33 2 14 13 0 
241342 2148 1209 363 9 1181 339 10 685 2650 28 7 14 15 0 
241576 2132 1167 322 10 1156 317 9 596 2658 31 5 13 8 0 
241496 2098 1211 293 11 1213 338 10 645 2643 15 6 12 8 1 
241525 2166 1133 341 10 1164 314 9 634 2661 22 5 8 8 0 
241621 2101 1142 314 12 1161 340 5 573 2678 21 6 13 13 0 
241456 2156 1236 374 5 1190 306 6 637 2595 16 10 9 4 0 
241712 2045 1163 340 8 1116 333 13 629 2578 22 7 18 16 0 
241632 2033 1181 318 6 1201 347 11 553 2663 22 7 13 13 0 
241552 2105 1154 299 10 1214 295 9 602 2705 25 8 14 8 0 
241629 2064 1126 320 12 1193 306 7 613 2681 23 8 9 9 0 
241479 2123 1216 355 11 1178 310 12 614 2642 24 10 11 15 0 
241603 2063 1169 331 17 1175 310 6 635 2642 19 8 10 12 0 
241479 2196 1134 354 13 1209 295 9 618 2637 25 3 17 11 0 
241643 2083 1151 333 11 1174 294 9 600 2650 26 6 12 8 0 
241536 2058 1142 309 13 1209 323 11 622 2727 27 3 10 10 0 
241581 2059 1200 316 7 1114 328 8 645 2690 23 5 13 11 0 
241631 2049 1201 323 11 1182 339 14 637 2561 22 8 12 10 0 
241503 2120 1210 332 6 1214 321 9 625 2601 18 6 20 14 1 
241591 2135 1183 332 8 1156 302 8 626 2618 16 8 8 9 0 
241400 2169 1227 336 9 1235 323 7 626 2617 26 3 13 9 0 
241472 2197 1135 334 9 1196 334 7 670 2586 20 8 16 16 0 
241567 2054 1171 316 13 1121 322 12 622 2749 20 6 16 11 0 
241581 2141 1191 326 7 1152 321 10 570 2650 23 5 14 9 0 
241513 2121 1231 330 6 1185 319 6 626 2608 19 10 13 13 0 
241634 2010 1203 312 14 1166 303 6 670 2625 26 3 18 9 1 
241553 2098 1159 319 8 1222 329 7 663 2592 23 5 9 13 0 
241470 2054 1214 334 14 1217 328 10 644 2667 23 6 8 11 0 
241436 2100 1213 338 3 1232 321 8 626 2674 23 5 12 9 0 
241666 2087 1137 342 9 1191 315 12 627 2568 23 3 9 11 0 
241522 2075 1196 341 12 1134 343 14 641 2658 34 7 12 11 0 
241375 2195 1186 349 15 1216 319 5 636 2638 36 4 15 11 0 
241491 2141 1216 338 16 1134 307 10 581 2712 26 7 8 13 0 
241487 2179 1204 290 6 1134 321 8 633 2690 28 9 5 6 0 
241641 2029 1176 323 7 1155 340 2 589 2679 27 9 13 10 0 
241584 2110 1128 320 7 1177 342 12 620 2629 35 6 19 11 0 
241519 2053 1185 379 13 1168 299 6 608 2702 23 8 16 20 1 
241523 2089 1203 359 10 1174 315 9 634 2629 26 5 12 12 0 
241501 2085 1196 322 4 1212 332 10 594 2697 12 8 12 15 0 
241511 2071 1142 341 7 1218 338 11 630 2669 29 7 8 18 0 
241533 2110 1145 327 7 1216 313 12 582 2699 22 10 15 9 0 
241556 2082 1196 352 11 1157 319 9 625 2631 27 8 16 11 0 
241576 2054 1229 339 13 1185 332 9 619 2599 20 6 10 9 0 
241421 2114 1193 323 10 1196 335 11 651 2688 30 6 12 10 0 
241445 2073 1221 344 10 1185 372 10 639 2640 26 8 11 16 0 
241715 2100 1197 291 9 1176 301 11 618 2527 21 7 15 12 0 
241531 2134 1195 291 11 1184 332 4 590 2686 20 5 7 10 0 
241478 2144 1178 351 8 1217 355 6 623 2599 19 4 5 13 0 
241468 2114 1193 347 3 1161 304 12 650 2683 30 6 15 14 0 
241709 1993 1138 312 6 1153 334 11 591 2702 22 6 12 11 0 
241363 2111 1250 356 8 1172 331 11 666 2677 23 7 16 9 0 
241607 2077 1180 331 9 1166 329 7 580 2662 26 6 13 7 0 
241536 2165 1168 340 11 1183 297 6 640 2596 36 4 10 8 0 
241675 2137 1158 327 7 1165 304 7 603 2564 21 6 16 9 1 
241450 2194 1188 343 10 1194 320 9 633 2606 19 10 13 11 0 
241491 2123 1201 304 4 1175 329 16 626 2682 23 6 7 13 0 
241468 2123 1165 327 9 1160 335 5 656 2690 26 6 11 18 1 
241461 2124 1192 326 7 1165 337 8 631 2700 20 6 7 16 0 
241625 2116 1164 314 11 1133 288 7 624 2666 27 5 6 14 0 
241446 2106 1220 338 12 1207 318 15 625 2651 21 10 17 14 0 
241562 2030 1250 324 6 1187 327 10 628 2626 23 9 10 8 0 
241542 2160 1216 299 6 1161 293 5 656 2603 23 9 12 15 0 
241612 2101 1184 339 6 1134 345 5 583 2647 15 8 13 8 0 
241575 2007 1206 343 9 1200 327 11 658 2613 20 10 9 12 0 
241797 2016 1137 310 10 1144 319 8 637 2555 26 11 13 17 0 
241399 2150 1197 364 5 1210 303 10 657 2652 23 8 10 12 0 
241567 2076 1254 313 12 1187 347 7 582 2601 24 9 9 12 0 
241639 2092 1224 294 10 1121 317 8 620 2607 32 11 10 15 0 
241560 2159 1188 299 6 1165 311 7 633 2616 23 5 14 14 0 
241510 2101 1209 319 11 1199 336 8 623 2625 23 7 14 15 0 
241420 2120 1204 332 7 1207 314 8 651 2676 28 10 12 11 0 
241415 2166 1231 316 7 1166 315 7 629 2695 20 6 15 11 1 
241435 2086 1195 323 12 1157 356 10 627 2748 21 9 7 14 0 
241455 2159 1182 325 12 1198 343 4 633 2639 18 4 13 15 0 
241567 2129 1211 311 10 1154 306 6 602 2642 26 6 18 12 0 
241795 2020 1075 328 11 1145 317 10 639 2605 24 7 10 14 0 
241437 2151 1122 376 11 1189 326 9 654 2668 28 6 10 13 0 
241376 2120 1222 324 8 1206 320 5 655 2708 25 7 9 14 1 
241545 2157 1144 339 10 1211 337 15 572 2613 32 6 11 8 0 
241569 2109 1182 317 8 1126 312 12 669 2644 25 5 10 12 0 
241566 2147 1157 350 10 1181 285 13 600 2650 17 2 16 6 0 
241433 2161 1180 322 11 1192 338 11 642 2654 26 5 10 15 0 
241613 2089 1186 293 13 1215 327 10 619 2594 13 8 7 13 0 
241455 2166 1173 295 10 1205 329 6 625 2695 14 5 7 15 0 
241552 2115 1151 329 10 1203 312 15 633 2620 21 4 21 14 0 
241731 2094 1095 329 3 1151 315 9 627 2586 28 10 12 10 0 
241587 2131 1130 306 14 1208 325 10 637 2590 30 9 10 13 0 
241575 2134 1164 319 7 1205 296 8 604 2648 17 4 10 9 0 
241621 2071 1238 310 10 1104 351 11 631 2597 26 7 10 13 0 
241433 2150 1171 342 4 1218 326 11 657 2637 28 2 6 15 0 
241798 2068 1123 309 14 1101 331 6 628 2554 27 13 14 14 0 
241487 2129 1123 365 3 1154 341 6 655 2689 21 4 13 10 0 
241377 2127 1208 332 8 1181 355 12 621 2729 19 7 12 12 0 
241609 2105 1164 291 10 1163 366 13 616 2611 20 6 12 13 1 
241466 2117 1239 313 5 1149 344 10 631 2661 25 10 16 14 0 
241479 2125 1169 333 10 1133 329 10 637 2726 17 11 15 6 0 
241440 2256 1150 321 7 1223 301 10 621 2607 26 7 13 18 0 
241462 2101 1214 330 7 1184 327 13 650 2667 21 7 12 5 0 
241495 2161 1145 313 9 1161 333 10 618 2694 29 6 9 16 1 
241595 2099 1155 321 12 1185 320 10 607 2649 21 4 11 11 0 
241567 2074 1214 350 8 1141 309 14 655 2611 25 8 12 12 0 
241598 2088 1143 333 7 1177 319 8 602 2685 16 11 5 8 0 
241465 2070 1187 323 14 1173 341 13 618 2754 18 4 8 12 0 
241679 2103 1136 342 8 1189 345 15 618 2510 19 12 13 11 0 
241577 2138 1166 317 14 1246 302 10 567 2606 26 8 10 13 0 
241588 2054 1133 315 16 1176 309 7 633 2715 20 6 13 15 0 
241420 2149 1172 347 4 1192 324 5 628 2705 26 6 11 11 0 
241510 2100 1209 294 5 1134 340 6 640 2704 28 6 14 10 0 
241637 2037 1190 313 7 1188 302 3 622 2644 22 8 10 17 0 
241361 2232 1207 321 11 1178 349 9 651 2633 27 4 10 7 0 
241570 2100 1186 314 13 1142 310 10 617 2692 17 7 11 11 0 
241705 2049 1184 291 14 1195 317 13 610 2568 18 6 15 15 0 
241596 2109 1162 276 8 1209 302 15 604 2666 30 1 12 10 0 
241451 2130 1175 298 16 1215 317 12 633 2708 15 4 13 13 0 
241673 2180 1155 330 10 1136 303 13 580 2569 26 2 11 12 0 
