48374 249 282 92 4 286 73 0 93 536 2 2 7 0 0 
48309 252 292 104 2 275 63 0 100 595 5 1 2 0 0 
48405 255 281 93 1 278 80 2 97 495 2 3 5 3 0 
48338 271 293 110 2 290 73 4 92 516 1 2 7 1 0 
48395 268 277 89 4 295 70 0 83 510 2 4 0 3 0 
48361 262 277 103 1 270 53 1 94 567 3 0 2 6 0 
48438 245 263 79 3 242 70 1 97 548 3 4 4 3 0 
48325 248 314 108 3 274 62 0 105 550 4 1 3 3 0 
48402 267 290 92 1 269 52 2 88 526 3 2 3 3 0 
48387 281 292 98 3 244 56 1 89 545 1 0 3 0 0 
48384 257 288 94 1 270 76 1 78 543 4 0 2 2 0 
48312 255 339 95 1 258 69 1 100 560 1 2 4 3 0 
48383 248 282 113 0 267 56 2 100 540 3 3 1 2 0 
48315 278 301 100 0 252 74 1 86 579 6 4 1 3 0 
48377 288 283 93 0 244 75 0 97 536 3 1 1 2 0 
48389 256 292 101 1 281 70 1 96 506 2 1 1 3 0 
48354 273 310 104 0 253 60 0 87 550 2 2 3 2 0 
48376 282 287 105 3 278 64 2 93 506 2 0 0 2 0 
48327 248 286 110 2 271 65 2 106 575 1 2 1 4 0 
48374 255 291 91 1 270 67 0 100 540 4 1 1 5 0 
48295 260 300 100 1 299 67 2 99 567 4 1 3 2 0 
48344 287 295 91 3 263 53 1 99 550 6 1 6 1 0 
48326 261 316 104 0 268 71 3 93 546 3 3 4 2 0 
48344 272 344 97 1 270 62 0 90 505 6 2 5 2 0 
48386 245 292 99 1 273 70 2 95 520 5 2 3 7 0 
48321 278 312 94 1 286 74 0 87 535 4 3 3 2 0 
48356 268 289 94 1 270 59 2 94 558 4 1 2 2 0 
48358 260 282 93 1 244 70 1 104 578 2 4 1 2 0 
48345 265 298 95 2 265 73 0 100 540 5 4 4 4 0 
48375 269 292 94 1 292 73 1 89 506 2 2 4 0 0 
48440 276 283 75 3 239 59 3 90 520 4 2 2 4 0 
48368 278 305 99 3 253 66 0 84 529 3 3 6 3 0 
48441 261 274 83 4 277 71 0 86 493 2 2 4 2 0 
48477 237 280 82 5 243 63 3 93 508 4 1 1 3 0 
48362 271 295 87 1 276 72 2 90 530 2 3 4 5 0 
48300 299 303 108 2 298 78 3 101 494 3 3 3 5 0 
48418 258 300 97 1 251 64 2 83 515 2 2 3 4 0 
48415 242 306 91 0 244 60 1 93 534 7 1 4 2 0 
48427 253 297 83 0 269 70 0 75 519 3 2 1 1 0 
48411 238 280 80 4 278 74 1 89 529 4 0 7 5 0 
48397 253 289 98 1 255 59 0 97 539 3 1 4 4 0 
48411 243 296 81 2 270 70 4 92 517 6 5 0 3 0 
48344 271 338 86 5 258 69 2 99 517 1 3 4 3 0 
48315 260 287 101 1 271 73 0 113 564 5 2 4 4 0 
48445 240 280 107 1 251 61 2 107 491 7 3 2 3 0 
48421 247 301 90 0 254 59 1 97 522 0 2 3 3 0 
48398 261 293 101 1 236 70 1 102 526 3 2 3 3 0 
48439 243 276 93 0 283 69 1 82 501 6 1 4 2 0 
48360 290 296 97 1 239 72 2 99 533 2 1 3 5 0 
48384 282 293 91 1 270 68 3 83 512 6 5 1 1 0 
48429 258 274 99 3 271 58 1 94 504 1 2 4 2 0 
48373 261 299 83 1 253 52 1 87 577 4 2 2 5 0 
48372 244 292 88 1 270 72 3 88 559 3 1 3 4 0 
48325 268 319 80 2 274 57 0 95 563 2 2 5 8 0 
48370 270 294 86 3 298 64 0 99 510 1 0 3 2 0 
48383 261 300 93 1 254 74 1 98 526 3 2 1 3 0 
48340 283 318 104 4 264 82 1 97 501 2 2 1 1 0 
48412 261 298 73 2 248 57 1 92 545 4 1 1 5 0 
48405 282 253 76 3 286 50 1 81 551 3 4 2 3 0 
48384 270 273 90 2 250 73 0 101 544 3 2 3 5 0 
48337 255 284 89 1 279 85 1 77 587 1 1 0 3 0 
48420 280 292 92 1 255 64 3 86 498 2 1 3 3 0 
48361 263 304 83 2 257 66 1 94 556 5 1 2 5 0 
48354 268 289 89 2 270 80 3 103 530 6 1 5 0 0 
48371 271 312 102 3 265 62 1 89 514 4 1 2 3 0 
48411 268 274 94 1 272 70 0 85 518 5 1 0 1 0 
48402 249 295 107 1 264 62 1 84 523 4 4 2 2 0 
48353 275 288 91 4 277 84 1 80 535 4 4 1 3 0 
48376 263 317 92 1 289 60 0 86 507 3 3 3 0 0 
48356 281 290 96 2 287 57 1 91 531 4 0 2 2 0 
48391 235 292 94 3 277 45 0 99 555 4 1 1 3 0 
48404 270 300 97 0 224 58 1 113 518 4 1 9 1 0 
48376 249 283 107 2 271 62 0 85 554 3 5 1 2 0 
48363 266 295 91 1 261 63 1 97 554 3 1 3 1 0 
48427 231 297 85 1 270 64 2 88 520 4 1 6 4 0 
48349 256 322 93 2 261 53 0 92 558 4 2 5 3 0 
48388 256 295 108 1 274 66 3 78 518 9 3 1 0 0 
48453 260 282 88 1 248 61 1 76 523 2 1 3 1 0 
48401 232 316 97 1 252 72 2 83 531 5 2 4 2 0 
48314 294 286 108 0 262 57 2 84 582 4 2 3 2 0 
48354 288 279 98 3 262 58 1 85 563 2 4 1 2 0 
48406 247 293 88 1 264 66 2 100 522 1 2 3 5 0 
48352 285 294 95 3 238 82 0 98 538 6 1 4 4 0 
48322 289 292 107 1 252 59 2 119 546 1 5 1 4 0 
48396 253 334 105 2 252 66 2 74 506 3 2 2 3 0 
48335 291 274 111 2 245 62 1 98 571 2 2 3 3 0 
48397 259 319 87 2 251 69 0 83 527 0 3 1 2 0 
48369 294 301 77 1 265 62 2 101 515 2 3 1 7 0 
48392 262 278 103 1 246 62 1 86 561 2 2 2 2 0 
48424 269 242 85 1 299 53 2 93 520 1 1 4 6 0 
48445 234 283 90 0 263 55 2 100 522 2 1 2 1 0 
48353 282 275 104 2 265 57 2 96 552 6 2 3 1 0 
48401 271 294 91 2 272 60 0 97 501 2 2 3 4 0 
48389 267 287 95 2 261 68 3 88 530 3 2 3 2 0 
48369 275 279 84 1 291 47 0 96 544 5 5 2 2 0 
48279 270 320 82 3 253 74 2 113 596 1 2 3 2 0 
48487 248 269 73 2 252 70 0 88 502 4 2 1 2 0 
48365 264 311 95 1 240 74 0 86 557 2 1 2 2 0 
48492 232 299 94 3 232 64 2 92 484 1 2 0 3 0 
48393 273 317 87 3 254 48 2 97 515 6 1 1 3 0 
48357 285 289 97 3 292 70 2 82 513 1 3 2 4 0 
48322 297 308 91 1 269 73 1 74 551 2 3 1 7 0 
48421 261 270 103 0 274 66 0 76 522 0 1 3 3 0 
48391 245 342 111 3 264 51 1 90 490 6 1 4 1 0 
48326 274 280 87 4 282 79 0 109 548 5 0 6 0 0 
48394 267 288 91 1 244 66 2 99 540 2 1 2 3 0 
48340 263 307 89 1 275 80 0 87 553 1 0 2 2 0 
48404 251 304 85 2 246 73 1 87 536 2 4 3 2 0 
48400 236 273 87 0 297 70 1 98 531 2 3 1 1 0 
48335 266 311 100 4 276 62 1 94 539 2 3 4 3 0 
48276 295 327 100 2 269 66 1 92 563 2 1 1 5 0 
48351 260 270 92 0 295 57 1 86 580 1 2 1 4 0 
48469 253 291 92 5 245 68 1 80 491 0 1 0 4 0 
48362 223 296 86 1 288 54 3 114 558 5 3 3 4 0 
48490 242 305 73 1 243 63 1 95 476 1 3 5 2 0 
48406 245 282 89 0 272 69 0 90 541 1 2 1 2 0 
48374 237 283 98 2 288 75 1 98 530 3 1 3 7 0 
48332 244 326 104 2 275 48 1 112 544 3 0 6 3 0 
48400 261 293 82 2 268 59 0 105 521 1 1 3 4 0 
48429 267 297 96 1 226 43 3 80 548 1 3 3 3 0 
48271 263 335 88 0 258 77 1 113 582 4 0 5 3 0 
48358 258 298 95 2 269 61 2 101 550 1 2 2 1 0 
48484 236 296 79 2 231 59 2 101 500 3 2 3 1 1 
48356 264 281 95 2 276 60 3 95 559 1 2 5 1 0 
48379 235 291 92 2 278 56 2 89 571 0 0 3 2 0 
48438 229 300 97 0 269 49 1 94 511 4 2 2 4 0 
48359 278 310 111 1 265 53 1 100 512 5 2 1 2 0 
48415 250 295 116 1 247 72 0 92 494 9 3 2 4 0 
48314 237 328 102 0 285 70 2 96 553 5 1 1 6 0 
48369 266 288 101 3 279 62 1 97 515 4 4 3 7 1 
48314 265 328 103 4 265 53 3 108 545 3 1 4 4 0 
48381 251 298 112 3 238 62 3 103 538 4 1 3 3 0 
48442 257 293 93 2 279 58 1 88 482 2 0 2 1 0 
48374 296 295 87 2 256 69 2 86 526 2 0 4 1 0 
48401 266 307 87 2 278 55 2 103 492 0 1 4 2 0 
48360 256 301 93 0 280 57 2 79 561 3 2 3 3 0 
48385 286 294 93 1 262 64 3 112 485 2 2 6 5 0 
48287 289 314 84 1 276 65 2 93 584 1 0 0 4 0 
48374 246 312 97 2 238 75 3 93 552 1 0 4 3 0 
48400 259 302 68 1 232 61 0 111 557 0 1 6 2 0 
48349 270 315 97 0 262 76 1 95 520 3 2 5 5 0 
48404 226 295 89 1 277 72 0 91 532 2 3 4 4 0 
48368 249 309 90 2 264 58 0 106 540 4 2 4 4 0 
48429 281 288 101 1 238 61 1 87 506 1 3 2 1 0 
48376 291 267 90 2 266 73 0 88 535 4 3 3 2 0 
48428 248 313 76 1 267 52 1 84 525 2 0 2 1 0 
48368 270 291 85 2 266 70 0 109 529 2 3 4 1 0 
48371 251 304 99 0 263 62 0 89 552 2 4 0 3 0 
48380 277 284 94 2 268 78 2 97 509 1 2 5 1 0 
48338 286 322 86 1 252 72 1 90 537 4 6 2 3 0 
48355 258 288 101 2 293 54 2 112 529 2 1 0 3 0 
48343 261 315 93 1 267 78 2 79 554 4 1 1 1 0 
48326 257 301 103 5 271 76 3 90 563 3 1 0 1 0 
48378 253 285 112 1 278 55 0 95 536 1 2 3 1 0 
48382 258 293 89 1 244 74 0 80 570 1 1 2 5 0 
48404 239 296 97 5 266 74 0 89 522 3 2 1 2 0 
48351 260 282 94 1 295 75 1 92 535 4 1 4 5 0 
48424 253 299 97 2 246 62 1 110 491 5 2 2 6 0 
48433 256 280 114 1 265 42 0 102 501 1 0 1 4 0 
48350 273 306 80 3 273 91 6 88 522 1 4 1 2 0 
48388 278 287 109 1 281 62 2 93 492 2 3 1 1 0 
48393 245 297 101 3 263 53 1 90 544 0 2 6 2 0 
48446 234 295 100 2 247 64 5 84 515 2 3 2 1 0 
48419 258 251 100 3 246 85 0 96 533 4 0 4 1 0 
48418 245 289 79 3 272 76 1 91 518 1 0 4 3 0 
48314 280 278 89 1 283 65 2 111 568 1 2 2 4 0 
48367 272 296 73 1 260 67 2 115 537 5 0 3 2 0 
48322 266 307 98 5 280 65 3 98 548 3 2 1 2 0 
48349 248 313 97 3 289 71 4 89 527 5 1 3 1 0 
48365 279 313 114 2 243 62 3 103 505 5 0 5 1 0 
48385 246 298 103 0 254 69 0 87 549 2 1 3 3 0 
48381 274 292 102 1 271 69 2 104 493 5 1 2 3 0 
48405 227 314 105 2 255 56 2 85 537 2 2 3 5 0 
48374 242 300 99 2 241 68 4 95 566 3 1 2 3 0 
48364 271 289 109 4 272 67 1 95 518 2 0 7 1 0 
48402 250 291 108 4 242 57 0 83 549 3 1 4 6 0 
48358 275 320 99 1 259 61 1 79 535 1 1 7 3 0 
48401 254 300 83 2 269 83 2 92 506 1 2 2 3 0 
48425 237 292 97 1 277 54 1 93 511 2 1 0 9 0 
48374 268 278 102 0 288 70 1 103 504 5 1 4 2 0 
48321 266 324 101 3 264 65 1 89 551 6 3 2 4 0 
48347 262 285 95 1 283 66 2 96 556 4 2 0 1 0 
48368 257 261 100 1 255 61 0 99 588 2 1 6 1 0 
48352 262 311 105 2 258 81 2 104 514 6 1 2 0 0 
48399 256 283 102 4 255 71 2 95 519 3 2 3 6 0 
48382 256 285 99 1 261 74 1 82 544 3 1 7 4 0 
48332 280 306 97 2 285 71 3 86 531 1 0 5 1 0 
48315 262 306 97 4 258 67 0 126 557 0 2 4 2 0 
48404 258 300 87 4 260 66 1 80 529 5 1 3 2 0 
48440 269 260 98 0 251 67 0 89 515 4 1 2 3 1 
48313 269 322 103 2 260 68 1 99 549 6 4 3 1 0 
48336 256 315 96 0 275 53 4 100 554 0 1 6 4 0 
48370 255 319 91 1 247 74 2 110 526 2 0 1 2 0 
48376 276 300 105 2 260 74 0 88 511 1 3 2 2 0 
48326 268 322 91 1 268 72 0 91 551 4 2 2 2 0 
48379 291 293 89 2 260 71 2 94 507 3 4 3 2 0 
48328 284 288 98 4 274 73 1 95 549 2 0 0 4 0 
48321 268 327 100 3 256 65 3 106 541 3 2 4 1 0 
48391 277 286 94 2 260 59 0 104 521 1 0 3 2 0 
48352 305 274 98 4 256 58 1 88 551 3 1 4 5 0 
48373 261 293 96 2 264 63 3 95 542 1 2 3 2 0 
48414 281 283 92 4 256 55 2 104 498 3 3 1 4 0 
48404 238 302 83 0 265 61 0 97 538 2 3 4 3 0 
48452 282 260 97 1 254 61 2 80 501 6 1 2 1 0 
48324 295 295 82 1 284 66 2 105 533 4 1 4 4 0 
48369 283 276 95 4 273 69 1 96 528 4 0 0 2 0 
48347 249 294 99 0 296 71 1 98 533 3 3 4 2 0 
48419 273 292 107 1 218 57 1 113 510 3 2 1 3 0 
48410 225 294 99 1 286 55 2 90 529 3 1 3 2 0 
48350 248 307 88 1 290 67 1 102 535 2 1 4 4 0 
48291 270 316 86 0 282 79 0 104 564 4 1 1 2 0 
48326 254 311 112 1 252 58 2 95 576 1 0 7 5 0 
48349 266 317 91 3 293 54 1 92 523 4 1 2 4 0 
48425 273 302 85 3 233 61 1 82 527 1 4 1 2 0 
48476 257 268 89 0 249 78 3 79 498 1 1 0 1 0 
48384 265 279 100 3 269 69 1 96 519 4 3 5 3 0 
48339 272 338 92 3 261 46 2 110 529 0 1 4 3 0 
48384 293 275 105 1 255 72 0 71 530 6 2 2 4 0 
48409 244 296 84 0 282 51 0 77 544 0 5 3 5 0 
48447 244 297 80 2 255 61 4 82 520 3 1 1 3 0 
48448 265 286 114 1 213 64 2 88 496 6 4 11 2 0 
48301 284 322 83 2 274 74 2 89 564 1 1 3 0 0 
48437 276 272 84 1 269 68 1 86 499 2 1 3 1 0 
48444 263 266 96 1 233 68 1 106 506 4 3 3 6 0 
48411 260 323 96 2 268 70 1 91 469 0 5 3 1 0 
48392 259 323 84 0 243 57 3 98 536 1 1 2 1 0 
48399 270 277 93 2 260 54 2 109 525 1 2 6 0 0 
48271 287 320 90 1 285 70 2 100 565 4 1 1 2 1 
48345 268 291 98 0 282 79 2 75 547 5 3 1 4 0 
48346 270 300 102 3 293 66 1 86 524 1 2 3 3 0 
48304 271 316 112 2 276 61 1 96 552 2 3 2 2 0 
48424 267 265 90 1 271 65 0 92 518 4 1 0 2 0 
48404 285 274 93 1 260 59 1 94 524 1 2 0 2 0 
48392 228 307 113 2 258 72 2 100 510 3 1 2 10 0 
48301 272 298 105 1 296 63 2 98 557 3 1 0 3 0 
48373 266 307 92 2 237 68 1 94 545 3 1 6 5 0 
48370 276 283 81 3 264 69 4 103 537 4 2 3 1 0 
48385 265 292 81 2 273 72 1 87 536 2 1 1 2 0 
48421 256 299 101 1 252 64 0 92 508 2 0 2 2 0 
48429 230 280 94 2 260 58 3 99 532 3 2 4 4 0 
48419 270 317 90 0 267 55 0 89 477 4 3 4 5 0 
48381 252 291 113 3 264 54 0 93 540 2 2 2 3 0 
48357 246 281 104 1 272 63 2 86 574 3 3 2 6 0 
48387 248 306 85 4 271 64 3 98 526 0 2 5 1 0 
48413 257 289 96 1 248 58 1 100 529 3 2 1 2 0 
48330 263 314 97 0 257 70 3 105 550 4 3 1 3 0 
48349 283 297 95 1 276 76 2 91 516 3 4 2 5 0 
48416 256 284 93 0 281 69 0 98 495 3 0 3 2 0 
48315 288 320 95 3 279 62 2 95 527 1 4 5 4 0 
48443 265 280 97 0 224 71 1 101 511 1 2 2 2 0 
48396 248 306 94 1 237 77 1 104 525 5 1 2 3 0 
48403 261 316 107 0 236 62 0 94 510 5 0 4 2 0 
48376 256 305 91 2 277 69 2 98 517 4 1 1 1 0 
48389 243 273 95 0 268 61 0 92 574 2 0 3 0 0 
48411 245 302 79 0 259 74 1 97 521 6 3 2 0 0 
48329 277 335 79 3 267 68 0 95 535 2 2 3 5 0 
48446 243 267 93 2 291 39 1 87 525 2 1 2 1 0 
48348 274 303 104 2 296 69 1 98 495 6 0 3 1 0 
48392 236 308 93 1 245 62 0 86 566 5 2 1 3 0 
48415 254 276 102 1 270 62 0 102 506 4 2 3 3 0 
48342 256 292 102 2 282 69 1 88 556 7 0 0 3 0 
48355 263 285 98 1 281 62 2 93 546 5 3 3 3 0 
48350 243 303 88 0 289 65 0 84 567 3 0 4 4 0 
48380 275 287 75 0 283 51 0 97 546 2 1 1 2 0 
48351 300 289 89 2 248 69 2 95 545 4 2 3 1 0 
48332 296 300 112 1 264 60 0 94 530 4 1 3 3 0 
48357 276 277 93 2 268 54 2 111 548 2 1 5 4 0 
48404 242 285 86 7 255 63 0 87 557 4 3 2 5 0 
48400 262 312 95 0 270 59 1 92 491 5 5 2 6 0 
48318 260 305 88 2 278 83 2 108 551 1 0 2 2 0 
48413 264 297 88 1 253 67 0 103 503 5 2 2 2 0 
48456 253 289 103 2 283 58 1 82 458 3 2 4 6 0 
48411 257 287 84 2 263 72 2 85 524 4 2 5 2 0 
48441 291 270 78 2 250 69 1 75 509 4 3 6 1 0 
48421 255 270 78 1 254 66 1 105 535 6 3 2 3 0 
48427 245 310 88 1 261 63 1 95 500 3 1 3 2 0 
48406 251 279 74 0 261 64 1 101 557 3 0 1 2 0 
48382 250 289 89 2 286 72 0 104 513 4 3 3 3 0 
48405 268 295 95 2 232 68 1 79 546 1 1 4 3 0 
48386 248 292 95 0 282 67 0 104 517 0 2 4 3 0 
48365 276 327 111 1 276 68 7 79 474 4 4 1 7 0 
48397 254 292 72 0 257 91 2 97 528 4 1 1 4 0 
48355 278 279 94 1 305 66 0 107 505 6 0 1 3 0 
48426 252 287 94 3 261 57 1 100 511 1 2 4 1 0 
48405 260 268 89 2 255 73 0 79 562 2 1 2 2 0 
48363 270 300 91 4 267 57 1 112 523 2 2 3 5 0 
48397 251 269 91 1 284 55 2 110 532 4 0 1 3 0 
48407 261 293 96 2 251 63 2 82 530 5 4 2 2 0 
48390 268 315 90 4 270 57 4 86 506 1 2 4 3 0 
48419 246 287 95 0 266 64 3 92 516 6 1 3 2 0 
48316 286 304 94 2 282 73 0 91 543 3 3 2 1 0 
48313 285 308 98 1 294 66 1 106 519 4 2 1 2 0 
48376 282 261 104 3 250 83 0 93 539 1 2 2 4 0 
48383 283 284 96 1 266 52 3 101 521 4 0 3 3 0 
48397 283 292 109 1 259 61 2 100 488 2 1 1 4 0 
48399 253 296 106 3 254 61 1 105 515 2 0 3 2 0 
48387 254 286 83 1 243 63 1 124 547 1 0 4 6 0 
48424 265 284 79 3 248 67 2 87 534 0 2 3 2 0 
48338 276 280 102 0 273 70 1 98 550 2 2 4 4 0 
48330 279 293 116 0 260 67 0 104 540 3 1 2 5 0 
48335 278 301 94 3 288 67 0 92 529 5 3 3 2 0 
48338 245 307 80 0 265 63 3 97 591 4 3 3 1 0 
48374 253 284 117 2 282 75 4 94 504 1 3 2 5 0 
48407 250 282 111 1 249 66 1 78 544 2 4 0 5 0 
48427 235 322 90 0 243 58 2 98 517 2 2 3 1 0 
48271 297 317 120 0 280 73 1 69 559 3 1 3 6 0 
48396 256 290 101 1 286 79 2 92 490 5 0 0 2 0 
48411 226 301 94 3 279 65 3 102 510 3 0 0 3 0 
48323 239 298 108 1 282 69 1 88 579 6 2 1 3 0 
48348 277 307 111 0 249 67 3 110 518 2 2 3 3 0 
48422 266 279 84 2 279 71 0 87 501 3 2 2 2 0 
48414 238 308 89 0 236 58 1 102 544 2 1 4 3 0 
48426 250 311 82 0 267 55 1 88 506 4 2 4 4 0 
48334 275 308 111 2 287 65 1 100 506 5 2 1 3 0 
48434 222 297 111 3 256 66 0 97 500 3 4 4 3 0 
48452 254 277 98 3 277 62 3 88 474 4 1 4 3 0 
48338 249 329 92 3 259 49 3 94 569 7 2 4 2 0 
48411 259 269 90 0 290 54 0 80 533 8 1 1 4 0 
48365 298 269 98 4 283 75 1 94 508 0 3 0 2 0 
48333 262 312 99 3 224 64 0 107 582 2 3 5 4 0 
48414 242 291 96 2 254 73 2 101 509 7 1 5 3 0 
48321 248 331 89 3 283 79 2 103 530 6 2 0 3 0 
48425 261 278 100 2 263 60 2 82 513 7 1 3 3 0 
48251 276 316 114 0 278 82 1 98 578 0 3 2 1 0 
48330 281 278 103 2 276 61 4 110 545 1 2 2 5 0 
48332 256 313 105 0 285 65 1 108 526 4 0 3 2 0 
48359 266 312 96 2 253 71 0 90 539 3 2 5 2 0 
48362 300 268 86 1 282 73 2 93 522 4 1 3 3 0 
48399 243 302 101 1 239 69 0 87 551 2 3 3 0 0 
48366 264 317 79 1 292 62 1 96 513 3 0 2 4 0 
48388 282 285 80 1 247 72 4 96 527 6 5 4 3 0 
48391 259 298 83 1 251 57 0 104 541 3 3 6 3 0 
48326 284 270 107 3 271 50 0 111 565 4 0 2 6 1 
48277 251 327 119 1 306 66 2 113 527 2 2 3 4 0 
48425 256 283 77 1 226 75 1 91 549 2 2 2 10 0 
48366 271 298 95 0 273 62 1 96 526 2 3 3 4 0 
48319 294 303 95 2 274 68 1 101 530 3 2 4 4 0 
48370 284 271 83 3 277 60 1 83 564 1 1 2 0 0 
48367 252 309 100 1 258 73 2 89 535 4 2 4 4 0 
48337 282 304 98 1 272 64 0 94 541 1 1 2 3 0 
48408 292 286 99 0 261 58 0 90 497 2 1 2 4 0 
48389 265 301 83 4 260 62 1 111 515 1 3 3 2 0 
48389 250 292 102 1 261 67 2 105 521 5 3 2 0 0 
48398 261 294 80 1 293 61 2 78 518 1 1 7 5 0 
48374 266 299 103 0 269 61 3 86 534 1 2 1 1 0 
48364 246 297 101 2 282 65 1 97 535 3 1 5 1 0 
48364 272 291 106 1 273 69 3 89 522 5 1 2 2 0 
48369 253 306 106 2 257 82 1 107 505 4 2 2 4 0 
48340 268 308 91 0 266 69 1 94 558 0 1 2 2 0 
48360 283 300 104 1 250 77 2 96 518 3 0 2 4 0 
48331 262 325 88 2 251 71 3 92 569 2 1 2 1 0 
48335 249 303 106 2 268 53 1 111 560 2 2 5 3 0 
48420 278 293 81 1 256 58 1 79 521 5 1 3 3 0 
48407 266 316 85 1 275 64 0 82 492 2 1 4 5 0 
48466 238 280 108 2 230 54 1 76 534 4 1 5 1 0 
48373 261 297 94 1 254 69 0 94 538 6 2 6 5 0 
48387 262 317 112 1 248 70 1 96 494 5 2 3 2 0 
48428 233 260 96 6 271 65 1 81 546 5 4 2 2 0 
48386 265 315 95 3 279 66 1 86 495 3 0 3 3 0 
48351 256 298 86 2 297 64 1 98 540 2 2 2 1 0 
48406 258 286 101 1 274 63 1 105 494 4 2 2 3 0 
48356 275 308 94 2 246 69 1 96 541 6 2 3 1 0 
48424 207 311 90 5 250 63 2 113 521 5 1 3 5 0 
48372 251 311 106 3 271 69 2 89 517 4 1 1 3 0 
48343 265 288 97 3 267 61 1 103 563 1 2 2 4 0 
48388 260 299 83 1 269 67 0 103 522 1 3 2 2 0 
48322 259 314 88 2 277 74 3 74 578 1 1 4 3 0 
48405 238 301 103 0 257 82 0 82 520 3 3 5 1 0 
48380 277 298 89 0 273 60 0 107 510 2 0 3 1 0 
48390 282 311 91 0 249 59 2 94 512 3 2 3 2 0 
48354 271 304 94 4 262 65 1 85 547 3 0 4 6 0 
48414 267 260 90 3 262 66 0 86 541 0 1 5 5 0 
48374 279 302 89 1 245 75 2 95 523 4 3 5 3 0 
48365 267 290 93 2 252 63 1 100 559 1 3 3 1 0 
48366 256 314 85 0 266 69 3 95 540 3 0 3 0 0 
48341 280 290 99 1 259 63 2 101 550 3 1 4 6 0 
48397 269 310 108 0 251 50 0 99 507 0 4 1 4 0 
48460 275 278 94 3 239 53 1 91 496 4 2 3 1 0 
48281 262 325 109 1 253 77 0 108 571 4 3 2 4 0 
48368 274 297 95 5 283 57 2 88 523 2 0 3 3 0 
48351 272 292 81 3 249 65 1 88 587 5 3 1 2 0 
48406 265 291 86 0 276 68 2 100 499 0 1 4 2 0 
48354 283 298 104 0 281 67 0 78 526 3 3 1 2 0 
48383 259 307 92 4 239 69 1 104 534 1 0 2 5 0 
48354 259 325 96 1 281 65 0 100 510 3 0 4 2 0 
48336 270 289 118 1 269 74 0 82 557 2 0 1 1 0 
48371 264 306 82 2 270 89 1 99 514 0 0 1 1 0 
48383 280 299 94 1 249 55 1 87 534 2 2 8 5 0 
48433 255 293 82 2 241 60 0 85 532 2 3 4 8 0 
48382 281 286 104 0 270 71 2 88 504 4 3 2 3 0 
48389 240 292 113 2 257 56 2 105 534 3 0 2 5 0 
48418 248 323 107 1 252 73 1 82 489 2 1 1 2 0 
48423 259 304 93 1 262 60 1 95 493 1 0 4 4 0 
48373 252 301 100 1 265 70 0 98 531 4 1 3 1 0 
48405 275 309 99 4 251 61 1 104 487 1 1 1 1 0 
48350 284 314 97 2 269 60 0 103 509 4 1 1 6 0 
48380 249 292 90 1 275 68 3 76 562 0 1 1 2 0 
48412 255 294 97 3 261 55 0 88 523 1 0 6 5 0 
48378 253 317 100 1 278 62 1 65 537 1 0 3 3 1 
48363 267 309 89 2 251 60 1 97 547 3 5 3 3 0 
48342 285 299 102 0 283 61 0 93 517 7 0 5 6 0 
48373 265 288 98 3 266 72 1 106 518 1 3 4 2 0 
48406 253 266 89 3 242 59 1 97 567 3 2 7 5 0 
48364 258 283 105 2 281 68 0 83 546 4 2 0 4 0 
48393 268 278 88 1 279 64 3 78 537 4 0 2 5 0 
48326 256 281 98 0 290 70 2 102 568 1 1 3 2 0 
48308 266 330 92 2 257 64 0 104 568 4 1 4 0 0 
48396 268 290 88 1 290 65 1 100 480 7 7 5 2 0 
48399 274 320 88 2 243 80 2 96 490 2 1 2 1 0 
48390 270 278 91 1 281 62 1 87 531 3 2 0 3 0 
48429 264 327 90 2 251 60 0 95 477 1 0 1 3 0 
48367 282 284 88 2 287 58 0 98 524 2 3 3 2 0 
48439 263 268 70 2 267 51 0 91 540 3 0 3 3 0 
48369 284 303 79 0 252 57 0 79 567 3 0 1 6 0 
48451 227 280 98 3 259 45 4 74 548 0 2 1 8 0 
48375 270 308 96 2 276 56 2 94 509 2 3 4 3 0 
48365 276 294 101 0 275 69 1 92 520 1 3 1 2 0 
48399 265 295 93 2 257 75 2 93 507 6 2 1 3 0 
48342 293 297 98 4 288 52 2 91 521 3 1 6 2 0 
48365 256 328 97 1 240 69 1 93 538 4 2 6 0 0 
48386 247 320 79 1 284 73 1 87 516 1 1 2 2 0 
48425 278 292 82 1 253 66 0 82 512 3 1 2 3 0 
48350 301 297 99 2 266 66 1 78 532 0 2 3 3 0 
48354 252 317 109 1 267 64 1 105 521 2 0 3 4 0 
48375 264 288 92 1 268 62 3 86 551 5 0 3 2 0 
48354 266 293 94 0 266 72 4 102 540 2 0 1 6 0 
48368 265 294 80 2 263 68 2 113 536 1 1 4 3 0 
48337 265 318 89 0 284 71 1 102 528 0 2 2 1 0 
48398 256 258 101 2 275 58 3 101 541 2 2 1 2 0 
48414 256 291 93 1 244 85 0 72 532 5 1 4 2 0 
48375 271 310 83 4 258 71 0 95 519 5 2 3 4 0 
48431 242 306 94 1 240 62 3 87 523 0 2 2 7 0 
48417 277 255 94 0 259 58 1 93 539 4 0 1 2 0 
48402 254 303 97 3 271 59 0 100 501 3 3 2 2 0 
48425 265 279 96 0 262 61 1 91 513 2 1 1 3 0 
48338 302 304 100 1 259 73 2 78 532 2 1 3 5 0 
48257 257 321 102 0 286 84 1 111 568 5 1 5 2 0 
48383 267 276 90 2 272 68 0 88 543 3 2 1 5 0 
48325 286 303 103 2 255 62 0 105 550 3 0 3 3 0 
48436 280 273 100 0 273 66 0 94 467 1 1 7 2 0 
48377 275 288 85 2 269 65 0 95 539 0 0 1 4 0 
48454 236 272 92 1 248 58 0 87 547 2 1 1 1 0 
48406 259 278 104 4 254 66 0 95 525 3 0 3 3 0 
48387 273 284 82 2 272 60 0 94 538 1 2 2 3 0 
48376 263 296 86 0 268 78 0 110 516 3 2 1 1 0 
48395 247 296 96 2 271 84 1 101 499 2 1 2 3 0 
48458 261 254 93 1 261 66 5 89 503 3 3 2 1 0 
48430 251 279 88 0 234 63 1 97 547 3 2 3 2 0 
48362 236 314 97 1 252 66 4 91 571 1 3 2 0 0 
48403 248 302 94 0 247 62 1 83 547 5 1 6 1 0 
48375 255 293 85 2 264 67 0 95 551 6 2 2 3 0 
48375 282 302 84 0 280 67 3 81 517 3 1 1 4 0 
48385 235 290 74 1 274 56 1 107 562 4 1 5 5 0 
48338 248 286 104 0 259 63 2 103 586 3 1 3 4 0 
48446 265 263 90 1 250 58 3 87 524 2 1 6 4 0 
48396 270 284 94 0 252 65 2 89 535 1 4 4 4 0 
48299 307 323 99 3 282 69 2 102 504 2 2 2 4 0 
48369 236 291 92 3 290 68 0 105 538 2 3 2 1 0 
48388 273 277 69 1 266 62 1 109 545 2 0 2 5 0 
48405 264 295 97 3 247 71 1 78 531 0 2 2 4 0 
48395 256 293 94 1 254 51 0 101 542 5 2 2 4 0 
48395 271 290 85 3 262 56 1 109 521 3 2 1 1 0 
48365 266 295 96 2 275 77 1 94 518 4 2 1 4 0 
48401 266 269 101 2 288 65 1 93 506 3 1 1 3 0 
48393 234 269 94 2 294 64 2 98 543 2 1 1 3 0 
48330 267 303 97 0 288 62 3 94 551 2 1 0 2 0 
48401 248 284 93 3 269 65 0 86 543 2 2 1 3 0 
48435 248 271 89 0 269 63 0 107 506 5 0 4 3 0 
48349 292 292 86 1 265 74 1 81 548 5 0 2 4 0 
48308 281 288 94 2 265 81 3 99 569 4 0 2 4 0 
48422 255 274 81 1 265 63 3 104 522 3 1 3 3 0 
48417 257 285 89 0 280 70 1 98 498 1 0 2 2 0 
48385 273 304 90 0 258 61 1 83 532 6 3 1 3 0 
48382 247 292 109 0 241 59 2 96 560 7 2 2 1 0 
48421 274 268 93 2 259 68 0 78 525 5 3 2 2 0 
48315 288 295 96 3 265 69 1 89 564 2 2 7 4 0 
48349 241 322 99 3 290 55 2 88 542 4 1 3 1 0 
48362 262 292 102 5 267 60 1 89 545 4 3 3 5 0 
48421 243 284 81 3 260 57 2 87 553 2 1 3 3 0 
48389 237 282 92 2 276 63 0 100 547 3 2 5 2 0 
48419 267 291 110 3 260 68 1 86 488 1 3 3 0 0 
48360 252 295 111 3 283 76 2 91 512 3 4 5 3 0 
48443 255 285 95 3 249 48 1 109 503 1 1 3 4 0 
48353 279 304 93 1 275 85 3 77 515 4 2 5 4 0 
48336 271 270 108 2 291 74 4 93 546 2 0 2 1 0 
48380 262 296 84 4 263 62 1 103 535 2 1 2 5 0 
48398 271 285 117 1 259 57 1 107 492 3 1 3 5 0 
48346 263 308 76 2 268 69 3 93 564 1 2 3 2 0 
48362 270 263 113 3 275 60 2 121 522 2 3 3 1 0 
48424 238 282 86 1 248 73 1 89 549 2 1 3 3 0 
48414 235 334 82 0 262 64 4 101 496 2 0 3 3 0 
48393 259 295 85 1 257 65 3 120 511 1 2 4 4 0 
48345 258 308 114 1 270 66 1 91 535 5 2 2 2 0 
48440 258 289 81 0 250 66 2 79 519 7 2 4 3 0 
48398 242 306 93 0 283 69 2 95 507 1 2 1 1 0 
48390 261 281 97 1 264 67 1 101 527 4 1 2 3 0 
48357 289 296 86 3 255 63 1 113 532 1 2 1 1 0 
48430 260 283 91 2 239 62 1 97 530 2 1 2 0 0 
48388 278 270 92 4 281 61 1 93 523 3 0 3 3 0 
48328 285 270 104 1 268 68 1 103 560 2 0 6 4 0 
