48391 295 305 81 1 219 66 0 97 538 1 1 4 1 0 
48379 284 279 73 1 274 66 0 112 520 5 2 4 1 0 
48378 269 318 86 1 220 52 0 105 562 6 1 1 1 0 
48383 285 270 84 1 257 76 2 94 533 4 1 5 5 0 
48356 286 308 77 1 264 64 1 95 530 7 2 8 1 0 
48363 301 291 68 1 283 52 0 97 527 6 3 5 3 0 
48349 295 307 85 2 275 68 2 99 505 2 2 7 2 0 
48319 286 326 89 1 264 76 1 107 523 2 2 3 1 0 
48349 307 286 86 0 270 72 0 94 521 3 2 7 3 0 
48390 259 289 92 0 242 73 2 108 530 6 3 5 1 0 
48378 277 309 76 3 234 57 2 102 551 1 1 2 7 0 
48355 272 296 76 1 260 62 2 102 565 3 1 3 2 0 
48410 262 260 92 0 264 72 2 103 523 2 0 4 6 0 
48402 264 313 91 4 236 71 2 100 506 3 2 6 0 0 
48335 281 312 72 2 277 60 0 122 528 1 0 5 5 0 
48293 308 310 85 1 244 81 1 114 547 8 1 4 3 0 
48328 282 279 85 4 282 67 1 114 551 1 1 2 3 0 
48305 287 277 84 0 274 64 0 105 589 2 2 7 4 0 
48358 253 297 90 0 236 66 5 107 579 3 0 3 3 0 
48360 274 309 92 2 236 75 2 118 526 1 3 1 1 0 
48366 307 318 62 2 252 66 1 98 517 5 0 4 2 0 
48282 260 344 92 1 262 65 1 103 570 9 3 6 2 0 
48411 265 309 80 4 247 73 0 95 502 3 2 5 4 0 
48408 280 297 102 1 246 57 2 103 496 1 3 4 0 0 
48370 252 306 75 0 247 65 2 119 558 4 0 0 2 0 
48415 259 270 73 1 237 62 2 125 545 6 2 2 1 0 
48406 283 294 89 3 245 60 2 101 509 2 2 1 3 0 
48421 266 270 83 0 242 64 2 119 524 6 0 2 1 0 
48345 271 298 88 3 245 63 3 103 573 0 0 7 1 0 
48369 275 313 71 1 247 72 1 109 529 4 2 6 1 0 
48420 277 270 78 2 241 68 1 92 540 4 1 2 4 0 
48343 259 345 88 2 247 71 1 103 530 2 3 4 2 0 
48350 255 318 86 1 258 77 2 117 526 1 0 5 4 0 
48397 250 291 81 1 239 65 0 112 549 7 4 3 1 0 
48376 262 281 89 3 258 82 1 121 511 3 6 4 3 0 
48361 290 297 99 0 252 67 0 115 507 1 3 5 3 0 
48344 283 292 92 0 297 71 0 112 497 2 2 4 4 0 
48409 279 247 81 1 237 77 1 91 565 4 2 4 2 0 
48408 285 285 97 1 233 64 2 102 513 3 1 3 3 0 
48374 280 294 70 4 253 73 3 110 527 3 2 4 3 0 
48278 292 301 86 3 276 87 1 101 567 2 3 2 1 0 
48391 263 321 97 1 247 67 1 103 500 2 3 2 2 0 
48344 296 315 78 5 255 68 2 102 525 2 4 1 3 0 
48383 291 294 85 3 222 74 2 101 539 1 2 2 1 0 
48385 275 290 96 1 248 65 0 113 517 3 1 5 1 0 
48313 291 305 91 0 279 71 1 95 543 1 3 3 4 0 
48332 294 320 70 1 246 67 0 113 545 6 1 4 1 0 
48360 265 287 84 2 283 55 2 91 561 5 2 2 1 0 
48390 259 296 88 2 274 61 2 90 528 3 1 4 2 0 
48388 269 290 90 0 250 67 3 131 504 5 2 1 0 0 
48354 300 262 80 4 263 62 1 105 563 3 1 2 0 0 
48412 252 298 94 0 211 55 3 108 557 3 1 4 2 0 
48358 245 282 94 4 296 65 1 103 541 3 3 3 2 0 
48324 291 316 84 1 232 67 0 103 569 3 3 6 1 0 
48395 266 289 79 2 257 73 1 125 506 5 1 0 1 0 
48337 304 311 91 1 238 61 0 118 522 3 5 1 8 0 
48423 254 274 81 1 256 70 0 107 522 3 1 3 5 0 
48374 256 306 85 1 241 66 0 108 549 6 2 2 4 0 
48361 288 304 89 2 248 58 1 112 522 8 2 3 2 0 
48323 264 293 82 2 251 68 3 107 595 2 2 2 6 0 
48361 276 309 75 0 267 68 1 109 520 6 1 4 3 0 
48419 267 302 79 0 245 73 1 85 517 4 4 3 1 0 
48398 290 290 75 1 241 69 0 105 524 0 0 5 2 0 
48381 257 304 87 3 248 66 1 101 536 6 2 5 3 0 
48443 259 273 81 2 245 62 0 112 511 3 2 3 4 0 
48341 261 298 87 2 253 78 1 119 548 4 0 6 2 0 
48339 286 313 94 1 253 63 5 105 535 1 0 3 2 0 
48393 269 276 88 1 225 71 1 111 554 0 2 3 6 0 
48327 265 299 79 4 279 59 2 122 555 1 0 3 5 0 
48443 254 295 81 3 244 57 1 105 509 5 1 2 0 0 
48319 257 319 88 1 256 72 1 111 560 7 2 6 1 0 
48355 304 313 92 2 255 72 1 95 505 1 1 1 3 0 
48413 272 295 75 0 263 41 1 112 517 5 0 3 3 0 
48334 301 278 93 0 248 70 2 99 563 2 3 2 5 0 
48432 273 271 83 2 264 64 0 103 498 5 0 1 4 0 
48310 294 323 84 4 241 61 0 119 554 2 6 2 0 0 
48330 286 304 102 0 252 73 1 101 539 5 2 1 4 0 
48452 273 282 74 0 264 76 1 97 468 6 0 6 1 0 
48415 270 284 82 1 224 55 2 106 548 5 3 2 3 0 
48393 275 283 89 1 258 67 1 100 521 4 2 3 3 0 
48419 255 289 70 2 249 66 0 98 542 2 1 6 1 0 
48394 265 299 67 1 234 77 0 106 547 4 1 1 4 0 
48374 250 289 82 2 302 59 1 102 523 4 3 6 3 0 
48422 262 292 71 3 274 68 1 100 493 8 0 3 3 0 
48361 270 310 74 0 254 66 1 102 554 1 1 5 1 0 
48347 333 287 85 0 252 63 2 106 520 1 0 4 0 0 
48361 264 291 99 0 247 71 3 110 541 2 0 8 3 0 
48316 277 287 74 2 257 73 4 116 583 1 3 4 3 0 
48289 281 302 98 0 266 64 2 113 574 4 2 3 2 0 
48399 268 301 101 1 233 68 0 99 511 5 1 7 6 0 
48387 260 320 79 0 248 61 4 116 516 3 3 3 0 0 
48336 272 276 88 0 268 61 1 103 580 1 5 4 5 0 
48330 298 311 97 1 258 60 1 116 514 7 1 2 4 0 
48307 279 307 93 3 295 66 1 109 535 2 0 1 2 0 
48425 285 262 69 4 250 70 3 86 537 2 2 2 3 0 
48313 293 332 76 2 272 73 1 112 518 3 0 4 1 0 
48387 291 304 72 3 264 63 0 95 515 1 1 3 1 0 
48403 271 308 73 0 257 63 2 121 495 2 1 1 3 0 
48470 241 299 92 1 236 57 1 101 491 2 1 4 4 0 
48321 297 320 67 1 259 68 1 116 540 3 3 2 2 0 
48400 266 292 77 1 253 63 2 116 520 3 1 4 2 0 
48423 260 281 88 5 250 86 1 106 489 2 1 2 6 0 
48378 228 287 86 2 271 60 2 113 559 3 1 7 3 0 
48371 304 282 73 3 265 55 3 104 527 2 1 6 4 0 
48368 265 290 77 1 252 78 1 119 538 2 2 2 5 0 
48393 282 292 72 1 258 61 2 118 516 3 0 0 2 0 
48392 276 297 79 2 251 56 0 111 524 2 2 3 5 0 
48303 294 331 96 2 256 67 2 117 521 6 0 3 2 0 
48398 267 286 64 0 246 66 2 97 569 1 1 3 0 0 
48412 276 311 71 1 267 69 1 92 492 0 5 3 0 0 
48346 294 277 88 2 261 86 1 91 541 6 2 1 4 0 
48278 289 315 85 0 275 54 1 106 590 0 0 5 2 0 
48389 286 274 93 2 248 54 0 126 517 4 2 2 3 0 
48360 260 303 68 0 289 77 1 102 531 3 1 2 3 0 
48429 287 285 78 2 215 77 2 99 512 3 4 2 5 0 
48411 294 276 78 2 250 63 2 97 516 4 2 2 3 0 
48427 262 301 78 3 278 75 1 86 483 2 0 1 3 0 
48336 292 311 82 3 252 71 1 120 523 3 1 1 4 0 
48395 260 306 81 3 256 61 4 121 498 3 2 3 7 0 
48424 242 282 97 0 241 68 2 109 526 4 1 4 0 0 
48305 289 297 95 0 260 49 2 115 575 7 2 1 3 0 
48306 274 332 76 2 275 66 1 104 554 1 4 3 2 0 
48354 308 290 98 4 244 77 0 91 526 1 1 5 1 0 
48359 266 314 100 2 270 73 1 95 509 3 1 3 4 0 
48391 258 306 84 4 257 78 0 96 516 3 0 1 6 0 
48356 291 264 94 2 266 65 4 104 540 3 4 5 2 0 
48379 265 327 82 0 251 65 1 106 514 2 0 5 3 0 
48278 297 321 90 1 242 78 2 105 572 5 3 3 3 0 
48408 273 265 82 0 245 77 0 116 522 2 4 4 2 0 
48354 278 282 72 1 269 74 0 107 553 3 1 5 1 0 
48366 271 308 69 1 241 81 2 124 525 5 1 6 0 0 
48344 294 315 80 2 241 61 1 107 548 1 2 1 3 0 
48373 286 301 97 0 275 61 1 101 497 2 3 2 1 0 
48365 287 302 81 2 260 60 1 106 523 5 0 6 2 0 
48385 273 316 75 4 236 66 0 113 522 4 0 3 3 0 
48379 272 294 90 1 264 47 0 121 524 2 1 1 4 0 
48340 273 317 95 1 251 70 1 120 524 4 0 1 3 0 
48426 258 285 84 1 226 64 3 104 541 2 2 3 1 0 
48411 265 284 83 0 283 71 1 99 493 3 2 2 3 0 
48425 268 273 76 4 232 53 0 114 545 3 3 3 1 0 
48346 277 294 91 1 253 66 1 114 544 2 1 7 3 0 
48402 260 288 69 1 240 69 2 113 547 2 4 2 1 0 
48351 298 284 89 0 264 65 1 126 506 6 2 2 6 0 
48327 264 272 82 3 269 67 2 118 581 7 2 2 4 0 
48418 251 282 99 0 255 56 3 102 522 2 3 4 3 0 
48341 301 305 87 2 242 73 2 115 523 1 5 0 3 0 
48420 264 302 90 2 226 67 2 94 525 2 2 4 0 0 
48404 277 308 91 4 226 59 1 105 517 2 1 4 1 0 
48385 279 294 87 4 254 62 1 104 521 5 1 0 3 0 
48371 324 297 82 1 255 63 1 104 494 3 2 1 2 0 
48359 262 309 85 0 261 65 0 124 527 1 2 3 2 0 
48407 260 271 93 3 254 64 1 93 547 1 1 0 5 0 
48486 250 300 71 1 235 44 0 106 501 2 0 1 3 0 
48413 274 278 83 2 268 76 0 87 509 1 3 5 1 0 
48349 263 309 83 0 286 62 1 111 526 4 0 3 3 0 
48345 275 285 84 1 261 70 1 119 548 3 3 2 3 0 
48395 275 259 91 3 270 77 1 108 512 3 1 2 3 0 
48332 285 301 86 1 258 63 1 96 565 3 3 3 3 0 
48372 251 317 102 2 264 76 1 98 504 6 1 4 2 0 
48382 256 295 85 0 236 68 1 121 549 1 3 1 2 0 
48399 284 318 79 1 251 68 2 109 478 1 2 7 1 0 
48371 242 303 103 2 239 63 1 106 564 2 1 1 2 0 
48477 251 284 76 0 247 65 0 104 485 4 2 1 4 0 
48400 257 285 61 2 246 59 1 102 580 2 1 3 1 0 
48367 289 273 100 2 236 58 2 106 560 0 2 0 5 0 
48414 257 312 77 3 228 56 2 106 532 4 2 3 4 0 
48338 273 290 89 2 278 83 2 99 539 2 1 0 4 0 
48400 261 288 94 2 246 63 4 111 521 5 2 0 3 0 
48376 302 293 70 2 274 80 0 102 493 4 1 3 0 0 
48328 257 294 68 1 280 78 4 113 568 5 1 1 2 0 
48338 267 304 72 2 244 66 0 134 561 5 2 5 0 0 
48371 244 296 81 2 254 61 0 98 582 6 2 2 1 0 
48399 269 283 109 2 269 50 2 96 508 2 2 7 2 0 
48348 288 300 76 0 230 64 0 124 559 3 2 4 2 0 
48376 275 324 79 1 255 63 1 88 520 7 2 4 5 0 
48370 284 302 89 1 239 65 0 118 524 3 0 1 4 0 
48494 256 261 70 0 236 72 1 93 503 8 0 4 2 0 
48368 291 303 74 1 241 71 1 112 528 3 3 1 3 0 
48433 252 280 85 4 252 58 2 107 514 6 1 2 4 0 
48300 282 314 79 2 273 56 1 120 561 4 1 4 3 0 
48361 274 289 79 2 259 69 2 103 555 3 1 3 0 0 
48338 281 300 90 3 267 66 1 101 544 4 2 2 1 0 
48375 277 317 97 1 224 72 1 112 508 4 3 5 4 0 
48433 256 271 91 3 245 64 2 106 524 1 0 2 2 0 
48418 279 275 75 1 246 57 1 111 530 1 2 2 2 0 
48370 290 293 87 2 268 60 0 98 522 3 2 2 3 0 
48455 244 275 98 2 223 61 3 103 529 3 1 2 1 0 
48387 267 279 77 3 237 69 0 108 562 6 2 2 1 0 
48385 280 279 82 2 278 66 2 117 497 3 3 4 2 0 
48377 278 301 81 2 228 65 2 101 557 2 2 2 2 0 
48401 274 286 89 1 261 68 1 103 503 2 0 6 5 0 
48389 275 292 67 1 264 67 3 109 523 3 3 3 1 0 
48350 286 292 70 3 238 76 2 111 562 2 1 4 3 0 
48361 269 308 94 1 262 52 1 96 544 5 2 2 3 0 
48372 268 282 95 2 252 67 0 123 525 2 1 6 5 0 
48274 315 320 83 2 256 63 2 140 537 1 0 3 4 0 
48408 255 289 80 3 248 55 1 101 542 5 1 5 7 0 
48266 298 317 79 0 279 57 0 115 572 6 4 3 4 0 
48440 286 293 73 3 242 67 1 90 492 3 3 1 6 0 
48350 292 323 89 2 265 61 1 109 496 4 2 4 2 0 
48385 263 313 68 3 255 55 1 94 550 3 2 4 4 0 
48433 302 264 72 2 225 63 1 117 507 3 5 2 4 0 
48396 252 335 77 0 241 72 1 95 517 4 0 9 1 0 
48372 259 276 85 1 261 58 2 103 572 3 3 2 3 0 
48349 290 287 62 0 274 67 2 111 547 3 2 3 3 0 
48361 270 301 97 0 263 63 1 109 520 7 1 5 2 0 
48410 270 291 79 4 262 63 2 101 508 1 0 5 4 0 
48345 278 304 78 2 273 58 1 108 548 1 2 1 1 0 
48364 281 311 73 4 266 66 2 79 541 6 0 2 5 0 
48389 265 311 77 1 241 65 2 96 549 2 2 0 0 0 
48358 265 301 90 1 265 57 0 91 561 3 4 2 2 0 
48413 252 298 87 2 247 60 2 127 504 1 0 4 3 0 
48343 279 292 94 1 278 65 1 98 536 3 1 4 5 0 
48365 325 297 97 0 213 68 2 108 519 1 0 4 1 0 
48306 290 289 84 0 260 64 2 101 591 4 2 4 3 0 
48335 274 314 79 1 267 68 2 113 536 3 1 4 3 0 
48369 314 293 82 1 247 59 3 97 527 1 2 2 3 0 
48399 295 281 74 1 242 57 0 106 536 1 0 3 5 0 
48396 265 278 95 1 219 69 1 111 552 1 3 5 4 0 
48397 239 305 67 0 273 77 0 116 515 1 1 7 2 0 
48363 260 297 82 2 251 74 0 102 559 2 1 3 4 0 
48381 273 307 83 1 252 53 1 106 534 1 3 2 3 0 
48325 290 302 65 1 275 64 2 107 559 1 3 2 3 1 
48347 252 306 92 2 268 61 3 94 566 2 1 3 3 0 
48407 283 278 73 1 233 70 0 109 542 1 1 1 1 0 
48377 256 272 76 2 282 69 1 116 538 2 0 5 4 0 
48327 279 306 85 1 301 66 0 101 527 4 2 0 1 0 
48472 280 274 69 1 223 65 0 94 511 3 2 5 1 0 
48418 319 286 66 1 251 60 2 108 481 2 2 2 2 0 
48389 286 301 79 0 243 55 3 101 533 2 1 4 3 0 
48395 285 318 74 3 227 59 2 97 532 4 1 1 2 0 
48343 252 296 91 2 270 70 1 108 559 3 2 2 1 0 
48404 268 300 65 1 239 60 2 108 547 3 0 2 1 0 
48326 292 299 89 2 252 73 0 106 555 4 1 0 1 0 
48367 289 302 69 1 269 79 1 98 516 6 2 0 1 0 
48320 270 269 92 1 283 87 0 114 554 2 2 2 4 0 
48337 295 287 76 3 259 68 1 125 539 2 2 4 2 0 
48416 262 282 94 3 252 72 2 85 525 0 2 3 2 0 
48335 280 294 64 2 254 71 3 115 570 2 1 3 6 0 
48395 282 311 87 0 238 54 3 121 500 4 0 2 3 0 
48448 267 283 84 2 223 47 0 101 534 3 1 6 1 0 
48339 287 289 77 2 264 69 1 110 550 2 3 3 4 0 
48343 284 299 88 2 229 77 1 106 564 0 2 4 1 0 
48325 284 292 86 6 255 83 3 105 548 4 0 5 4 0 
48442 284 275 77 4 247 60 1 110 492 3 2 2 1 0 
48410 245 309 88 1 263 57 2 104 507 7 0 4 3 0 
48384 284 279 95 0 242 77 1 121 503 6 1 4 3 0 
48327 298 307 93 1 254 72 0 114 526 3 3 2 0 0 
48408 273 297 85 1 256 61 1 98 506 4 4 3 3 0 
48323 291 329 90 0 264 63 3 107 525 1 0 2 2 0 
48386 269 293 87 2 250 65 0 95 543 2 2 2 4 0 
48403 264 303 76 1 243 49 3 90 559 3 1 3 2 0 
48352 281 307 79 2 261 73 0 129 505 7 2 2 0 0 
48376 278 307 79 2 263 59 1 104 519 4 3 4 1 0 
48391 265 249 72 2 246 72 1 108 583 4 2 2 3 0 
48381 264 295 81 0 272 64 2 108 523 3 2 4 1 0 
48386 276 298 104 2 237 66 1 92 523 6 3 3 3 0 
48391 265 315 79 1 245 67 2 110 520 2 0 0 3 0 
48344 287 292 90 3 248 80 0 100 546 4 1 3 2 0 
48382 283 274 90 4 249 66 1 114 529 1 1 2 4 0 
48423 267 264 86 0 270 66 2 93 514 6 3 3 3 0 
48334 303 305 87 2 251 59 1 128 518 4 1 2 5 0 
48390 259 279 86 1 260 73 2 115 525 3 2 1 4 0 
48394 264 296 91 0 242 65 2 101 536 2 0 2 5 0 
48377 276 288 81 1 240 67 1 111 550 2 0 3 3 0 
48421 259 284 73 1 256 63 3 90 538 4 2 5 1 0 
48351 278 283 79 3 280 70 2 115 529 8 0 1 1 0 
48372 290 279 82 2 275 71 0 91 524 3 1 8 2 0 
48378 259 264 86 2 265 63 3 115 559 0 2 1 3 0 
48326 268 338 101 1 263 76 0 102 514 2 1 6 2 0 
48395 286 317 87 1 228 72 1 93 509 1 4 5 1 0 
48387 305 301 87 1 257 65 3 83 505 4 0 1 1 0 
48384 286 293 88 1 251 54 2 101 532 3 2 3 0 0 
48283 302 324 85 4 269 76 3 109 535 2 3 2 3 0 
48348 296 305 89 1 242 68 1 114 523 1 3 5 4 0 
48375 265 290 93 3 241 70 2 97 553 5 2 1 3 0 
48373 308 274 90 0 234 66 4 99 536 2 3 7 4 0 
48382 283 264 82 3 261 55 0 105 554 2 5 0 4 0 
48400 287 282 86 0 238 82 1 93 525 3 2 1 0 0 
48318 287 324 71 3 260 76 0 95 550 4 6 2 4 0 
48383 271 301 90 1 262 51 2 117 516 2 0 1 3 0 
48322 299 313 92 2 276 54 4 102 523 5 2 3 3 0 
48335 300 269 87 1 258 68 2 104 568 4 1 2 1 0 
48382 291 302 78 1 229 72 0 104 533 4 2 2 0 0 
48316 293 302 82 1 259 65 2 114 557 4 1 1 3 0 
48367 287 287 91 1 260 58 0 125 512 4 2 4 2 0 
48339 271 325 95 2 228 62 0 103 565 3 1 3 3 0 
48362 258 305 94 2 270 63 2 96 540 1 1 2 4 0 
48360 253 313 100 1 253 66 1 109 538 1 0 3 2 0 
48419 241 271 80 0 255 75 3 100 538 3 6 4 5 0 
48430 273 285 68 1 250 72 2 101 505 2 1 4 6 0 
48397 265 267 81 1 241 58 3 117 557 2 3 4 4 0 
48447 250 293 82 2 241 61 3 113 494 6 2 3 3 0 
48371 286 281 73 2 253 63 2 107 555 2 2 2 1 0 
48318 264 282 82 6 286 59 0 118 577 2 3 1 2 0 
48403 277 308 69 2 250 53 3 103 524 3 1 4 0 0 
48330 298 293 78 1 254 53 3 97 571 6 5 3 8 0 
48375 274 312 69 3 261 68 0 103 527 3 2 2 1 0 
48394 264 300 84 1 259 51 1 100 539 2 2 0 3 0 
48373 298 292 68 0 249 51 1 111 550 1 2 1 3 0 
48415 253 325 92 3 243 76 2 116 467 2 2 1 3 0 
48364 276 283 90 1 287 68 2 113 510 1 0 4 1 0 
48363 294 303 75 2 253 70 1 96 532 4 3 2 2 0 
48302 286 298 78 1 251 70 1 115 588 3 1 5 1 0 
48367 287 301 84 3 230 68 2 103 539 7 2 4 3 0 
48373 294 326 80 1 247 56 2 98 511 4 0 4 4 0 
48363 249 329 77 1 273 62 1 88 544 4 2 5 2 0 
48361 290 281 99 2 273 62 6 115 498 3 1 6 3 0 
48406 274 285 80 3 252 66 1 104 517 1 3 3 5 0 
48339 287 299 89 1 228 71 2 143 528 2 1 5 5 0 
48394 263 315 76 2 230 65 0 102 546 3 0 0 4 0 
48370 273 305 67 1 247 63 0 120 540 4 1 6 3 0 
48440 257 289 73 1 243 71 0 114 503 2 1 4 2 0 
48371 305 288 82 2 239 45 0 123 540 3 1 0 1 0 
48383 283 286 99 1 261 50 3 107 513 5 3 2 4 0 
48370 257 298 85 3 251 56 2 125 543 6 0 2 2 0 
48373 289 276 101 3 245 67 0 115 522 3 2 3 1 0 
48385 291 290 76 0 263 54 1 109 525 4 0 1 1 0 
48383 294 275 85 1 252 66 0 119 515 1 1 3 5 0 
48426 252 307 75 0 242 78 0 97 513 1 0 3 6 0 
48401 272 301 78 1 248 75 0 90 523 3 1 3 3 1 
48428 260 285 88 1 240 64 2 106 522 2 1 1 0 0 
48387 281 302 76 1 252 62 1 118 514 3 0 1 2 0 
48389 267 292 85 0 239 67 2 95 553 2 3 3 3 0 
48365 276 281 82 1 271 57 1 114 536 6 1 4 5 0 
48321 275 320 96 5 254 71 1 103 536 2 4 7 5 0 
48438 276 279 74 0 226 57 1 98 539 3 0 6 3 0 
48355 277 278 86 4 265 68 2 106 553 2 1 1 2 0 
48351 275 284 96 2 260 81 3 110 522 11 1 2 2 0 
48381 285 280 87 1 289 75 2 91 495 5 4 4 1 0 
48449 260 311 79 2 240 63 1 101 482 6 1 2 3 0 
48410 251 302 91 0 272 53 0 115 499 1 1 2 3 0 
48386 257 286 83 2 270 75 1 98 534 2 1 2 3 0 
48324 274 266 110 0 272 56 0 120 567 3 0 6 2 0 
48316 319 308 87 1 257 60 2 121 517 8 0 2 2 0 
48437 261 286 82 3 219 62 2 105 535 2 0 3 3 0 
48357 293 291 92 0 251 66 2 97 548 1 0 0 2 0 
48406 262 295 80 0 263 66 1 108 509 5 1 2 2 0 
48343 302 290 65 0 257 52 1 122 560 2 0 5 1 0 
48400 288 303 77 4 234 60 2 102 517 6 3 2 2 0 
48398 274 307 84 3 260 66 1 105 494 4 1 2 1 0 
48344 263 327 79 1 255 69 5 102 542 5 1 5 2 0 
48350 261 306 87 0 252 60 4 123 540 2 4 5 4 2 
48348 287 308 73 3 250 75 1 104 541 3 1 6 0 0 
48335 310 285 75 1 267 72 0 106 540 5 1 2 1 0 
48400 254 280 86 3 244 64 3 114 539 7 2 1 3 0 
48394 250 281 100 0 260 77 1 114 514 3 0 1 5 0 
48409 277 296 66 4 241 60 0 105 532 2 1 4 3 0 
48447 266 273 84 3 227 65 1 107 517 4 2 2 2 0 
48422 281 290 79 2 227 73 1 93 525 3 2 0 2 0 
48411 274 289 94 1 227 81 1 104 509 1 2 4 2 0 
48366 279 295 81 1 270 64 1 118 517 2 0 0 6 0 
48354 293 273 87 0 229 75 2 127 553 0 1 3 3 0 
48373 289 298 82 1 246 67 0 103 528 5 2 6 0 0 
48358 308 304 85 1 272 56 3 110 492 5 0 5 1 0 
48384 282 282 82 3 275 53 4 98 528 1 2 4 2 0 
48403 267 274 77 0 269 57 2 99 542 6 2 0 2 0 
48407 275 304 89 3 229 64 2 98 527 0 0 1 1 0 
48388 269 284 76 2 243 68 2 109 551 3 2 2 1 0 
48391 272 266 73 2 266 56 0 112 554 1 1 6 0 0 
48432 273 271 88 1 246 55 2 94 528 5 2 2 1 0 
48332 277 290 97 5 280 62 2 111 530 5 2 2 5 0 
48388 307 288 69 0 283 63 0 107 483 6 0 5 1 0 
48363 279 319 82 4 257 69 2 95 522 3 1 2 2 0 
48340 285 302 83 2 255 63 0 116 546 2 1 2 3 0 
48428 250 260 83 1 261 67 1 115 525 3 0 4 2 0 
48318 263 317 81 3 258 65 2 104 580 5 1 1 2 0 
48373 243 326 84 1 247 71 0 111 534 1 1 2 6 0 
48306 278 294 87 1 260 76 2 112 578 0 2 3 1 0 
48391 289 286 92 4 230 79 0 104 515 4 2 3 1 0 
48407 278 275 93 2 243 71 1 111 507 2 1 5 4 0 
48311 293 282 98 1 269 73 1 114 546 2 3 2 5 0 
48320 267 291 98 3 259 67 4 132 549 3 2 2 3 0 
48380 269 316 82 3 246 55 3 113 516 9 3 5 0 0 
48415 240 279 83 1 256 62 0 114 538 5 2 3 2 0 
48369 265 294 100 2 258 59 0 125 523 2 2 1 0 0 
48321 298 296 102 4 249 65 1 106 547 4 2 4 1 0 
48331 281 315 89 1 252 62 1 107 549 3 3 4 2 0 
48377 264 305 67 2 253 69 0 94 553 4 2 4 6 0 
48411 280 285 85 0 237 69 1 82 545 1 0 2 2 0 
48390 288 303 86 0 233 58 0 112 525 0 2 2 1 0 
48334 280 306 83 1 255 63 0 116 548 0 5 6 3 0 
48366 259 322 85 1 233 54 1 105 563 1 3 4 3 0 
48389 257 275 90 4 256 70 0 117 534 4 0 3 1 0 
48336 299 300 86 3 280 65 0 97 523 3 0 4 4 0 
48392 255 273 84 1 236 77 1 100 567 3 1 5 5 0 
48359 278 286 95 0 248 83 1 126 515 2 1 3 3 0 
48351 258 315 82 3 250 76 3 119 532 2 2 5 2 0 
48403 273 273 74 4 247 74 1 105 534 2 1 7 2 0 
48319 282 302 93 1 254 70 2 104 566 1 1 2 3 0 
48388 251 265 91 4 270 70 1 124 525 4 1 3 3 0 
48336 280 294 78 3 247 76 3 118 556 4 2 1 2 0 
48401 283 286 79 1 251 55 1 91 541 3 2 1 5 0 
48284 306 321 90 3 239 63 2 113 571 2 4 1 1 0 
48338 300 279 76 4 257 59 0 117 560 2 3 2 2 1 
48358 297 271 58 0 257 71 1 109 566 5 1 0 5 1 
48358 249 297 76 3 268 86 1 113 536 3 1 4 5 0 
48352 308 301 73 3 244 65 3 103 535 5 2 3 3 0 
48413 261 309 73 2 228 82 0 111 513 3 2 1 2 0 
48376 266 297 93 6 266 65 1 107 507 4 3 7 2 0 
48389 286 283 91 2 275 62 3 96 503 2 2 5 1 0 
48319 259 308 87 2 261 71 0 119 566 2 0 2 4 0 
48370 277 319 82 1 263 63 1 108 498 8 1 5 4 0 
48340 302 270 83 1 256 58 4 121 557 1 2 3 1 1 
48358 268 300 75 2 232 65 0 117 575 2 0 5 1 0 
48430 282 287 64 0 269 59 2 111 489 2 1 3 1 0 
48404 256 291 77 3 246 69 1 111 534 0 1 4 3 0 
48374 278 310 86 0 274 56 1 119 496 1 1 3 1 0 
48364 271 304 84 1 262 63 1 99 541 4 4 1 1 0 
48360 271 293 82 1 258 68 2 122 533 4 1 4 1 0 
48340 295 299 82 3 245 77 1 116 536 1 1 2 2 0 
48386 278 286 93 2 246 68 1 109 515 8 1 3 4 0 
48382 325 276 67 1 253 55 1 99 526 5 4 3 3 0 
48395 269 304 88 2 248 62 0 109 519 2 0 1 1 0 
48338 289 296 85 1 253 54 0 114 554 4 4 6 2 0 
48387 269 292 100 0 255 71 1 102 509 5 1 4 4 0 
48382 272 307 71 1 256 75 0 101 527 4 0 3 1 0 
48396 268 279 76 2 254 59 1 106 548 0 2 4 5 0 
48341 284 329 78 4 243 61 1 114 538 3 0 3 1 0 
48374 253 317 77 0 228 79 1 102 562 3 1 0 3 0 
48303 271 288 86 2 281 61 0 114 582 2 3 4 3 0 
48371 304 284 79 0 216 70 0 111 549 2 3 4 7 0 
48378 278 330 73 4 239 61 0 110 513 3 2 2 7 0 
48347 297 286 89 2 249 64 1 109 545 2 1 4 4 0 
48353 256 314 82 1 252 74 2 117 538 5 2 2 2 0 
48369 300 265 62 0 246 59 2 126 561 3 3 3 1 0 
48433 279 282 83 1 245 55 0 123 485 3 3 4 4 0 
48396 303 304 93 0 239 54 0 113 489 2 3 2 2 0 
48458 264 284 70 3 252 45 1 113 503 4 1 1 1 0 
48350 286 313 72 3 242 72 2 113 537 1 1 6 2 0 
48420 259 270 79 2 220 63 2 134 544 1 2 1 3 0 
48345 310 296 82 0 241 42 2 128 538 4 1 5 6 0 
48373 266 321 72 1 265 71 1 115 502 5 0 5 3 0 
48338 298 300 112 3 250 67 1 92 528 3 0 5 3 0 
48398 273 283 88 1 233 63 0 126 528 1 1 1 4 0 
48400 261 281 94 1 268 61 0 122 505 3 1 1 2 0 
48329 286 288 85 2 249 66 2 123 562 0 3 4 1 0 
48483 263 278 79 2 221 52 2 100 510 4 2 1 3 0 
48404 254 286 64 0 274 76 0 120 514 1 0 4 3 0 
48365 289 295 86 0 244 61 0 106 545 1 4 2 2 0 
48403 225 280 90 2 256 70 1 122 542 3 3 1 2 0 
48387 277 269 87 0 243 64 2 100 562 6 0 2 1 0 
48410 258 277 70 3 265 58 1 115 529 3 2 4 5 0 
48347 268 295 81 2 266 81 1 112 538 4 2 0 3 0 
48398 289 285 74 3 266 70 0 103 504 2 1 3 2 0 
48385 289 286 70 1 231 75 0 120 537 2 0 2 2 0 
48359 293 296 86 1 266 69 5 100 511 3 4 6 1 0 
48335 280 286 71 1 251 75 0 116 577 1 1 3 3 0 
48430 259 287 93 0 239 77 2 89 513 1 3 4 3 0 
48393 286 294 91 2 281 63 3 83 496 2 3 2 1 0 
48416 270 283 82 1 238 59 0 131 510 4 1 1 4 0 
48411 254 285 86 1 253 64 2 110 528 2 0 1 3 0 
48336 267 318 88 2 285 55 2 114 524 0 4 3 2 0 
48390 284 257 92 0 255 70 1 100 545 0 1 2 3 0 
48406 263 299 79 2 256 72 0 113 501 3 2 3 1 0 
48421 242 276 72 3 261 64 1 126 524 3 2 2 3 0 
48383 292 308 81 2 242 67 2 97 518 2 0 3 3 0 
48437 276 257 68 3 249 65 1 91 539 3 3 4 4 0 
48431 255 305 76 0 229 72 1 128 494 1 3 3 2 0 
48369 270 303 77 1 250 62 1 116 542 1 2 2 4 0 
48372 295 296 86 3 264 68 0 103 497 6 2 7 1 0 
48388 274 300 85 0 251 58 0 111 524 0 1 5 3 0 
48373 304 292 74 0 229 73 1 118 530 0 3 2 1 0 
48364 253 301 66 2 273 58 1 107 564 4 1 3 3 0 
48368 281 268 95 1 267 61 2 109 536 2 3 3 4 0 
48350 275 334 80 1 268 61 1 100 517 5 0 4 4 0 
48383 305 285 75 0 214 62 3 109 553 3 2 4 2 0 
48393 275 283 75 2 250 54 0 115 544 3 3 1 2 0 
48373 262 288 78 0 270 70 2 119 524 1 3 8 2 0 
48378 281 283 76 2 243 63 0 105 556 7 2 2 2 0 
48339 249 316 82 0 256 58 2 125 561 4 1 5 2 0 
48384 282 291 75 2 260 53 1 107 531 4 4 3 3 0 
48389 292 284 79 0 247 85 1 115 500 1 3 2 2 0 
48367 261 321 97 5 253 61 1 104 523 2 3 2 0 0 
48418 263 307 86 4 237 62 0 100 516 4 1 1 1 0 
48465 246 275 75 1 269 57 0 106 495 3 1 1 6 0 
48356 287 304 89 0 247 59 3 100 539 4 4 3 5 0 
48408 283 314 83 3 251 55 1 92 502 2 0 4 2 0 
48392 283 275 71 3 259 73 1 121 517 0 3 2 0 0 
48339 294 288 76 2 249 62 2 97 575 3 4 4 5 0 
48388 252 314 75 2 260 78 1 115 505 3 1 3 3 0 
48426 258 278 76 2 240 62 3 115 530 3 1 4 2 0 
48404 285 282 74 3 239 59 1 126 512 4 3 6 2 0 
48369 286 265 80 0 259 64 2 114 550 5 0 3 3 0 
48364 285 299 86 3 250 59 3 117 524 6 1 1 2 0 
48357 290 308 88 1 265 68 1 98 515 1 1 6 1 0 
48382 294 295 80 0 262 65 4 91 511 6 0 6 4 0 
48372 284 309 85 2 232 71 2 95 534 7 3 2 2 0 
48389 271 305 79 1 270 69 1 102 503 4 2 2 2 0 
48385 274 292 102 1 247 55 4 98 535 2 1 2 2 0 
48430 291 292 80 3 237 55 0 102 495 4 2 8 1 0 
48349 268 291 78 1 242 68 2 102 583 9 2 3 2 0 
48427 274 291 81 1 243 58 0 111 502 3 3 2 4 0 
48376 280 295 75 1 254 83 3 106 518 3 2 3 1 0 
48436 290 247 92 2 233 65 0 129 497 3 0 4 2 0 
48377 286 294 81 1 263 60 0 107 521 4 1 2 3 0 
48352 262 309 103 0 247 68 1 107 544 1 1 5 0 0 
48320 300 312 86 1 297 52 1 89 536 2 0 4 0 0 
48407 282 292 85 3 238 54 0 102 526 3 2 5 1 0 
48416 266 284 91 1 259 61 1 84 530 1 0 2 4 0 
