48391 299 246 68 0 270 53 1 141 525 2 2 0 2 0 
48427 295 241 63 1 243 62 3 125 534 3 0 1 2 0 
48422 291 241 72 1 244 65 3 122 527 4 2 3 3 0 
48472 278 223 76 1 268 66 4 110 493 3 0 5 1 0 
48438 274 216 76 1 255 63 2 129 542 2 0 0 2 0 
48386 298 243 74 3 250 71 1 131 535 4 0 1 3 0 
48446 283 229 73 2 239 54 1 123 539 4 3 3 1 0 
48444 313 233 68 0 216 66 3 114 530 4 1 4 4 0 
48432 278 243 66 1 242 68 4 117 539 5 4 0 1 0 
48438 255 235 66 1 255 71 0 117 551 5 1 1 4 0 
48408 284 250 63 2 253 65 1 105 555 2 4 6 2 0 
48470 281 224 79 0 241 62 0 121 518 1 1 2 0 0 
48480 297 192 78 2 231 71 1 112 533 1 0 1 1 0 
48446 278 244 75 3 205 65 0 129 541 3 2 4 5 0 
48449 277 247 74 1 255 68 1 98 520 4 1 1 4 0 
48426 291 217 79 1 243 68 1 106 554 5 2 3 4 0 
48472 283 233 81 1 223 68 0 115 513 7 1 2 1 0 
48463 277 229 88 0 236 63 0 129 509 1 1 2 2 0 
48425 269 240 77 2 244 78 1 104 552 5 1 1 1 0 
48478 302 213 63 1 263 60 1 111 505 1 0 1 1 0 
48476 284 247 66 0 244 55 0 99 524 2 0 1 2 0 
48411 273 250 73 0 249 68 2 128 529 8 3 4 2 0 
48415 297 215 73 1 245 76 1 126 536 5 3 3 4 0 
48421 301 249 76 1 241 65 2 101 533 3 0 3 4 0 
48474 260 227 64 2 229 68 2 117 547 3 0 2 5 0 
48464 268 235 67 1 218 76 2 116 546 0 1 2 4 0 
48409 310 224 68 0 256 61 0 106 558 4 1 0 3 0 
48394 292 258 71 0 239 57 5 125 546 2 2 7 2 0 
48503 259 233 53 0 243 58 2 132 504 5 1 3 4 0 
48443 293 228 74 3 273 57 2 107 511 2 4 1 2 0 
48404 316 203 80 2 243 64 0 132 538 8 3 4 3 0 
48436 330 233 76 2 232 52 0 114 515 4 0 3 3 0 
48397 294 247 69 2 240 74 2 119 544 7 2 1 2 0 
48387 276 257 74 0 242 80 2 111 560 4 2 3 2 0 
48378 292 255 71 0 255 66 2 120 556 0 0 0 5 0 
48490 281 192 77 1 257 61 3 109 516 5 2 4 2 0 
48410 308 242 82 0 254 48 0 112 535 2 2 3 2 0 
48466 309 219 54 3 220 80 2 127 509 0 3 4 4 0 
48393 272 257 67 1 253 63 1 122 559 7 1 0 4 0 
48427 272 227 77 0 252 57 0 127 550 4 1 2 4 0 
48492 282 242 60 2 222 73 0 116 501 3 2 1 4 0 
48447 318 235 64 0 229 63 0 119 512 6 3 3 1 0 
48492 267 228 79 2 204 79 0 112 531 2 0 2 2 0 
48453 292 231 65 1 204 62 0 143 536 4 3 4 2 0 
48459 291 240 49 1 249 51 1 126 525 0 1 4 3 0 
48472 281 213 62 0 255 61 1 104 543 2 3 0 3 0 
48479 283 232 60 0 271 68 1 106 490 3 0 4 3 0 
48453 299 258 55 0 256 52 1 114 502 2 2 3 3 0 
48467 283 223 55 3 230 67 1 125 541 1 1 1 2 0 
48482 262 232 68 2 236 72 2 106 532 1 0 4 1 0 
48479 308 249 38 1 219 59 1 123 513 1 2 3 4 0 
48428 301 238 65 3 250 66 1 114 522 5 3 2 2 0 
48424 334 255 70 1 207 72 2 103 522 6 0 1 3 0 
48490 304 211 61 1 235 67 2 112 509 5 0 1 2 0 
48409 286 238 91 1 255 43 1 111 560 2 1 0 2 0 
48453 301 233 59 1 235 85 2 112 505 5 2 6 1 0 
48390 309 224 75 1 275 71 1 126 516 6 1 1 4 0 
48518 287 247 67 2 236 48 0 95 495 2 1 1 1 0 
48407 339 242 61 2 221 74 0 117 523 6 0 5 3 0 
48501 260 250 61 2 241 62 2 129 479 6 1 4 2 0 
48429 286 242 51 1 239 71 4 131 538 3 2 2 1 0 
48564 242 226 57 0 230 44 0 99 529 5 0 1 3 0 
48444 279 250 67 3 241 55 0 128 522 3 3 4 1 0 
48419 300 242 69 2 238 67 3 119 532 4 0 2 3 0 
48391 299 221 71 3 258 56 0 119 568 5 0 4 5 0 
48549 300 198 57 2 235 55 0 105 494 0 1 2 2 0 
48426 286 241 68 1 252 56 1 136 519 5 2 4 3 0 
48458 304 198 74 2 224 68 2 124 538 0 2 3 3 0 
48435 312 224 56 1 239 67 1 101 559 2 1 1 1 0 
48400 285 229 65 1 241 75 2 124 566 5 0 3 4 0 
48455 290 223 68 2 241 57 0 118 537 5 2 2 0 0 
48490 293 202 74 1 216 59 0 124 526 3 1 8 3 0 
48371 277 255 78 1 241 75 0 136 555 4 1 5 1 0 
48396 299 254 71 2 256 77 0 105 531 1 1 4 3 0 
48514 243 207 70 2 246 47 4 132 522 5 5 1 2 0 
48427 261 264 64 1 218 68 2 126 558 6 4 0 1 0 
48435 301 259 55 2 258 56 2 115 509 3 1 3 1 0 
48376 287 261 67 3 230 60 3 118 582 5 3 2 3 0 
48376 279 258 94 2 247 60 0 105 570 3 1 3 2 0 
48432 267 231 70 2 253 78 0 117 546 2 2 0 0 0 
48500 278 213 78 0 220 55 1 99 550 1 1 3 1 0 
48509 288 229 61 1 233 56 3 104 506 5 1 3 1 0 
48412 283 235 76 4 233 65 1 130 549 3 2 3 4 0 
48449 254 236 73 1 230 65 2 133 545 0 3 3 6 0 
48392 277 268 58 1 242 65 3 123 562 4 1 1 3 0 
48387 303 227 87 2 261 64 1 125 536 3 0 2 2 0 
48433 268 270 65 2 238 58 2 114 537 7 3 1 2 0 
48422 292 235 55 1 248 68 1 105 564 2 2 3 2 0 
48409 288 240 87 2 244 56 0 138 521 5 1 3 6 0 
48383 314 262 73 1 223 75 2 122 537 3 3 1 1 0 
48468 291 244 60 2 230 69 1 136 489 5 0 3 2 0 
48445 289 221 66 3 242 59 1 110 551 5 1 3 4 0 
48435 290 238 74 1 223 66 4 113 544 5 1 4 2 0 
48458 280 240 60 1 231 64 1 124 537 3 1 0 0 0 
48426 284 241 75 1 228 69 1 130 538 1 2 1 3 0 
48410 264 241 81 1 250 72 1 129 540 2 1 5 3 0 
48473 267 224 63 2 228 77 2 117 537 6 0 1 3 0 
48432 262 234 81 1 238 76 2 119 549 1 1 1 3 0 
48479 264 227 67 0 240 51 0 107 557 2 3 3 0 0 
48469 279 225 91 0 233 75 0 103 519 2 1 2 1 0 
48446 274 244 93 0 247 72 1 115 499 5 2 1 1 0 
48481 316 195 62 0 245 63 1 102 525 5 0 3 2 0 
48402 265 240 71 3 256 67 5 116 568 1 3 2 1 0 
48421 300 234 72 2 238 75 1 127 520 2 3 4 1 0 
48421 297 261 74 0 223 59 0 107 549 4 0 1 4 0 
48450 294 223 77 2 254 65 1 93 524 3 1 5 8 0 
48459 267 219 69 3 236 62 0 143 530 4 1 4 3 0 
48406 282 229 82 0 224 74 2 140 549 4 0 2 6 0 
48476 277 246 56 1 245 64 0 107 522 1 1 2 2 0 
48482 256 218 63 1 248 81 3 97 542 5 0 2 2 0 
48450 276 235 63 1 236 69 2 110 548 3 5 1 1 0 
48411 300 230 62 2 243 69 2 126 548 2 1 1 3 0 
48428 296 224 56 0 257 59 1 120 552 3 0 1 3 0 
48445 297 232 79 0 236 67 2 124 505 3 1 5 4 0 
48460 266 204 60 1 254 61 1 128 559 3 1 2 0 0 
48459 271 237 77 1 257 71 0 96 524 3 1 1 2 0 
48491 290 198 74 2 258 58 3 108 510 2 1 4 1 0 
48415 298 217 56 0 259 65 0 136 545 3 3 2 1 0 
48444 306 229 68 3 248 66 2 134 490 1 2 2 5 0 
48473 281 251 67 0 251 62 0 102 506 1 1 4 1 0 
48498 268 220 66 2 233 70 1 123 507 5 0 3 4 0 
48404 303 240 56 2 239 79 0 151 515 4 2 2 3 0 
48458 292 237 55 0 227 59 0 101 560 3 3 1 4 0 
48438 294 246 59 3 222 71 0 123 535 4 0 2 3 0 
48419 292 215 69 0 237 69 1 108 578 4 1 2 5 0 
48457 276 229 86 1 239 64 0 126 518 2 0 0 2 0 
48391 304 223 73 0 260 64 3 135 539 3 0 2 3 0 
48468 276 225 59 3 238 59 1 107 550 5 1 5 3 0 
48470 293 232 79 0 220 61 1 113 520 2 1 1 7 0 
48462 290 233 65 1 253 56 1 116 514 5 0 1 3 0 
48423 311 241 64 2 256 69 0 133 495 3 1 1 1 0 
48452 258 244 59 0 263 76 1 113 522 4 0 4 4 0 
48448 266 273 63 0 230 82 0 118 512 2 1 3 2 0 
48439 266 231 60 2 249 57 0 133 557 3 0 1 2 0 
48343 279 245 71 0 267 85 2 131 565 5 0 5 2 0 
48456 283 224 65 1 240 55 1 136 531 2 0 3 3 0 
48435 283 243 60 1 234 65 1 121 548 2 3 1 3 0 
48407 280 201 72 3 245 68 2 129 585 4 1 1 2 0 
48379 319 249 70 0 251 78 4 114 529 3 2 0 2 0 
48435 277 234 67 0 237 58 0 127 556 4 0 2 3 0 
48445 283 249 71 2 247 53 1 124 519 2 0 1 3 0 
48484 280 238 71 0 230 52 2 109 528 1 1 2 2 0 
48411 275 222 87 2 256 69 1 125 543 3 0 3 3 0 
48439 282 235 78 2 239 64 2 118 528 4 3 1 5 0 
48423 285 242 72 1 255 73 0 120 522 3 2 1 1 0 
48390 310 247 72 0 247 67 1 128 526 5 2 3 2 0 
48435 291 241 64 1 262 67 0 108 522 5 1 0 3 0 
48487 260 251 77 0 231 68 4 114 492 6 4 4 2 0 
48371 273 233 72 0 262 68 1 120 585 5 1 8 1 0 
48483 270 213 68 0 253 62 1 125 516 3 4 1 1 0 
48442 258 228 74 1 230 50 0 128 576 5 1 2 5 0 
48464 277 256 72 1 227 57 2 114 525 3 0 1 1 0 
48402 333 227 86 2 245 62 1 109 524 1 2 3 3 0 
48411 304 249 87 1 223 61 1 109 546 2 4 1 1 0 
48451 339 238 62 1 242 44 2 106 503 5 0 3 4 0 
48440 288 224 73 2 225 67 2 115 546 9 3 4 2 0 
48472 278 223 68 2 224 56 1 129 540 3 1 2 1 0 
48423 264 224 92 6 247 69 2 102 561 4 3 2 1 0 
48450 299 235 66 1 226 66 1 119 523 5 3 2 4 0 
48526 257 234 72 3 228 56 2 101 513 2 2 2 2 0 
48543 263 226 70 1 209 67 0 125 484 7 2 3 0 0 
48527 288 232 56 1 226 60 1 107 495 4 0 0 3 0 
48375 317 262 76 1 236 62 1 109 548 4 2 4 3 0 
48323 328 245 63 0 245 77 0 126 583 1 2 3 4 0 
48433 268 243 56 1 217 70 2 122 570 7 1 6 4 0 
48358 326 245 60 1 262 71 0 115 551 2 4 1 4 0 
48402 281 231 84 1 269 51 1 131 542 0 0 2 5 0 
48428 288 251 73 0 239 69 1 109 530 3 2 6 1 0 
48372 290 202 78 0 262 65 1 121 602 2 2 1 2 0 
48460 293 247 72 1 219 74 1 118 502 4 3 2 4 0 
48476 253 243 62 1 228 56 0 126 543 3 2 2 5 0 
48418 293 237 56 1 256 68 0 122 535 3 6 4 1 0 
48429 312 229 71 0 224 44 4 146 533 3 2 1 2 0 
48432 290 216 74 0 223 80 1 122 545 6 5 1 5 0 
48470 286 236 56 1 218 57 1 106 563 3 0 2 1 0 
48371 283 257 75 2 257 68 0 119 560 4 1 1 2 0 
48379 320 250 83 1 248 74 1 101 538 1 0 2 2 0 
48481 290 230 60 0 236 57 1 105 527 5 3 1 4 0 
48397 248 235 93 1 263 62 2 110 580 1 2 0 6 0 
48471 261 236 77 0 228 68 0 107 541 4 2 3 2 0 
48387 300 247 73 2 223 76 0 118 563 5 0 2 4 0 
48373 294 261 86 0 255 73 1 147 502 3 0 2 3 0 
48519 245 224 79 3 241 58 0 107 515 4 0 2 3 0 
48463 275 210 78 0 267 50 1 111 531 8 1 3 2 0 
48407 270 234 73 1 229 76 0 125 577 3 3 2 0 0 
48411 294 256 70 2 249 69 1 113 528 2 0 3 2 0 
48460 315 220 55 3 250 56 0 121 514 3 2 1 0 0 
48378 291 243 79 3 243 64 2 132 552 5 0 4 4 0 
48375 312 254 73 0 251 75 1 118 529 3 2 2 5 0 
48405 269 217 88 2 269 63 0 127 549 3 3 2 3 0 
48418 275 234 61 0 246 65 0 116 576 4 0 3 2 0 
48445 307 217 79 2 246 66 4 124 505 2 1 0 2 0 
48433 302 206 67 0 260 69 1 116 535 4 1 1 5 0 
48351 290 255 69 2 260 51 0 118 592 2 3 1 6 0 
48472 263 234 61 0 249 66 1 128 517 3 2 2 2 0 
48434 287 252 57 1 240 55 1 144 522 1 1 3 2 0 
48305 297 276 86 3 262 68 2 116 576 4 1 2 2 0 
48461 275 238 72 3 259 54 0 107 519 3 3 1 5 0 
48405 316 242 78 1 255 57 0 123 513 4 0 5 1 0 
48416 274 257 68 2 254 71 3 113 528 6 4 0 4 0 
48391 312 244 78 0 251 57 3 133 521 4 1 2 3 0 
48472 278 208 78 2 254 71 2 120 503 5 2 4 1 0 
48411 283 229 82 0 260 79 1 115 529 7 1 1 2 0 
48446 285 242 83 2 250 59 5 96 522 4 1 4 1 0 
48456 306 219 55 0 246 61 1 127 513 5 2 4 5 0 
48441 284 226 68 3 247 58 1 103 560 2 1 4 2 0 
48384 290 245 65 1 260 67 0 117 556 4 5 1 5 0 
48424 312 255 50 3 223 58 5 112 546 3 4 2 3 0 
48481 279 237 69 0 224 69 0 113 517 8 0 3 0 0 
48464 264 231 77 1 239 63 1 117 540 3 0 0 0 0 
48411 302 239 71 0 242 68 0 109 546 6 1 3 2 0 
48415 275 245 67 2 253 70 0 133 526 8 2 1 3 0 
48479 253 246 83 0 237 70 4 101 521 4 1 0 1 0 
48404 298 242 73 1 256 53 1 124 539 4 1 2 2 0 
48447 292 240 74 2 248 60 0 107 518 5 1 4 2 0 
48411 269 226 68 3 281 55 2 117 557 5 0 2 4 0 
48479 288 242 78 1 201 51 2 136 511 5 1 1 4 0 
48424 295 236 87 2 249 45 1 114 539 2 2 3 1 0 
48428 300 260 64 0 241 61 1 101 529 7 1 1 6 0 
48428 291 259 75 0 254 48 0 127 513 1 1 0 3 0 
48411 318 235 67 1 248 61 1 122 526 8 0 1 1 0 
48433 284 226 73 0 237 78 0 123 539 2 3 0 2 0 
48421 298 273 61 1 240 65 2 124 511 2 1 1 0 0 
48495 293 232 84 0 243 46 1 111 490 3 0 0 2 0 
48457 276 236 74 1 223 55 1 115 552 2 2 2 4 0 
48401 301 244 71 1 254 63 2 128 529 2 0 2 2 0 
48439 284 244 61 1 224 73 4 121 542 4 1 2 0 0 
48410 289 198 102 1 240 72 0 113 561 4 2 4 3 1 
48462 290 251 68 1 244 54 1 115 506 5 0 1 2 0 
48440 283 251 67 1 219 54 3 121 545 9 0 2 5 0 
48383 296 265 71 1 232 64 0 132 535 7 3 6 5 0 
48389 292 234 82 2 239 69 0 138 539 6 2 4 4 0 
48400 295 243 78 0 241 73 1 120 541 2 4 1 1 0 
48431 295 233 61 1 239 68 0 114 547 5 1 0 5 0 
48456 299 227 67 3 245 59 0 125 512 2 0 5 0 0 
48390 299 242 75 2 235 75 3 109 560 2 0 3 5 0 
48508 301 218 67 2 239 48 4 123 480 3 4 1 2 0 
48475 305 203 75 3 244 58 1 132 500 2 0 1 1 0 
48489 282 230 61 0 239 61 3 119 502 3 2 2 7 0 
48452 271 221 76 0 213 72 0 122 566 3 1 2 1 0 
48431 271 238 72 2 259 62 2 149 507 1 0 4 2 0 
48415 281 260 71 1 247 65 3 119 525 2 1 5 5 0 
48414 266 233 86 2 251 56 1 127 549 5 4 3 3 0 
48396 270 239 61 2 264 62 1 122 574 4 0 3 2 0 
48406 280 223 77 0 254 70 4 129 539 6 2 5 5 0 
48438 275 232 59 0 254 66 1 105 558 3 3 0 6 0 
48495 270 228 59 1 251 62 1 119 506 1 1 4 2 0 
48470 293 233 71 2 237 56 2 109 520 2 2 3 0 0 
48457 278 217 65 0 242 69 2 128 536 0 2 4 0 0 
48458 308 228 69 4 250 63 3 117 492 2 2 1 3 0 
48463 274 235 73 2 239 52 1 128 524 2 0 2 5 0 
48442 284 259 69 2 233 58 0 114 529 2 1 5 2 0 
48446 292 220 77 1 229 92 1 117 517 3 0 5 0 0 
48409 276 249 79 2 245 79 1 122 520 3 2 7 6 0 
48462 275 224 84 3 234 70 2 94 537 2 3 3 7 0 
48457 304 203 62 2 245 71 0 124 523 4 3 2 0 0 
48427 295 221 70 1 239 83 1 134 520 2 0 4 3 0 
48445 323 222 85 1 239 62 1 102 510 4 1 1 4 0 
48499 294 213 69 3 238 76 1 98 499 4 1 2 3 0 
48418 312 242 66 1 254 65 1 119 512 3 1 4 2 0 
48418 287 241 76 3 221 65 2 121 553 4 0 7 2 0 
48421 257 232 76 1 268 60 1 98 577 4 1 1 3 0 
48332 307 249 76 0 270 74 0 148 533 7 1 1 2 0 
48448 278 220 73 3 213 46 2 135 569 4 3 4 2 0 
48418 290 253 51 3 285 62 0 105 525 3 0 2 3 0 
48417 270 262 64 3 233 64 0 123 557 2 3 1 1 0 
48438 279 237 71 3 241 62 1 132 526 1 1 2 6 0 
48379 299 239 77 1 241 64 2 119 572 2 1 2 2 0 
48393 296 248 63 0 231 62 1 127 571 3 0 1 4 0 
48529 279 214 71 1 222 68 2 110 492 2 3 2 5 0 
48399 283 240 69 1 230 66 1 121 579 2 0 4 5 0 
48386 300 247 72 2 267 65 1 131 522 2 2 1 1 1 
48486 285 243 54 0 215 58 2 116 532 3 1 3 2 0 
48392 306 262 58 1 261 64 0 113 538 2 1 1 1 0 
48394 302 247 57 1 240 64 0 118 569 3 1 2 2 0 
48444 266 240 72 0 256 58 2 112 539 6 0 4 1 0 
48447 270 243 82 2 266 62 1 105 515 4 1 1 1 0 
48485 257 254 76 2 243 66 2 99 502 6 4 3 1 0 
48435 269 213 78 0 249 70 4 117 558 4 1 2 0 0 
48426 295 245 85 1 243 63 2 95 536 3 1 2 3 0 
48383 313 251 65 0 228 74 3 140 534 2 0 3 4 0 
48440 269 238 70 1 230 78 0 129 537 2 3 0 3 0 
48406 300 218 81 1 240 63 0 109 571 7 3 0 1 0 
48497 264 218 78 1 240 49 1 121 522 0 2 4 3 0 
48457 303 235 78 1 232 62 3 103 518 4 1 1 2 0 
48445 267 230 60 0 264 68 2 115 545 1 0 2 1 0 
48422 303 235 52 1 261 64 0 121 534 2 0 3 2 0 
48407 294 230 77 0 242 66 1 127 545 3 3 2 2 1 
48415 302 240 56 1 252 59 1 136 525 7 1 2 2 1 
48464 293 227 79 0 240 63 1 115 506 4 3 3 2 0 
48425 308 251 67 0 248 58 1 129 504 4 3 1 1 0 
48381 297 243 79 1 232 63 2 143 547 3 2 3 4 0 
48363 299 255 64 4 289 55 2 129 534 3 0 1 2 0 
48439 292 221 79 0 256 70 0 114 520 4 1 1 3 0 
48411 304 232 61 1 230 69 0 127 552 7 0 2 4 0 
48405 272 249 62 0 258 72 1 129 540 1 4 2 5 0 
48440 264 240 65 1 284 67 1 124 507 4 0 0 3 0 
48483 250 222 68 1 238 57 5 107 565 1 0 1 2 0 
48428 294 221 67 0 259 70 1 116 527 5 1 5 6 0 
48417 289 267 81 2 227 61 0 122 526 1 2 3 2 0 
48439 275 250 66 0 234 51 0 139 535 2 2 3 4 0 
48418 283 256 77 2 240 66 0 103 548 3 2 1 1 0 
48428 291 245 69 0 251 66 1 130 508 2 4 1 4 0 
48492 260 254 70 0 243 79 1 117 475 1 3 0 5 0 
48405 283 251 68 0 269 62 3 106 547 1 0 1 4 0 
48501 266 206 75 0 230 53 2 116 542 4 2 1 2 0 
48414 308 250 72 2 230 59 4 114 538 1 2 4 2 0 
48490 281 223 75 3 209 66 2 119 522 4 1 2 3 0 
48422 282 249 72 1 224 66 5 119 552 1 1 4 2 0 
48428 318 220 77 3 248 66 0 114 522 1 0 3 0 0 
48450 306 229 59 2 227 61 1 104 556 1 0 3 1 0 
48437 287 239 79 0 221 63 3 120 535 1 3 7 5 0 
48460 296 229 79 0 232 75 1 123 499 2 0 1 3 0 
48482 246 247 69 4 253 63 0 113 513 5 3 2 0 0 
48451 282 222 73 1 239 65 1 113 542 2 2 5 2 0 
48484 257 222 79 2 270 62 2 108 503 3 1 3 3 1 
48495 246 207 82 1 266 55 0 101 531 3 2 6 5 0 
48374 298 260 60 0 259 72 1 116 551 2 1 3 3 0 
48501 282 210 63 1 225 47 0 121 540 4 2 3 1 0 
48422 285 227 65 4 260 56 2 111 560 2 0 3 3 0 
48381 291 228 57 0 256 58 2 128 593 0 2 2 2 0 
48409 294 255 72 2 229 65 1 114 545 5 4 5 0 0 
48431 268 257 53 1 252 53 1 140 535 3 0 1 5 0 
48434 307 238 60 2 254 70 1 112 518 1 1 0 2 0 
48405 293 214 84 5 250 67 3 115 555 1 1 4 3 0 
48469 272 244 58 0 243 61 1 117 525 3 2 0 5 0 
48430 297 239 61 0 249 56 4 124 523 4 4 5 4 0 
48454 259 243 73 0 260 60 0 123 517 6 1 2 2 0 
48418 283 238 77 4 248 56 0 111 555 1 2 5 2 0 
48410 273 242 72 2 246 86 1 110 547 1 1 6 3 0 
48493 259 238 65 2 248 64 0 105 520 0 0 3 3 0 
48443 309 228 79 1 232 59 1 119 525 0 1 0 3 0 
48411 282 238 68 0 275 66 2 105 540 5 2 2 3 1 
48395 306 211 47 1 257 75 0 122 572 7 2 2 3 0 
48441 285 234 77 1 238 72 0 113 528 2 2 4 3 0 
48433 315 256 86 1 256 50 1 100 489 2 0 7 4 0 
48441 285 241 55 0 262 57 1 133 512 5 3 2 3 0 
48473 299 230 73 2 222 66 0 123 500 2 1 7 2 0 
48377 302 236 62 2 269 70 1 133 542 4 1 1 0 0 
48474 275 238 71 2 229 60 5 132 509 1 2 2 0 0 
48462 282 228 78 2 250 72 3 110 507 1 0 3 2 0 
48449 287 232 84 1 232 60 0 121 526 1 1 3 3 0 
48424 298 250 59 2 242 59 5 117 538 3 0 1 2 0 
48501 306 238 66 2 209 56 1 102 508 5 2 2 2 0 
48410 281 253 69 1 245 76 1 141 515 3 0 4 1 0 
48476 266 219 76 2 230 70 1 117 533 5 0 2 3 0 
48458 284 231 82 0 251 74 1 105 504 2 3 2 3 0 
48484 269 230 79 0 240 71 1 108 510 1 0 4 3 0 
48441 304 271 68 1 256 72 1 102 476 4 1 2 1 0 
48462 283 219 73 1 208 67 1 134 538 2 4 4 4 0 
48490 294 237 88 0 224 69 2 102 487 2 0 2 3 0 
48452 263 266 70 3 246 64 0 116 514 3 0 2 1 0 
48497 289 211 69 1 246 67 1 108 501 4 0 6 0 0 
48475 263 243 76 1 251 50 2 124 501 8 2 1 3 0 
48389 288 240 71 3 259 57 0 122 555 5 2 6 3 0 
48470 283 239 69 0 236 60 1 104 527 2 6 2 1 0 
48431 308 243 76 1 222 61 0 127 521 3 2 3 2 0 
48418 285 261 84 1 242 65 2 126 505 5 3 1 2 0 
48455 288 246 62 3 241 75 3 98 520 2 5 0 2 0 
48440 294 242 65 2 236 70 1 119 522 3 2 2 2 0 
48395 284 231 83 0 260 64 1 137 535 2 2 2 4 0 
48437 268 228 68 2 234 80 0 131 543 3 2 2 2 0 
48391 280 234 75 2 259 87 0 135 526 1 2 5 3 0 
48441 257 263 70 1 241 63 0 114 539 3 0 6 2 0 
48491 289 209 67 1 229 74 1 117 511 4 2 2 3 0 
48406 284 227 68 1 251 67 1 116 570 2 3 2 2 0 
48416 262 235 69 0 268 75 1 123 543 2 1 4 1 0 
48494 251 271 62 1 248 72 2 113 475 6 0 1 4 0 
48442 315 209 70 3 235 53 2 116 543 4 2 1 5 0 
48419 280 234 65 3 248 64 1 114 559 7 1 1 4 0 
48403 289 243 78 1 244 61 0 126 548 3 0 4 0 0 
48445 317 207 70 2 214 65 2 128 541 2 3 2 2 0 
48458 312 223 68 0 223 65 0 125 515 4 1 5 1 0 
48432 299 242 73 2 235 76 2 117 515 3 0 2 2 0 
48449 287 238 66 1 229 68 2 97 556 2 0 1 4 0 
48394 292 261 67 1 244 74 0 114 546 3 0 3 1 0 
48430 289 201 75 1 278 62 1 123 526 3 1 8 2 0 
48427 290 213 81 2 248 60 1 131 540 2 0 2 3 0 
48410 296 238 55 2 255 61 0 132 538 6 3 2 2 0 
48462 302 232 75 2 226 62 2 96 533 3 0 4 1 0 
48490 272 220 72 2 224 67 2 101 538 5 3 2 2 0 
48516 278 226 61 1 209 67 0 116 517 3 2 0 4 0 
48458 259 256 68 4 250 70 0 122 504 5 0 2 2 0 
48478 248 258 73 2 237 72 3 102 516 1 2 4 4 0 
48415 278 263 82 4 241 80 0 116 514 3 0 0 4 0 
48420 280 250 81 5 230 65 1 108 552 2 0 3 3 0 
48427 296 231 61 2 247 68 1 113 546 3 1 3 1 0 
48456 314 230 60 0 240 65 0 112 516 2 2 2 1 0 
48456 290 235 67 4 249 50 1 100 537 6 0 4 1 0 
48462 285 239 55 2 263 49 0 117 521 4 2 1 0 0 
48493 266 205 77 1 259 72 1 99 520 2 2 1 2 0 
48498 273 217 82 1 230 55 4 108 524 4 2 1 1 0 
48440 309 238 76 3 228 58 0 129 511 1 2 0 5 0 
48446 284 229 64 2 219 70 3 125 554 2 0 1 1 0 
48410 297 208 70 1 245 71 1 106 584 4 0 1 2 0 
48428 300 252 90 2 245 66 1 103 503 4 0 1 5 0 
48402 281 221 73 2 262 69 1 127 552 2 0 2 6 0 
48495 269 235 68 3 251 48 3 115 507 2 0 2 2 0 
48456 290 222 74 4 237 66 0 109 530 5 1 2 4 0 
48363 317 261 83 1 244 64 6 103 548 5 2 3 0 0 
48423 285 257 62 1 254 70 1 108 527 4 1 4 3 0 
48313 325 260 85 1 233 71 3 132 569 1 1 3 3 0 
48471 274 241 66 2 240 64 4 110 511 8 2 4 3 0 
48428 312 233 90 0 237 55 1 121 506 6 3 5 3 0 
48437 296 251 64 3 231 58 3 115 536 2 3 0 1 0 
48405 286 249 78 3 243 65 3 115 541 5 3 0 4 0 
48486 264 238 69 2 235 72 0 119 505 4 1 5 0 0 
48498 259 225 70 0 233 57 3 112 537 0 1 3 2 0 
48472 317 236 82 4 213 42 1 108 515 3 1 4 2 0 
48410 318 237 66 2 252 66 0 119 521 3 1 1 4 0 
48429 297 217 72 1 258 63 4 138 514 1 3 0 3 0 
48455 298 239 66 2 243 67 1 110 510 0 0 5 4 0 
48437 296 238 71 0 248 71 1 110 520 2 0 3 3 0 
48390 316 235 94 1 251 58 1 114 529 5 1 2 3 0 
48423 282 246 77 3 219 78 0 138 526 2 1 1 4 0 
48469 308 217 78 1 228 70 0 108 507 3 2 6 3 0 
48394 309 246 77 2 257 56 0 120 527 2 3 2 5 0 
48447 288 226 67 1 223 72 4 130 533 2 1 5 1 0 
48494 279 206 66 1 258 69 1 100 517 6 0 1 2 0 
48417 308 221 69 3 230 58 1 126 556 6 2 1 2 0 
48494 279 209 50 6 243 59 1 117 536 1 0 0 5 0 
48464 290 232 67 0 247 61 0 109 522 2 1 3 2 0 
48406 297 220 65 0 252 77 2 129 545 3 2 1 1 0 
48476 291 228 76 0 222 74 1 133 493 4 0 2 0 0 
48509 258 225 69 1 216 67 2 123 521 3 2 2 2 0 
48497 301 220 66 2 230 61 2 108 501 6 1 3 2 0 
48437 304 235 79 2 241 65 1 101 525 3 1 5 1 0 
48487 265 207 95 0 227 54 0 112 542 2 2 3 4 0 
48400 273 257 78 2 249 67 3 119 542 5 2 1 2 0 
48457 276 244 74 3 211 64 1 115 546 3 0 1 5 0 
48461 292 210 71 1 245 60 0 119 531 2 2 3 3 0 
48475 266 232 70 0 236 72 4 113 518 4 2 5 3 0 
48462 299 235 77 2 230 61 2 90 524 11 2 3 2 0 
48359 303 250 70 3 279 57 1 130 536 5 0 6 1 0 
48390 321 248 81 0 249 69 0 128 511 0 1 1 1 0 
48417 290 241 68 1 239 68 1 110 558 2 0 2 3 0 
48495 276 251 80 3 233 59 0 113 487 0 0 2 1 0 
48442 312 207 53 2 234 77 3 114 544 3 1 3 5 0 
48348 292 249 79 1 239 52 1 145 585 3 1 2 3 0 
48514 270 227 66 2 234 59 3 104 508 3 2 4 4 0 
48387 299 269 80 0 243 54 2 107 547 2 4 4 2 0 
48441 290 237 54 2 254 66 0 109 539 3 3 0 2 0 
48380 307 252 91 2 254 50 1 108 548 1 0 1 5 0 
48428 280 261 86 1 228 70 2 120 516 3 0 2 3 0 
48476 264 261 67 3 237 57 1 118 504 4 3 3 2 0 
48441 299 223 89 0 236 62 2 121 524 1 1 0 1 0 
48363 283 258 67 1 273 73 4 114 551 5 2 3 3 0 
48428 247 230 72 2 286 54 1 98 574 7 0 0 1 0 
48399 294 259 65 0 251 75 3 116 530 5 1 2 0 0 
48488 287 250 81 0 231 50 0 100 503 3 2 2 3 0 
48428 304 220 78 1 258 52 1 129 518 3 1 3 4 0 
48418 282 243 65 4 246 74 1 123 529 4 2 4 5 0 
48434 271 222 78 1 259 61 1 127 536 4 1 3 2 0 
48443 261 252 63 1 252 57 1 106 558 2 1 1 2 0 
48397 309 234 81 3 206 70 1 133 555 4 1 4 2 0 
48413 305 244 79 2 224 70 0 116 535 5 1 2 4 0 
48398 309 234 83 2 232 65 1 122 541 3 1 5 4 0 
48307 322 231 97 0 264 65 0 136 565 5 1 3 4 0 
48361 310 268 69 2 228 72 2 124 550 7 0 3 4 0 
48443 277 243 69 2 255 64 2 111 517 4 3 6 4 0 
48492 305 234 69 1 243 49 1 125 470 6 2 2 1 0 
48372 300 239 72 0 252 63 1 121 568 6 2 1 3 0 
48439 324 207 80 5 243 59 2 121 510 3 4 3 0 0 
48402 290 241 63 2 250 62 2 137 539 6 1 4 1 0 
48473 292 234 71 0 252 52 1 126 489 5 0 2 3 0 
48405 316 234 61 0 247 56 1 116 554 3 1 2 4 0 
48435 276 256 77 1 258 63 0 107 513 6 2 2 4 0 
48468 278 239 75 1 237 72 3 119 498 3 4 2 1 0 
48416 312 222 88 5 241 68 2 102 533 4 0 2 5 0 
48436 304 243 55 4 212 66 1 132 537 2 2 4 2 0 
48445 284 223 71 0 238 65 4 126 535 3 1 3 2 0 
48404 285 225 73 2 257 80 1 121 543 2 2 3 2 0 
48497 262 237 56 0 239 57 2 117 525 2 1 3 2 0 
48469 255 245 71 0 227 68 0 129 523 2 3 4 4 0 
48408 323 233 82 4 268 59 0 113 501 3 3 3 0 0 
48460 280 229 71 2 230 65 2 118 536 1 0 5 1 0 
48460 295 232 72 3 229 63 2 121 520 1 1 0 1 0 
48399 302 243 75 2 241 69 2 123 538 0 1 2 3 0 
48442 258 256 78 1 228 63 0 132 532 3 2 1 4 0 
48390 317 223 54 0 262 69 1 122 555 3 2 0 2 0 
48472 273 241 67 1 245 72 0 118 506 1 1 1 2 0 
48412 292 218 82 1 250 65 2 114 556 4 0 3 1 0 
48409 272 253 76 5 252 68 2 110 545 4 1 2 1 0 
48323 303 235 83 0 275 66 2 128 572 3 1 3 6 0 
48369 301 241 77 0 249 69 2 132 548 2 1 4 5 0 
48398 309 245 67 1 235 76 1 118 542 2 1 0 5 0 
48397 301 247 78 0 250 66 1 111 542 4 1 0 2 0 
48455 284 243 76 1 227 63 0 123 515 5 2 3 3 0 
48409 298 232 64 0 274 47 1 115 551 4 1 1 3 0 
48447 284 226 73 3 241 60 1 127 533 2 0 1 2 0 
48359 325 248 73 5 251 63 2 116 553 1 1 1 2 0 
48433 278 241 73 0 240 62 2 108 551 5 1 2 4 0 
48448 271 220 91 1 248 52 3 114 537 5 3 6 1 0 
48443 311 223 88 1 220 63 1 114 531 1 0 3 1 0 
48405 296 262 74 0 249 73 2 117 513 3 2 1 3 0 
48414 291 241 87 1 252 62 2 119 519 6 2 1 3 0 
48455 301 193 83 1 240 75 0 140 502 3 1 4 2 0 
48423 295 243 68 0 227 73 1 122 539 2 1 3 3 0 
48427 293 244 68 1 223 65 2 137 529 1 1 4 4 1 
48431 310 259 54 2 228 73 1 120 515 1 1 3 2 0 
