48496 294 204 63 3 232 64 0 109 529 2 1 1 2 0 
48299 312 274 74 0 240 64 2 107 614 5 2 3 4 0 
48447 291 220 72 2 276 54 2 112 516 3 1 0 4 0 
48357 326 238 64 0 265 63 2 106 567 1 3 5 3 0 
48494 276 233 71 1 224 59 0 96 537 1 2 2 4 0 
48372 289 267 89 2 261 67 3 105 534 3 1 4 3 0 
48508 254 213 73 0 209 77 1 116 539 5 0 4 1 0 
48426 270 224 87 3 242 85 1 110 539 3 0 3 7 0 
48438 288 253 73 1 269 60 2 116 489 4 2 2 3 0 
48392 292 243 83 2 234 68 1 109 567 4 0 1 4 0 
48431 262 209 67 1 275 57 1 116 576 0 1 2 2 0 
48442 295 238 78 2 266 60 0 118 487 5 1 6 2 0 
48411 309 273 88 1 234 53 1 109 515 0 2 3 1 0 
48454 272 252 77 1 250 56 3 100 526 2 0 4 3 0 
48389 270 245 90 2 258 73 2 119 542 3 1 4 2 0 
48402 295 238 67 0 235 69 0 124 560 3 1 3 3 0 
48492 268 233 70 0 236 49 0 110 534 2 3 1 2 0 
48431 304 235 86 1 222 48 1 106 553 7 1 3 2 0 
48472 253 222 72 1 232 72 3 108 556 5 2 1 1 0 
48435 286 239 89 1 252 54 2 108 525 3 2 1 3 0 
48468 286 229 76 2 247 59 0 119 506 2 0 2 4 0 
48434 301 230 81 0 258 57 3 109 513 4 3 4 3 0 
48394 293 257 81 2 251 59 1 112 543 1 1 3 2 0 
48425 293 267 72 0 247 64 1 134 490 4 0 3 0 0 
48464 262 252 82 1 242 69 0 108 511 3 0 2 4 0 
48446 301 215 80 3 248 64 1 124 504 5 2 5 2 0 
48442 285 221 83 3 281 71 1 102 508 1 0 0 2 0 
48368 315 225 78 1 247 73 2 115 568 2 1 2 3 0 
48390 304 259 79 1 241 70 0 116 531 3 0 3 3 0 
48434 268 245 84 0 242 50 0 107 558 2 2 3 4 1 
48409 300 249 74 3 266 65 0 119 506 4 1 2 2 0 
48417 291 230 65 0 242 71 2 112 561 5 1 2 1 0 
48384 267 250 78 2 268 61 0 132 550 2 2 1 3 0 
48441 295 238 93 0 231 58 0 97 543 0 0 1 3 0 
48403 297 257 76 2 244 54 0 101 559 0 0 4 3 0 
48513 273 242 67 1 227 62 1 124 484 1 1 3 1 0 
48483 263 237 89 0 254 58 0 97 505 5 2 6 1 0 
48452 278 244 67 0 251 71 1 97 531 3 0 2 3 0 
48433 265 252 79 2 257 66 0 116 519 3 2 3 3 0 
48370 307 244 80 0 251 58 0 120 560 4 2 3 1 0 
48447 257 246 77 2 244 56 1 135 524 5 2 4 0 0 
48393 300 248 72 0 229 70 1 123 554 5 2 1 2 0 
48502 264 227 71 4 238 58 1 94 527 4 2 4 4 0 
48407 276 266 79 0 252 73 2 134 502 4 3 2 0 0 
48388 299 255 81 1 232 64 2 122 549 5 0 1 1 0 
48432 285 248 68 1 266 64 2 97 531 1 2 1 2 0 
48490 280 245 83 0 218 67 2 102 505 5 0 2 1 0 
48513 289 198 73 4 231 66 1 114 506 3 0 1 1 0 
48450 287 214 69 1 244 64 0 107 556 4 2 0 2 0 
48354 294 261 92 4 252 88 1 114 531 3 3 1 2 0 
48421 300 233 85 2 257 66 1 118 509 2 1 3 2 0 
48389 298 248 84 2 251 76 1 107 536 3 2 1 2 0 
48439 280 222 60 3 249 77 0 104 559 1 1 2 3 0 
48492 267 227 77 4 219 53 2 111 534 3 1 5 5 0 
48462 286 241 74 1 272 52 2 106 496 3 2 2 1 0 
48385 313 232 92 1 236 59 1 110 567 1 1 1 1 0 
48445 277 248 80 1 246 68 0 114 512 1 3 0 5 0 
48467 290 238 71 2 261 63 0 88 516 3 0 0 1 0 
48377 282 221 87 2 270 75 1 134 543 1 1 3 3 0 
48469 271 246 70 1 226 62 1 120 526 5 1 0 2 0 
48469 281 241 65 1 239 54 0 101 541 3 0 1 4 0 
48438 289 240 65 1 235 66 2 108 543 9 0 3 1 0 
48427 298 235 69 1 242 62 1 112 545 2 3 0 3 0 
48468 261 220 70 3 234 68 1 115 550 5 1 2 2 0 
48443 293 232 73 1 238 61 0 131 515 5 0 4 4 0 
48474 294 222 75 1 259 48 0 121 499 1 3 1 2 0 
48487 261 238 64 1 247 51 1 119 522 1 3 3 2 0 
48427 297 235 68 1 249 64 1 131 518 5 1 1 2 0 
48431 328 205 62 4 252 67 2 112 524 3 4 3 3 0 
48440 275 233 58 2 258 62 2 101 559 1 1 3 5 0 
48427 289 251 76 1 236 63 0 104 546 2 0 3 2 0 
48483 281 211 75 1 241 66 0 109 527 2 0 2 2 0 
48435 279 228 79 1 243 57 1 117 548 7 2 1 2 0 
48483 272 223 78 0 244 65 2 126 497 4 3 3 0 0 
48382 293 245 87 0 255 64 1 130 534 2 1 2 4 0 
48474 275 220 65 1 242 61 1 114 543 1 1 1 1 0 
48425 295 247 66 2 255 73 0 125 503 2 0 4 3 0 
48438 262 243 73 0 252 69 0 104 551 2 2 3 1 0 
48415 310 243 83 0 229 57 0 109 541 2 4 5 2 0 
48449 298 224 75 4 252 66 2 92 533 3 0 1 1 0 
48398 317 237 67 1 273 66 0 107 524 3 2 1 4 0 
48398 294 223 74 2 253 89 0 89 568 3 2 1 4 0 
48394 294 246 81 0 282 80 1 106 507 4 1 3 1 0 
48479 291 226 65 1 234 71 1 99 518 3 5 3 4 0 
48377 296 243 74 0 255 64 0 123 556 5 0 2 4 1 
48498 281 227 68 0 227 59 0 110 522 3 1 3 1 0 
48402 281 236 82 2 266 72 0 125 524 5 0 3 2 0 
48502 278 213 78 1 247 57 0 115 503 4 2 0 0 0 
48497 257 241 76 0 202 73 1 96 541 5 0 4 7 0 
48427 270 208 84 0 237 80 3 106 574 4 2 3 2 0 
48435 300 235 63 3 263 72 1 116 499 7 0 4 2 0 
48408 288 258 80 1 243 60 0 122 529 3 2 2 4 0 
48484 276 244 70 7 219 54 2 119 517 3 3 1 1 0 
48438 295 229 81 1 250 54 4 116 523 1 1 5 2 0 
48443 263 259 73 1 251 61 4 103 532 5 1 1 3 0 
48390 289 273 69 2 252 63 3 108 544 1 3 1 2 0 
48367 284 234 75 2 251 91 1 112 574 2 1 4 2 0 
48467 282 238 65 2 238 61 0 116 526 2 3 0 0 0 
48448 287 219 80 1 242 59 3 98 548 5 2 3 5 0 
48441 280 232 70 1 246 75 1 114 528 1 1 5 5 0 
48398 308 244 61 2 254 66 1 116 543 0 1 2 4 0 
48460 252 249 82 2 235 60 3 85 563 3 0 1 5 0 
48433 303 216 70 1 247 51 2 123 545 3 2 2 2 0 
48393 300 239 83 1 272 71 2 97 525 7 3 2 5 0 
48397 279 250 81 0 262 68 0 116 543 2 1 1 0 0 
48473 272 206 67 2 248 73 3 82 564 4 1 2 3 0 
48460 258 211 75 0 259 56 3 132 531 4 1 2 8 0 
48442 286 220 92 1 242 50 1 131 525 2 2 5 1 0 
48440 297 237 67 1 260 61 0 120 507 5 0 2 3 0 
48472 262 245 71 3 236 67 0 108 523 4 3 4 2 0 
48414 266 240 80 0 224 85 1 129 548 3 5 0 5 0 
48421 282 259 76 0 250 63 1 104 533 4 1 1 5 0 
48431 267 246 77 2 248 63 2 122 532 7 1 1 1 0 
48430 285 231 66 1 225 66 0 120 566 4 4 1 1 0 
48418 269 248 69 0 275 76 2 122 511 3 2 1 4 0 
48495 276 210 78 3 252 68 1 105 506 3 0 1 2 0 
48406 280 245 64 2 263 59 2 131 544 1 0 0 3 0 
48406 308 256 83 2 269 64 1 95 507 2 0 4 3 0 
48442 285 226 79 2 265 79 3 97 514 3 2 2 1 0 
48441 284 258 84 1 244 85 1 95 498 3 1 2 3 0 
48481 278 236 85 1 229 48 1 120 516 3 0 1 1 0 
48472 247 243 71 1 230 67 1 101 559 2 1 2 3 0 
48463 291 211 82 1 243 53 2 116 534 1 1 1 1 0 
48380 324 246 70 3 250 57 0 129 529 4 2 4 2 0 
48400 252 254 79 3 264 79 1 101 559 3 2 3 0 0 
48452 275 224 62 1 235 65 0 127 550 5 1 0 3 0 
48439 247 228 84 1 248 54 0 134 556 3 1 2 3 0 
48393 303 233 69 0 287 68 3 132 502 5 0 3 2 0 
48517 238 233 82 0 228 81 2 79 528 2 2 5 3 0 
48436 281 251 76 0 239 70 1 116 525 1 2 1 1 0 
48482 287 222 76 2 250 69 1 97 508 3 2 0 1 0 
48378 286 240 84 1 257 58 2 145 539 6 2 2 0 0 
48413 288 221 61 2 261 61 0 133 551 1 0 4 4 0 
48453 282 213 89 2 258 69 0 133 489 4 1 2 5 0 
48491 241 229 80 1 257 78 0 121 492 4 0 2 4 0 
48401 298 232 62 1 272 71 3 107 545 2 2 2 2 0 
48493 271 230 86 0 234 56 1 109 510 5 2 1 2 0 
48408 267 246 88 1 249 60 2 131 540 2 2 2 2 0 
48443 270 246 97 2 259 54 0 105 509 6 1 4 4 0 
48474 313 235 71 0 205 69 3 108 513 3 1 3 2 0 
48450 281 253 89 1 235 63 1 101 516 5 2 0 3 0 
48450 289 253 77 0 245 53 6 113 509 1 1 1 2 0 
48444 310 229 74 7 242 67 1 101 514 6 2 2 1 0 
48447 289 219 77 2 238 70 0 102 538 7 1 7 3 0 
48447 281 220 76 2 236 55 1 118 556 2 3 1 2 0 
48444 310 241 55 0 252 66 0 98 527 1 1 3 2 0 
48545 287 198 83 3 231 68 1 108 474 1 0 1 0 0 
48456 276 238 73 0 254 64 2 112 516 6 0 1 2 0 
48453 293 226 69 1 232 62 0 118 539 2 0 3 2 0 
48534 258 223 77 2 211 58 1 94 530 7 1 2 2 0 
48403 262 238 78 2 267 60 5 125 552 3 2 2 1 0 
48460 276 233 79 1 265 58 0 90 533 3 0 1 1 0 
48380 281 238 87 0 258 66 3 114 564 4 3 0 2 0 
48439 258 235 82 2 255 76 2 119 528 3 0 0 1 0 
48422 300 251 71 1 256 64 0 115 511 4 1 1 3 0 
48348 289 254 70 2 248 67 0 118 597 3 2 1 1 0 
48490 276 210 80 1 240 57 1 120 516 4 2 1 2 0 
48411 315 246 70 0 226 60 1 118 542 5 3 1 2 0 
48441 264 226 75 2 233 75 1 94 578 3 0 5 3 0 
48435 293 242 76 0 231 64 0 116 536 3 0 2 2 0 
48449 275 228 86 1 263 70 2 101 513 2 3 2 5 0 
48333 291 269 75 3 252 72 2 106 591 2 3 0 1 0 
48429 299 229 84 0 222 62 0 125 540 3 2 2 3 0 
48456 288 236 96 1 229 78 4 116 493 0 2 0 1 0 
48434 283 238 68 0 245 59 1 104 560 0 1 2 5 0 
48463 273 218 81 2 245 60 0 129 519 6 0 3 1 0 
48456 284 257 69 0 242 64 1 110 509 1 1 1 5 0 
48437 298 216 86 2 249 62 1 116 521 5 1 3 3 0 
48399 273 234 80 4 277 64 1 114 545 6 0 1 2 0 
48465 289 211 87 3 251 76 0 111 499 3 1 2 2 0 
48397 275 245 85 1 269 57 1 115 546 4 0 4 1 0 
48394 289 235 84 4 252 55 3 112 557 3 1 4 7 0 
48492 289 230 64 0 252 55 0 109 500 3 1 4 1 0 
48445 272 239 67 1 272 66 0 102 530 3 1 2 0 0 
48404 285 255 76 2 227 63 1 114 564 2 2 5 0 0 
48475 301 217 75 1 258 59 0 106 503 2 1 1 1 0 
48514 278 235 77 2 243 49 0 99 494 2 1 2 4 0 
48462 279 219 83 0 239 59 0 120 531 4 0 2 2 0 
48430 270 246 79 1 251 73 1 119 520 2 2 3 3 0 
48404 265 237 80 1 266 67 0 124 548 3 1 2 2 0 
48450 271 222 78 3 271 58 3 98 536 4 2 2 2 0 
48465 266 230 73 0 247 71 2 111 529 2 0 2 2 0 
48445 295 241 67 2 256 62 2 112 512 3 0 2 1 0 
48447 287 218 74 0 253 61 0 104 542 7 3 1 3 0 
48445 294 217 68 0 250 59 0 109 547 5 1 2 3 0 
48437 286 226 69 0 255 77 2 98 538 5 4 3 0 0 
48444 301 218 61 2 252 63 2 103 544 6 2 1 1 0 
48468 282 235 80 1 224 64 0 103 537 3 0 1 2 0 
48456 280 237 71 2 245 73 1 112 515 3 1 1 3 0 
48457 289 233 68 0 236 65 0 123 528 1 0 0 0 0 
48380 291 227 69 3 260 56 3 135 559 3 5 5 4 0 
48476 275 214 90 2 221 55 1 93 563 4 1 4 1 0 
48420 277 226 74 0 267 74 0 120 532 2 1 4 3 0 
48446 275 252 78 1 251 60 0 105 525 1 1 3 2 0 
48384 324 249 63 2 235 59 3 115 560 1 1 3 1 0 
48447 291 221 89 1 237 71 2 103 528 4 1 1 4 0 
48369 293 231 88 0 245 71 1 119 575 1 0 3 4 0 
48415 278 230 93 1 248 65 1 127 534 2 1 4 1 0 
48436 264 247 70 1 233 63 2 115 555 7 1 5 1 0 
48473 271 214 78 2 244 72 0 112 524 5 0 3 2 0 
48499 271 231 71 1 244 46 3 103 523 2 2 2 2 0 
48416 259 230 79 1 245 72 1 117 574 1 0 3 2 0 
48401 292 256 94 1 258 66 1 96 521 4 2 4 4 0 
48393 267 264 71 0 266 63 4 133 529 3 1 1 5 0 
48437 260 258 74 2 258 70 1 122 505 3 0 3 7 0 
48393 298 234 84 1 271 56 0 123 528 1 5 2 4 0 
48367 279 268 84 0 262 80 2 130 517 3 1 3 4 0 
48416 284 236 65 1 262 69 1 115 541 3 1 3 3 0 
48396 288 242 73 3 244 73 1 124 549 3 0 3 1 0 
48465 286 243 70 1 249 63 2 111 498 7 2 2 1 0 
48478 312 220 71 0 250 67 0 108 486 1 1 3 3 0 
48423 305 267 93 1 227 58 2 109 505 1 1 4 4 0 
48427 290 244 75 1 254 39 2 113 542 7 2 3 1 0 
48402 302 240 82 1 236 67 3 114 545 4 1 2 1 0 
48459 284 235 76 1 256 60 1 119 501 3 1 2 2 0 
48354 303 243 76 1 261 75 1 110 572 1 0 0 3 0 
48429 291 251 58 0 246 66 2 112 533 5 1 3 2 1 
48458 297 259 65 0 241 59 2 105 504 4 1 2 3 0 
48519 270 194 77 0 244 53 0 118 514 3 1 3 4 0 
48393 292 242 73 3 234 64 1 130 553 4 2 1 8 0 
48426 295 227 81 1 246 64 0 121 529 6 1 1 2 0 
48472 272 243 74 1 235 53 1 108 533 5 1 0 2 0 
48466 305 211 82 2 234 69 1 121 500 4 0 3 2 0 
48405 300 263 57 2 252 58 0 122 528 3 2 0 8 0 
48375 317 235 81 0 278 71 0 122 514 1 1 4 1 0 
48392 294 213 77 2 246 78 0 108 586 2 0 0 2 0 
48429 278 267 69 4 234 56 1 124 529 3 1 2 3 0 
48480 274 202 71 1 261 77 1 125 498 4 1 3 2 0 
48457 313 215 77 0 228 81 0 122 494 6 2 3 2 0 
48409 310 243 74 3 274 66 1 91 516 3 1 5 4 0 
48428 279 217 92 0 252 68 1 113 538 3 3 4 2 0 
48407 292 243 71 0 231 67 2 121 558 3 1 2 2 0 
48433 291 226 66 2 240 65 1 110 553 5 2 3 3 0 
48404 285 229 88 2 258 68 1 139 513 4 2 3 4 0 
48376 298 233 78 3 259 72 1 112 560 4 1 1 2 0 
48390 311 260 76 4 240 67 2 119 518 5 3 2 3 0 
48451 267 223 88 2 243 64 2 98 556 3 1 1 1 0 
48407 281 264 79 1 250 64 1 118 522 5 2 4 2 0 
48461 296 217 82 0 238 67 3 110 517 1 4 1 3 0 
48471 280 226 64 1 256 69 3 114 508 1 0 4 3 0 
48451 278 222 80 3 239 75 1 114 526 4 1 3 3 0 
48418 308 233 84 1 251 72 2 107 516 5 0 1 2 0 
48440 256 234 87 5 250 49 3 116 547 2 3 6 2 0 
48340 299 249 93 2 241 60 0 132 578 2 1 2 1 0 
48462 259 245 77 3 250 60 0 112 520 3 0 3 6 0 
48460 289 233 83 1 238 58 2 104 521 3 2 4 2 0 
48442 261 273 82 1 224 65 2 113 523 7 4 3 0 0 
48432 297 250 67 3 235 81 0 116 510 4 0 3 2 0 
48432 269 244 78 1 246 58 4 122 540 0 0 1 5 0 
48387 287 217 77 1 245 83 1 95 597 2 0 3 5 0 
48459 282 246 63 2 242 66 1 114 514 3 4 1 3 0 
48435 260 215 76 1 244 68 2 118 569 4 1 6 1 0 
48417 276 239 80 1 260 58 0 116 540 5 4 2 2 0 
48429 280 255 72 0 248 63 0 122 525 1 0 0 5 0 
48424 290 235 92 1 249 55 0 113 529 4 1 2 5 0 
48439 272 239 70 2 216 75 3 119 557 3 0 2 3 0 
48398 288 224 79 3 262 70 1 114 551 4 2 4 0 0 
48442 263 213 78 1 246 59 3 110 577 4 3 0 1 0 
48466 248 249 80 1 237 64 2 114 533 3 0 3 0 0 
48416 305 219 88 1 268 68 0 110 514 7 0 0 4 0 
48448 276 231 64 1 248 70 0 110 542 2 2 5 1 0 
48470 292 230 82 1 241 65 1 112 500 5 0 1 0 0 
48444 272 243 63 0 258 56 1 118 537 2 1 3 2 0 
48442 274 229 90 0 230 68 0 118 534 3 3 5 4 0 
48390 316 227 77 0 240 62 1 120 556 3 2 3 3 0 
48405 309 246 66 2 272 59 3 101 527 3 3 2 2 0 
48462 285 199 71 2 269 56 0 118 529 4 1 4 0 0 
48405 296 248 86 2 247 58 1 107 534 6 2 4 4 0 
48396 295 222 92 1 236 70 0 109 570 5 3 1 0 0 
48444 266 266 83 1 233 54 0 103 537 5 3 1 4 0 
48418 277 246 91 1 256 57 0 103 544 1 0 4 2 0 
48419 268 268 79 0 243 72 1 113 522 6 2 5 2 0 
48438 290 242 75 0 246 58 1 120 519 3 5 2 1 0 
48428 293 231 76 1 271 74 1 106 506 3 2 7 1 0 
48436 280 233 62 4 251 68 1 110 545 1 4 4 1 0 
48490 281 224 60 1 249 70 1 92 530 1 0 0 1 0 
48428 291 252 70 0 243 67 1 119 520 2 0 4 3 0 
48470 265 240 62 0 247 62 5 111 531 1 1 2 3 0 
48398 285 238 86 1 263 54 2 131 528 4 3 2 5 0 
48468 273 211 78 2 248 81 1 127 506 2 1 2 0 0 
48464 276 246 69 2 245 62 2 108 516 2 1 4 3 0 
48422 275 236 82 2 263 76 3 98 539 1 2 1 0 0 
48515 303 211 75 0 240 56 0 92 501 3 3 1 0 0 
48481 268 227 76 1 228 62 2 120 527 1 0 2 5 0 
48462 266 222 68 0 246 78 0 112 536 1 2 4 3 0 
48382 303 219 80 3 270 52 2 107 567 6 2 5 2 0 
48435 284 236 80 1 258 64 7 111 512 2 3 4 3 0 
48393 261 259 63 3 275 60 1 117 567 0 0 1 0 0 
48483 271 211 73 0 227 64 1 120 544 2 2 0 2 0 
48466 287 208 70 3 274 49 1 114 522 3 2 0 1 0 
48424 291 233 79 0 253 56 1 130 519 6 1 6 1 0 
48390 317 233 79 2 265 62 3 104 540 2 0 1 2 0 
48488 272 222 73 0 265 68 1 99 505 3 0 3 1 0 
48437 301 249 80 1 235 62 0 102 528 2 1 0 2 0 
48394 282 250 68 5 254 62 4 110 565 3 0 0 3 0 
48503 271 218 71 0 255 65 0 119 487 5 1 3 2 0 
48467 275 245 83 0 246 56 0 114 505 6 1 2 0 0 
48501 285 235 77 2 212 65 3 109 503 2 1 3 2 0 
48490 276 233 73 0 221 68 4 110 517 3 0 2 3 0 
48472 263 238 74 0 276 54 0 89 524 1 1 4 4 0 
48476 285 235 80 2 264 48 0 96 509 2 0 2 1 0 
48410 300 249 69 0 233 56 1 111 563 1 2 1 4 0 
48363 302 223 85 0 259 65 1 119 573 3 1 2 3 1 
48438 282 237 81 0 259 55 1 129 506 4 2 4 2 0 
48469 276 224 61 1 254 71 2 118 510 3 5 4 2 0 
48476 251 254 74 1 215 65 0 106 542 5 2 2 7 0 
48429 272 225 73 0 259 86 2 115 530 2 2 3 2 0 
48430 274 247 58 0 240 53 0 95 592 3 2 4 2 0 
48444 288 230 82 2 267 54 1 101 521 1 1 4 4 0 
48397 277 237 73 1 241 73 1 120 572 2 3 2 1 0 
48411 278 269 69 1 254 67 2 103 535 5 1 2 3 0 
48485 270 231 65 1 256 60 0 118 498 2 2 7 5 0 
48435 297 230 72 1 258 60 4 120 514 5 0 1 3 0 
48431 263 236 75 2 255 60 2 134 530 4 1 3 4 0 
48511 267 234 67 0 230 69 3 107 503 5 1 1 2 0 
48467 280 222 91 1 243 52 3 97 533 3 0 5 3 0 
48448 273 237 75 3 246 67 2 83 558 4 1 0 3 0 
48425 271 207 85 0 239 73 2 119 570 3 1 5 0 0 
48424 299 266 64 1 239 49 1 125 525 2 1 2 2 0 
48460 289 242 80 2 244 49 1 96 523 7 1 5 1 0 
48436 282 231 77 1 261 62 3 122 517 1 2 2 3 0 
48419 294 226 72 0 246 48 2 105 579 5 0 2 2 0 
48433 282 226 71 3 266 60 1 110 540 2 2 1 3 0 
48459 277 212 77 1 249 85 2 107 525 1 0 2 3 0 
48386 279 231 73 2 245 75 1 100 597 3 2 3 3 0 
48459 295 252 77 1 234 53 1 91 527 4 0 2 4 0 
48408 313 256 73 3 256 55 2 98 522 7 1 3 3 0 
48393 263 255 75 5 253 68 2 116 561 2 1 3 3 0 
48441 279 206 86 1 227 68 1 126 549 3 1 3 9 0 
48395 282 227 69 4 273 67 1 128 545 3 2 1 3 0 
48511 253 215 71 3 240 57 3 117 522 1 1 3 3 0 
48475 298 238 71 3 225 53 3 114 513 4 0 1 2 0 
48467 256 244 76 1 256 60 1 108 523 0 0 5 3 0 
48431 290 235 65 2 271 56 0 94 547 5 0 0 4 0 
48452 276 216 83 3 246 59 5 121 531 4 1 1 2 0 
48451 272 232 72 1 275 82 0 99 507 3 2 1 3 0 
48458 285 244 72 5 259 52 4 126 488 2 1 2 2 0 
48438 299 227 62 1 243 83 1 118 522 0 2 3 1 0 
48502 262 214 70 2 253 62 5 109 515 3 2 0 1 0 
48407 290 244 102 2 233 65 2 117 526 6 2 2 2 0 
48463 270 264 76 1 261 62 2 101 491 2 1 3 3 0 
48398 294 231 85 0 266 73 0 111 530 5 2 3 2 0 
48472 268 218 64 1 279 62 1 100 525 4 1 1 4 0 
48494 253 235 67 3 248 68 1 114 508 2 1 2 4 0 
48423 281 244 59 1 269 88 0 118 507 5 1 0 4 0 
48470 270 225 68 3 243 68 0 105 540 3 4 1 0 0 
48466 281 225 62 1 267 61 0 111 517 2 4 0 3 0 
48476 284 233 77 2 253 49 1 103 511 4 2 3 2 0 
48367 282 230 82 2 274 62 1 134 557 0 1 3 5 0 
48466 273 247 79 1 262 49 2 116 494 4 0 3 4 0 
48413 290 257 83 3 262 53 0 110 520 3 3 2 1 0 
48456 282 235 89 1 226 59 2 109 534 1 0 2 4 0 
48430 292 249 89 1 228 64 2 101 539 4 0 1 0 0 
48412 285 235 83 0 268 70 2 102 531 3 3 4 2 0 
48444 289 215 67 2 263 68 0 114 530 3 1 2 2 0 
48420 289 238 87 0 247 67 1 108 534 1 2 4 2 0 
48458 290 237 88 1 226 58 2 121 504 4 3 6 2 0 
48474 268 249 71 2 223 54 3 91 553 4 5 2 1 0 
48438 288 252 77 1 216 61 0 126 525 6 3 1 6 0 
48452 277 222 79 0 256 56 1 124 520 7 1 2 3 0 
48450 289 235 82 1 242 70 0 100 522 4 0 3 2 0 
48472 282 229 82 2 236 60 4 121 498 6 3 5 0 0 
48439 285 252 70 1 234 59 1 130 515 4 0 5 5 0 
48448 281 231 81 0 271 55 2 96 520 10 2 3 0 0 
48471 267 241 72 2 245 58 2 112 521 3 1 2 3 0 
48456 307 224 68 0 224 75 0 122 517 3 3 0 1 0 
48378 303 245 76 0 246 73 1 109 567 1 1 0 0 0 
48446 283 232 83 4 246 67 0 118 510 2 2 4 3 0 
48421 318 221 76 2 232 65 0 107 547 5 2 1 3 0 
48445 296 252 73 3 225 67 1 111 523 2 0 2 0 0 
48423 310 227 70 2 242 70 4 123 520 3 3 2 1 0 
48429 304 239 69 0 253 68 2 104 524 3 1 2 2 0 
48476 296 226 82 1 223 72 0 98 515 5 0 4 2 0 
48398 290 235 81 4 254 53 2 126 549 2 0 2 4 0 
48467 259 236 74 1 254 57 0 113 531 4 0 3 1 0 
48423 285 222 79 1 254 66 0 119 540 3 0 6 2 0 
48522 250 232 85 1 222 55 3 100 522 5 0 2 1 0 
48471 270 246 83 0 265 65 1 110 481 3 2 1 2 0 
48386 288 226 83 4 273 62 0 112 555 2 1 5 3 0 
48374 265 246 81 3 263 79 3 89 586 2 2 3 4 0 
48422 266 251 84 1 256 74 2 130 507 4 0 1 2 0 
48462 283 209 65 0 273 62 2 113 522 2 1 4 2 0 
48309 283 254 84 0 296 74 1 108 586 2 1 1 1 0 
48431 258 237 92 1 239 74 1 110 549 4 0 2 2 0 
48417 276 237 85 0 261 70 1 100 540 3 1 3 6 0 
48420 279 247 82 0 234 71 0 115 542 5 0 2 3 0 
48446 271 238 88 3 239 76 2 108 518 4 0 4 3 0 
48473 259 263 76 3 226 61 1 112 514 4 2 3 3 0 
48413 302 221 66 1 270 64 3 116 526 5 3 2 7 1 
48489 268 232 69 0 258 61 1 96 517 4 1 2 2 0 
48485 276 217 83 1 230 65 0 100 533 5 1 3 1 0 
48413 305 250 84 1 245 60 0 113 523 2 1 3 0 0 
48532 278 214 74 0 232 60 2 110 491 4 0 2 1 0 
48392 288 238 76 1 270 68 2 116 541 2 1 3 2 0 
48451 276 255 87 0 238 77 1 108 497 3 3 2 2 0 
48428 282 265 84 0 249 59 0 114 509 3 2 5 0 0 
48486 271 235 79 1 221 65 1 104 531 2 2 0 2 0 
48473 274 230 78 4 238 58 1 111 524 2 1 1 5 0 
48405 289 222 59 0 287 62 0 117 546 4 0 3 6 0 
48469 265 213 77 3 267 50 4 95 545 5 1 5 1 0 
48401 283 236 83 1 269 64 1 112 545 0 2 2 1 0 
48476 262 237 69 0 254 54 0 100 534 3 3 3 5 0 
48394 316 235 61 1 262 68 1 106 542 3 1 5 5 0 
48416 293 242 68 2 253 65 0 120 532 3 1 4 1 0 
48501 291 197 58 2 263 63 2 102 510 4 1 3 3 0 
48331 309 259 80 0 252 75 0 119 570 1 0 3 1 0 
48455 267 237 67 2 253 44 0 120 543 5 3 1 3 0 
48338 286 254 86 1 271 57 3 108 590 2 1 1 2 0 
48448 262 222 66 1 266 61 3 111 548 5 3 1 3 0 
48418 280 236 68 1 233 76 0 141 527 7 3 6 4 0 
48408 285 227 72 1 281 74 0 110 526 6 3 6 1 0 
48417 274 234 75 1 251 77 1 114 549 3 0 1 3 0 
48356 281 248 85 1 279 77 0 89 577 5 0 2 0 0 
48480 275 250 63 1 234 69 1 107 507 4 2 5 2 0 
48490 263 230 83 0 246 61 1 97 521 5 0 2 1 0 
48445 294 218 91 1 261 52 0 126 504 4 1 2 1 0 
48448 275 202 90 2 239 64 3 113 556 1 1 1 5 0 
48442 281 243 47 2 222 81 1 118 553 3 2 3 2 0 
48466 230 245 82 1 252 68 2 100 547 2 0 2 3 0 
48469 298 218 68 0 258 62 0 119 492 5 2 3 6 0 
48452 261 244 72 2 245 57 0 121 542 1 2 1 0 0 
48430 265 240 66 0 265 86 1 116 522 4 1 1 3 0 
48423 280 237 85 2 272 62 2 110 519 2 4 2 0 0 
48437 264 241 81 1 225 68 1 115 559 3 2 0 3 0 
48419 306 251 77 3 238 64 1 108 523 4 1 3 2 0 
48499 256 208 94 1 235 71 2 118 513 1 0 1 1 0 
48479 265 229 94 1 229 54 4 111 521 2 5 2 4 0 
48363 319 246 71 1 274 54 3 125 536 4 1 1 2 0 
48462 266 258 73 2 225 53 2 109 545 1 1 2 1 0 
48485 263 225 80 0 234 52 0 116 536 2 2 3 2 0 
48449 289 223 74 0 236 75 2 106 537 4 1 2 2 0 
48327 311 265 87 2 278 57 3 103 555 8 1 3 0 0 
48469 264 225 82 0 266 59 2 101 526 3 1 1 1 0 
48432 270 260 75 0 260 69 0 110 516 4 0 3 1 0 
48395 322 255 67 3 232 68 1 120 528 4 1 3 1 0 
48365 281 262 97 1 263 66 0 130 526 5 1 1 2 0 
48451 260 245 83 1 239 46 1 116 550 2 2 1 3 0 
48432 258 241 67 1 258 78 1 111 543 4 2 2 2 0 
48482 278 211 76 2 246 65 3 116 510 2 3 4 1 1 
48479 267 232 71 0 243 65 3 110 524 4 0 1 1 0 
48497 289 237 63 1 240 71 1 92 498 3 2 6 0 0 
48413 283 254 85 1 238 68 0 107 539 2 4 3 3 0 
48448 277 268 62 0 234 74 1 121 510 2 0 2 1 0 
48394 280 232 77 2 259 61 2 126 557 2 1 5 2 0 
48484 270 235 68 1 232 57 1 117 523 4 2 3 3 0 
48503 266 250 79 4 235 65 1 121 468 1 1 2 4 0 
48418 300 220 87 0 256 62 0 112 534 4 0 2 5 0 
48391 289 242 91 2 269 69 1 124 518 0 1 2 1 0 
48449 283 249 76 1 265 60 1 120 490 1 1 2 2 0 
48397 308 232 82 2 244 62 2 93 571 2 2 2 1 0 
48461 289 256 87 0 244 64 1 134 456 1 0 1 6 0 
48491 265 234 79 1 220 72 1 111 514 4 0 4 4 0 
48444 259 224 83 1 239 74 1 106 558 6 1 2 2 0 
48395 258 266 75 1 256 60 1 118 562 3 0 1 4 0 
48460 282 210 76 0 254 57 1 101 551 4 1 2 1 0 
48387 289 243 80 0 258 69 3 116 546 4 1 1 3 0 
48372 267 282 78 2 233 66 1 125 566 2 2 2 2 0 
48406 292 237 67 1 261 84 0 111 535 1 1 2 2 0 
48472 274 224 74 0 251 63 2 110 520 6 1 2 1 0 
48404 290 210 76 3 247 72 3 134 548 4 0 4 5 0 
48436 268 230 77 3 261 65 1 106 547 2 0 1 3 0 
48442 276 238 88 2 247 75 0 113 502 8 0 5 4 0 
48484 260 229 77 2 236 70 1 112 520 3 0 4 2 0 
48414 271 224 79 1 263 58 1 128 554 1 1 3 2 0 
48431 251 226 69 2 250 58 1 124 574 6 3 1 4 0 
48403 305 252 76 0 265 57 0 115 515 4 2 4 2 0 
48452 278 235 81 2 227 58 1 106 552 1 0 5 2 0 
48401 290 250 78 0 257 65 0 112 538 5 1 1 2 0 
48402 265 226 74 1 274 59 0 107 583 2 0 3 4 0 
48456 281 246 74 1 242 64 0 96 531 4 0 3 2 0 
48469 259 234 71 0 244 82 1 108 526 3 0 3 0 0 
48439 263 238 68 0 269 64 0 120 528 3 0 4 4 0 
48437 292 213 86 1 260 66 1 118 516 6 0 3 1 0 
48419 269 242 85 0 273 75 1 108 512 4 4 5 3 0 
48412 286 246 77 2 273 68 4 96 527 2 3 1 3 0 
48413 273 254 93 0 250 78 1 102 527 1 0 5 3 0 
48411 272 250 93 0 211 59 1 120 571 5 1 2 4 0 
48452 264 240 72 1 237 77 1 88 564 0 2 1 1 0 
48449 265 259 85 2 225 69 0 104 536 1 2 2 1 0 
48431 303 216 68 2 232 65 1 123 553 2 1 2 1 0 
48430 275 243 80 1 244 66 1 105 545 2 4 1 3 0 
48453 284 216 82 0 243 64 2 141 503 7 0 2 3 0 
48481 263 231 56 1 268 49 0 117 524 2 2 1 5 0 
48457 273 245 85 1 226 54 0 100 546 5 0 4 4 0 
48460 288 224 77 2 231 64 1 103 536 5 4 3 2 0 
48417 291 226 63 0 245 75 0 116 548 6 5 6 2 0 
48359 279 259 84 1 272 81 3 117 531 4 3 1 6 0 
48453 267 246 69 2 254 77 0 104 521 2 2 1 2 0 
48412 282 241 83 3 273 67 1 107 525 0 1 1 4 0 
48403 293 240 67 1 229 76 1 127 555 1 2 2 3 0 
48455 273 245 68 1 273 50 1 115 512 1 0 5 1 0 
48477 296 228 77 2 234 57 3 102 508 3 1 4 8 0 
48454 285 225 70 1 264 68 1 114 506 3 0 3 6 0 
48484 299 212 77 2 236 58 1 114 507 3 1 4 2 0 
48453 266 231 64 0 261 54 0 106 556 2 1 3 3 0 
48419 307 231 71 1 249 70 1 109 535 3 0 3 1 0 
48383 278 249 89 2 254 62 0 126 550 3 0 2 2 0 
48455 260 226 80 3 267 56 0 110 541 1 0 0 1 0 
48461 277 226 81 1 219 69 1 118 539 2 1 4 1 0 
48466 278 221 85 0 238 66 0 109 527 5 3 0 2 0 
