48406 297 259 103 1 272 64 2 100 485 3 0 4 4 0 
48466 238 233 105 0 266 63 3 97 522 1 0 3 3 0 
48480 249 220 86 2 284 65 2 95 513 0 1 3 0 0 
48472 261 246 92 2 261 52 0 93 505 5 5 4 2 0 
48416 259 243 96 1 252 57 1 100 564 6 2 2 1 0 
48470 242 230 101 1 271 58 0 89 528 5 2 2 1 0 
48443 272 266 107 1 249 55 2 96 502 1 1 0 5 0 
48406 275 229 114 2 226 68 1 106 558 2 4 3 6 0 
48462 285 221 103 1 250 69 0 68 532 2 0 3 4 0 
48489 262 253 76 2 252 68 0 84 509 2 0 0 3 0 
48480 260 238 84 0 244 59 0 88 541 2 0 2 2 0 
48391 269 250 114 1 293 58 1 87 529 0 0 2 5 0 
48483 261 273 74 0 264 55 1 86 495 2 2 1 3 0 
48471 253 236 93 0 268 64 2 85 518 3 1 2 4 0 
48505 268 239 98 1 238 51 0 81 513 2 1 0 3 0 
48438 261 228 92 0 274 83 1 86 529 3 0 1 4 0 
48464 275 212 111 0 258 58 0 90 524 1 3 2 2 0 
48452 263 235 96 2 277 56 2 87 522 0 2 2 4 0 
48449 237 260 83 0 264 61 1 97 533 5 1 5 4 0 
48421 247 247 88 0 279 58 0 100 556 1 1 2 0 0 
48482 235 243 82 1 256 61 1 81 549 2 1 3 3 0 
48430 281 245 105 1 265 53 2 101 508 2 0 5 2 0 
48444 272 221 83 1 275 62 1 77 557 5 0 1 1 0 
48511 273 235 89 1 265 54 0 67 494 2 1 4 4 0 
48443 260 252 85 1 274 65 0 99 512 4 1 1 3 0 
48408 271 258 103 1 285 68 0 88 508 5 0 1 4 0 
48394 269 235 106 1 266 59 2 96 560 8 0 1 3 0 
48377 268 271 94 2 270 52 1 110 540 8 2 3 2 0 
48417 265 235 94 3 274 57 2 103 544 1 1 0 4 0 
48432 279 233 99 1 263 67 0 92 530 1 1 2 0 0 
48507 248 249 86 1 250 64 3 102 487 2 0 0 1 0 
48455 272 239 75 2 249 67 1 76 555 0 3 3 3 0 
48431 271 242 105 3 257 72 1 92 516 5 1 2 2 0 
48456 267 206 93 1 270 54 1 99 543 3 3 1 3 0 
48397 283 254 101 1 273 42 3 98 533 6 3 3 3 0 
48429 262 240 101 0 291 61 2 97 511 2 1 1 2 0 
48429 260 245 87 0 286 59 3 87 538 1 1 3 1 0 
48393 268 236 89 0 291 58 1 104 555 1 2 1 1 0 
48511 266 225 99 2 265 60 2 86 475 2 0 3 4 0 
48465 269 233 97 3 254 79 1 95 499 2 0 0 3 0 
48489 237 246 74 0 235 67 1 87 555 3 1 3 2 0 
48430 245 225 90 1 268 62 0 95 571 7 3 2 1 0 
48464 244 224 111 0 252 66 2 98 526 4 4 2 3 0 
48459 263 237 114 0 259 64 0 97 502 1 1 2 1 0 
48456 243 225 87 2 279 67 2 94 534 5 0 2 4 0 
48406 246 250 81 0 265 65 0 98 575 3 2 2 7 0 
48496 267 222 96 2 237 67 1 87 513 3 1 3 5 0 
48407 271 225 86 1 278 80 4 93 544 3 2 1 5 0 
48413 272 250 89 1 252 59 3 98 555 3 3 1 1 0 
48471 251 233 110 0 266 70 2 87 498 4 1 4 3 0 
48441 260 240 108 0 257 67 0 96 525 1 1 1 3 0 
48467 264 217 94 3 273 67 2 103 500 1 1 2 5 1 
48382 244 258 110 2 264 58 1 107 567 3 1 3 0 0 
48341 270 248 105 1 297 89 3 96 545 1 0 2 2 0 
48445 242 235 102 5 259 69 2 97 529 4 1 5 5 0 
48453 255 244 77 1 270 51 3 89 546 5 2 3 1 0 
48456 249 205 94 1 263 78 0 96 551 1 0 3 3 0 
48433 255 231 88 0 277 62 0 105 537 1 1 4 6 0 
48385 253 245 92 2 286 83 2 92 553 1 2 2 2 0 
48398 247 226 112 1 286 52 0 112 560 1 1 2 2 0 
48443 250 259 81 3 272 61 2 86 534 2 1 3 3 0 
48461 270 223 104 1 246 74 0 88 522 4 1 1 5 0 
48440 235 243 90 1 275 59 1 103 542 1 3 4 3 0 
48479 276 219 85 3 243 66 1 95 524 3 1 2 3 0 
48481 244 223 99 2 266 74 1 79 525 2 1 2 1 0 
48449 261 226 95 2 261 60 2 110 520 0 2 4 8 0 
48398 260 245 115 2 281 70 0 87 532 3 0 3 4 0 
48416 271 229 86 1 272 57 2 103 553 3 1 4 2 0 
48465 259 226 91 1 262 62 0 89 535 4 0 5 1 0 
48461 275 218 91 0 254 58 1 93 543 1 0 0 5 0 
48458 261 217 95 0 252 58 2 100 537 4 1 6 9 0 
48402 284 255 93 0 259 68 0 88 540 4 3 2 2 0 
48440 260 247 94 0 260 70 4 81 532 5 2 3 2 0 
48439 242 236 108 2 278 73 5 100 507 3 1 1 5 0 
48411 243 223 116 1 256 61 2 102 574 3 2 4 2 0 
48446 271 240 96 2 263 59 1 108 503 2 2 1 6 0 
48452 284 239 90 1 245 85 3 87 501 2 1 5 5 0 
48466 242 232 103 2 242 67 2 91 543 0 6 2 2 0 
48444 294 238 92 2 248 70 0 88 515 1 1 4 3 0 
48370 258 287 84 2 282 67 0 89 546 4 2 4 5 0 
48428 260 258 95 0 266 49 4 89 542 5 0 1 3 0 
48385 308 259 92 1 235 64 2 82 562 3 3 0 4 0 
48388 273 250 95 0 269 60 1 93 560 5 1 2 3 0 
48470 238 224 84 0 266 67 0 97 548 1 1 3 1 0 
48422 275 265 76 3 244 70 2 102 536 3 0 1 1 0 
48410 266 239 84 0 251 71 1 94 575 2 0 3 4 0 
48496 243 225 85 1 270 60 1 93 514 1 0 7 4 0 
48404 253 239 113 0 283 70 0 101 524 4 1 3 5 0 
48458 267 238 96 5 263 60 1 73 529 3 1 1 4 1 
48421 265 250 109 4 277 67 0 86 507 7 1 4 2 0 
48445 255 220 89 2 288 71 0 117 506 2 2 2 1 0 
48543 234 227 99 1 237 49 2 90 507 4 1 2 4 0 
48448 260 231 92 3 259 69 4 108 517 1 2 3 3 0 
48464 263 249 97 0 244 64 1 99 507 3 2 1 6 0 
48451 259 236 102 1 249 74 1 90 528 3 2 0 4 0 
48404 281 236 91 1 283 62 4 98 531 2 1 2 4 0 
48443 272 227 91 1 252 77 1 118 511 3 2 1 1 0 
48390 264 246 87 0 279 66 1 100 559 4 0 0 4 0 
48497 266 224 84 1 247 63 3 83 521 6 0 3 2 0 
48487 253 244 96 1 242 65 1 100 501 3 0 4 3 0 
48379 252 257 84 2 281 69 1 92 570 2 1 6 4 0 
48450 258 240 100 0 267 57 0 87 531 3 1 2 4 0 
48507 226 226 97 0 277 61 3 75 516 6 2 2 2 0 
48475 263 233 88 0 258 52 1 98 529 1 0 1 1 0 
48427 242 239 114 1 287 49 3 104 526 3 1 2 2 0 
48459 261 225 84 0 252 64 3 99 540 3 2 4 4 0 
48386 260 239 86 1 299 75 3 99 542 5 3 0 2 0 
48469 257 249 84 0 274 51 2 88 516 2 0 3 5 0 
48415 285 244 94 0 264 69 2 93 524 4 1 0 5 0 
48498 229 236 95 1 243 70 2 98 515 6 2 1 4 0 
48467 254 258 86 2 248 59 1 81 531 6 1 2 4 0 
48475 262 221 96 1 253 68 0 87 529 6 0 0 2 0 
48498 255 217 98 2 248 64 3 87 520 0 1 4 3 0 
48391 255 238 100 4 303 72 2 91 535 2 0 6 1 0 
48430 273 232 95 4 261 73 0 106 514 5 1 2 4 0 
48396 279 229 108 0 279 69 1 89 539 2 2 4 3 0 
48493 264 230 94 1 253 63 0 91 498 7 2 0 4 0 
48436 258 240 94 1 252 68 1 108 532 0 2 5 3 0 
48419 265 222 100 4 261 62 1 92 565 5 0 1 3 0 
48412 250 224 95 0 287 63 2 103 558 3 1 0 2 0 
48346 266 257 96 1 291 70 2 96 560 9 0 1 5 0 
48407 263 220 107 1 268 74 1 90 560 2 1 2 4 0 
48524 245 220 100 1 267 49 4 82 497 3 3 3 2 0 
48348 296 264 101 2 280 74 2 93 528 4 2 2 4 0 
48369 270 272 87 0 288 66 0 100 536 2 2 3 5 0 
48478 259 216 94 1 264 63 1 95 520 1 2 2 4 0 
48441 264 231 106 0 229 69 0 97 557 2 2 2 0 0 
48521 250 236 89 1 262 56 0 89 490 3 0 1 2 0 
48515 273 210 103 2 256 64 1 72 496 3 2 0 3 0 
48490 282 215 90 2 253 59 1 93 509 4 0 1 1 0 
48403 259 250 96 3 237 71 4 103 561 5 2 3 3 0 
48464 276 237 83 2 230 65 2 83 549 6 1 0 2 0 
48459 251 221 88 2 265 64 2 106 535 4 0 1 2 0 
48413 279 228 80 2 311 62 2 99 515 3 1 3 2 0 
48388 278 235 96 2 277 68 1 114 537 0 1 1 2 0 
48383 267 266 87 2 291 67 1 87 534 8 1 2 4 0 
48425 266 250 84 2 257 57 1 107 535 3 1 5 7 0 
48407 256 258 96 3 256 72 0 103 543 0 2 3 1 0 
48445 242 230 72 0 268 63 1 107 564 4 3 1 0 0 
48502 270 212 77 1 246 58 0 111 514 4 2 0 3 0 
48477 239 216 94 5 276 63 0 96 530 3 0 0 1 0 
48396 286 254 71 2 274 80 1 88 542 2 2 0 2 0 
48467 245 228 89 3 245 70 4 92 545 3 3 2 4 0 
48425 288 254 88 0 264 53 0 84 537 2 0 3 2 0 
48434 263 222 98 0 266 60 0 95 552 2 2 3 3 0 
48408 276 253 89 1 284 57 2 82 535 3 4 4 2 0 
48448 260 223 98 1 261 60 2 101 535 3 0 3 4 1 
48399 256 244 112 2 257 60 3 108 551 3 2 1 2 0 
48472 260 230 89 2 250 48 2 93 547 0 0 4 3 0 
48488 241 234 88 3 244 61 2 95 535 2 3 2 2 0 
48467 258 245 76 1 278 63 0 83 520 3 3 1 2 0 
48452 269 248 90 1 258 63 1 82 530 3 1 1 1 0 
48443 277 234 90 0 281 69 0 83 514 2 2 2 3 0 
48458 245 233 92 2 254 59 2 95 552 3 1 3 1 0 
48452 247 229 101 4 268 58 0 97 533 2 1 2 6 0 
48428 271 240 119 1 237 65 2 102 524 3 3 1 4 0 
48500 253 224 97 2 230 59 1 99 525 3 1 4 2 0 
48420 248 240 95 0 268 61 2 97 559 4 2 1 3 0 
48415 287 261 101 3 270 59 1 91 502 3 1 3 3 0 
48472 271 232 108 3 264 63 0 77 498 7 1 0 3 1 
48465 273 220 95 2 265 77 0 86 510 5 0 2 0 0 
48433 268 251 99 2 263 57 0 77 536 4 4 1 5 0 
48401 298 215 103 1 249 76 1 85 560 4 1 2 4 0 
48459 248 240 82 2 293 55 2 89 520 5 2 2 1 0 
48452 252 217 82 4 279 71 1 97 536 5 0 3 1 0 
48431 235 239 102 0 271 65 2 97 542 3 1 6 6 0 
48436 251 247 94 3 265 55 2 84 548 7 2 3 3 0 
48479 246 231 84 0 274 63 2 81 531 4 0 4 1 0 
48376 316 217 113 2 276 63 0 86 543 1 0 3 4 0 
48435 283 228 80 0 285 55 2 112 511 2 2 2 3 0 
48409 255 272 106 3 252 63 0 97 532 3 0 1 7 0 
48450 228 216 125 1 280 63 1 99 525 6 1 2 3 0 
48401 242 241 130 1 285 56 1 91 543 2 2 2 3 0 
48487 265 216 95 0 269 65 1 81 512 4 3 0 2 0 
48497 264 235 92 2 246 56 1 81 515 3 2 3 3 0 
48391 268 219 93 0 281 66 0 97 578 1 1 3 2 0 
48420 283 226 99 1 261 60 0 110 531 2 1 1 5 0 
48379 271 251 83 0 286 65 3 92 554 4 3 5 4 0 
48376 284 233 98 1 241 81 0 101 571 4 2 3 5 0 
48389 268 233 109 6 293 58 2 89 543 3 1 4 2 0 
48515 254 223 88 0 253 61 1 90 503 0 2 2 8 0 
48417 280 256 109 1 261 62 3 107 492 2 3 3 4 0 
48487 276 231 101 1 250 61 0 84 499 5 1 1 3 0 
48395 269 217 105 1 284 55 1 112 551 3 1 3 3 0 
48477 236 218 95 1 255 78 0 79 550 5 1 2 3 0 
48431 250 225 110 1 247 64 2 96 561 5 3 3 2 0 
48457 274 262 87 4 251 69 0 83 506 2 2 1 2 0 
48459 229 233 97 5 287 78 1 96 503 2 0 7 3 0 
48468 254 216 93 1 265 77 2 88 524 6 0 3 3 0 
48483 279 216 95 1 247 55 2 80 528 4 4 5 1 0 
48496 262 220 81 1 255 81 1 99 495 3 3 3 0 0 
48459 247 235 89 1 280 61 1 91 527 2 0 4 3 0 
48458 255 250 88 2 248 65 2 103 520 5 1 0 3 0 
48479 242 216 88 2 285 61 2 97 516 3 2 3 4 0 
48474 256 213 79 0 298 48 1 95 526 3 2 1 4 0 
48383 267 251 106 0 277 64 0 107 538 3 1 1 2 0 
48430 268 236 103 1 267 52 2 75 556 4 1 2 3 0 
48425 265 242 112 3 245 61 2 101 536 6 0 1 1 0 
48403 256 236 96 2 273 80 1 96 544 4 2 3 4 0 
48429 250 239 102 1 259 76 1 102 531 1 1 4 4 0 
48463 273 213 99 0 245 82 0 99 514 4 3 3 2 0 
48450 261 245 100 0 251 51 1 106 522 7 0 3 3 0 
48428 254 237 107 2 270 63 0 93 541 3 2 0 0 0 
48409 270 254 97 2 249 71 3 95 543 5 0 0 2 0 
48466 245 236 92 0 254 58 1 82 554 4 0 0 8 0 
48450 251 226 106 0 286 64 1 72 533 2 1 2 6 0 
48386 283 263 87 3 234 73 1 93 569 2 0 4 2 0 
48516 257 231 78 1 257 55 2 81 514 1 1 2 4 0 
48396 252 250 103 2 266 55 1 109 555 4 3 2 2 0 
48387 262 221 101 1 258 77 0 78 604 3 2 3 3 0 
48377 266 250 85 2 284 68 2 110 550 1 1 0 4 0 
48478 245 237 110 1 234 65 2 94 523 3 2 3 3 0 
48408 277 211 104 2 272 62 0 102 548 6 2 3 3 0 
48363 286 250 105 2 271 72 0 102 541 1 0 3 4 0 
48428 260 235 108 0 283 65 0 84 531 0 0 3 3 0 
48402 279 252 109 1 271 59 1 113 506 2 2 1 2 0 
48453 291 231 87 1 274 75 2 108 470 4 1 3 0 0 
48422 265 243 106 3 257 78 2 74 541 2 2 3 2 0 
48459 264 248 86 0 278 57 2 86 511 4 0 2 3 0 
48419 268 231 104 1 254 75 1 106 532 3 1 2 3 0 
48418 269 268 100 0 234 49 2 99 553 4 2 2 0 0 
48419 261 255 90 1 278 59 1 103 526 1 0 3 3 0 
48449 234 226 101 1 281 54 2 88 554 5 1 2 2 0 
48410 294 216 105 1 288 70 3 103 503 1 2 1 3 0 
48424 267 243 109 0 270 66 1 93 519 3 1 0 4 0 
48386 287 247 103 1 271 71 2 108 514 2 0 3 5 0 
48426 287 238 87 1 258 52 1 105 536 4 1 2 2 0 
48505 236 232 98 1 250 62 0 83 519 4 1 4 5 0 
48412 262 240 96 0 257 70 1 98 555 1 2 5 1 0 
48399 283 239 111 3 260 70 0 100 525 1 2 2 5 0 
48492 239 228 108 4 268 58 2 80 506 2 5 5 3 0 
48420 251 216 100 0 304 69 1 89 536 1 1 4 8 0 
48467 253 228 104 2 232 75 0 100 527 4 2 2 4 0 
48450 282 225 82 1 260 88 0 78 526 1 1 3 3 0 
48404 286 253 95 0 294 54 0 92 509 6 3 3 1 0 
48501 262 235 90 1 265 60 0 74 505 3 0 3 1 0 
48459 255 248 97 2 245 54 1 89 540 1 3 4 2 0 
48461 273 224 79 2 253 51 1 92 555 4 1 0 4 0 
48481 281 217 101 0 241 61 3 70 539 2 0 1 3 0 
48494 263 209 89 2 264 55 2 104 507 3 1 6 1 0 
48423 241 232 110 0 267 67 1 102 547 2 1 2 5 0 
48476 254 218 91 3 274 59 2 94 522 1 0 3 3 0 
48422 259 255 79 0 265 68 0 118 525 3 1 2 3 0 
48421 264 227 101 0 286 45 0 92 555 2 2 2 2 1 
48432 281 225 94 1 249 80 3 90 540 2 1 0 2 0 
48369 301 211 90 1 268 79 2 100 564 6 0 2 7 0 
48440 270 250 88 2 264 57 0 105 507 4 5 3 5 0 
48457 258 245 89 1 248 74 2 78 539 4 0 1 4 0 
48410 281 231 98 1 250 81 4 97 534 3 2 5 3 0 
48425 276 259 82 1 236 49 2 96 567 3 1 2 1 0 
48409 260 221 109 0 270 79 0 108 537 0 2 1 4 0 
48437 279 249 93 0 257 62 2 99 510 3 1 5 3 0 
48500 262 226 92 2 254 66 1 94 493 3 0 2 5 0 
48392 279 234 97 1 269 67 2 107 544 3 2 1 2 0 
48382 274 244 86 3 256 77 1 94 568 6 3 5 1 0 
48353 280 249 108 2 295 76 3 96 526 3 2 2 5 0 
48427 256 257 84 1 255 61 1 104 540 2 0 6 6 0 
48443 248 236 99 2 267 66 1 84 541 2 3 5 3 0 
48363 249 245 87 0 293 68 2 95 589 2 1 5 1 0 
48445 250 246 100 1 249 73 4 101 522 2 0 2 5 0 
48475 255 232 97 2 244 60 1 103 519 2 1 5 4 0 
48460 268 242 109 1 231 53 1 113 514 2 0 2 4 0 
48439 230 238 111 1 272 73 0 91 540 2 1 1 1 0 
48483 239 218 113 1 270 62 1 100 510 2 0 0 1 0 
48469 277 240 95 5 247 54 0 98 503 4 0 4 4 0 
48416 256 234 92 1 274 66 0 96 545 7 4 6 3 0 
48416 253 261 98 0 261 42 1 99 563 2 0 1 3 0 
48464 262 234 90 2 278 71 2 78 510 3 2 4 0 0 
48406 269 237 81 2 274 75 4 104 538 2 2 5 1 0 
48442 268 236 100 1 266 68 0 76 533 2 1 3 4 0 
48411 264 227 125 1 273 61 1 83 545 3 0 0 6 0 
48495 254 212 86 1 256 66 2 96 525 2 2 0 3 0 
48475 278 222 96 1 248 60 0 78 536 1 1 2 2 0 
48477 271 238 83 0 254 67 3 82 516 1 1 3 4 0 
48364 257 229 99 0 277 66 2 102 593 2 4 2 3 0 
48498 254 209 93 1 288 52 2 92 506 1 0 1 3 0 
48441 239 233 105 1 280 70 1 88 534 4 2 0 2 0 
48414 265 229 95 0 275 78 0 85 552 4 0 2 1 0 
48434 254 256 86 1 254 65 2 97 537 4 1 4 5 0 
48499 228 230 104 0 238 83 2 104 507 0 1 2 2 0 
48400 275 249 89 1 270 84 3 95 524 2 0 4 4 0 
48491 270 224 80 1 265 71 2 89 496 4 1 2 4 0 
48418 267 236 99 0 282 52 1 114 519 4 1 3 4 0 
48408 231 246 99 3 274 57 2 96 567 7 2 4 4 0 
48402 281 258 103 2 264 70 2 93 510 4 2 3 6 0 
48450 251 235 98 0 248 70 2 87 545 2 3 5 4 0 
48462 247 233 85 2 258 70 3 108 522 3 1 3 3 0 
48487 220 219 105 2 274 64 2 102 518 0 2 2 3 0 
48467 272 228 93 0 249 62 1 74 547 3 0 1 3 0 
48444 244 250 110 1 262 62 1 91 528 1 1 3 2 0 
48380 279 249 109 0 292 59 2 81 544 3 1 1 0 0 
48481 266 228 94 1 282 62 0 82 492 4 2 4 2 0 
48538 226 210 92 0 278 63 1 83 501 5 0 2 1 0 
48402 251 227 96 1 298 72 0 85 555 4 3 4 2 0 
48435 257 244 93 3 274 59 2 96 529 3 1 2 2 0 
48444 290 253 86 0 277 61 1 99 475 4 3 2 5 0 
48451 239 231 99 2 268 69 0 97 537 2 2 2 1 0 
48416 287 246 92 2 267 64 0 86 535 3 0 2 0 0 
48516 271 218 88 2 258 65 0 92 476 4 2 4 4 0 
48394 285 223 102 2 263 63 0 103 552 5 2 2 4 0 
48363 283 249 91 1 278 74 0 118 534 2 1 4 2 0 
48433 272 216 94 2 268 58 1 88 561 1 3 1 2 0 
48384 281 231 96 2 240 65 0 98 587 5 1 3 7 0 
48435 250 230 94 1 281 65 0 90 538 6 3 3 4 0 
48460 300 215 115 1 234 65 0 97 504 2 2 2 3 0 
48430 286 255 94 0 256 59 2 93 518 2 1 2 2 0 
48474 289 214 92 0 258 72 1 85 508 2 0 1 4 0 
48394 261 254 78 0 279 65 2 103 555 3 0 2 4 0 
48441 265 215 91 2 266 68 2 111 530 4 1 3 1 0 
48417 276 246 100 0 280 58 1 98 517 3 0 3 1 0 
48478 236 249 97 1 264 56 1 99 512 2 2 1 2 0 
48532 258 215 78 0 267 52 3 92 494 1 2 5 1 0 
48392 298 220 99 0 254 75 3 111 537 2 1 5 3 0 
48463 274 211 84 1 262 59 0 98 537 4 2 2 3 0 
48391 276 247 85 1 258 74 0 101 555 4 1 3 4 0 
48376 268 254 110 0 278 71 0 97 538 3 2 2 1 0 
48455 299 241 94 1 240 61 2 69 533 1 1 0 3 0 
48400 261 249 70 1 262 76 1 98 574 2 0 1 5 0 
48430 279 214 110 2 261 70 1 108 516 2 0 5 2 0 
48464 266 245 81 1 232 66 1 104 534 2 0 3 1 0 
48480 242 226 91 2 253 54 0 97 547 2 2 3 1 0 
48404 279 247 111 1 271 54 2 87 538 1 0 1 4 0 
48393 300 231 95 2 277 67 1 85 543 2 0 3 1 0 
48385 253 251 103 0 283 70 0 105 540 3 0 2 5 0 
48405 272 249 105 1 262 70 2 83 538 2 2 4 5 0 
48443 268 225 85 0 254 53 1 102 559 2 1 2 5 0 
48482 247 252 100 1 247 58 0 76 532 3 0 2 0 0 
48388 287 252 94 3 276 64 1 102 526 2 0 1 4 0 
48408 273 244 108 1 267 77 0 90 523 2 1 4 2 0 
48469 243 239 92 1 265 58 2 96 523 6 1 2 3 0 
48372 244 272 101 1 283 60 0 100 560 4 0 3 0 0 
48387 300 268 104 3 248 65 4 76 534 3 0 1 7 0 
48363 280 248 90 1 305 67 1 94 539 4 4 3 1 0 
48372 288 234 82 0 271 76 2 117 550 0 4 1 3 0 
48388 277 237 102 1 286 60 4 87 555 0 2 0 1 0 
48434 272 241 105 1 279 70 1 96 489 4 2 3 3 0 
48461 249 253 104 0 252 51 1 99 524 2 1 3 0 0 
48447 254 264 102 2 253 70 1 71 526 3 2 3 2 0 
48433 257 246 92 2 290 74 0 99 502 1 2 2 0 0 
48481 246 227 103 1 262 59 1 101 507 7 0 1 4 0 
48492 253 221 95 1 251 58 0 94 527 2 2 2 2 0 
48432 288 250 76 0 261 56 1 103 522 4 0 5 2 0 
48388 276 243 93 3 247 73 1 100 566 3 2 1 4 0 
48391 258 228 102 4 279 63 0 104 560 1 3 3 4 0 
48509 260 223 80 0 248 57 2 88 527 0 2 3 1 0 
48470 272 205 101 0 231 65 1 97 543 3 0 7 5 0 
48409 237 233 90 2 269 70 2 105 575 2 3 2 1 0 
48447 271 234 93 1 257 51 2 75 557 3 1 2 6 0 
48427 279 230 110 2 261 68 3 90 523 3 1 2 1 0 
48373 249 283 95 2 248 70 0 121 552 1 0 3 3 0 
48479 275 230 89 2 245 67 1 89 511 4 3 1 4 0 
48445 264 235 88 2 261 68 0 95 533 3 2 3 1 0 
48431 258 244 103 2 278 63 0 90 520 1 3 3 4 0 
48433 254 233 74 2 253 82 2 81 574 2 1 4 5 0 
48369 281 220 93 0 272 95 1 99 555 4 0 5 6 0 
48484 259 250 101 1 260 70 0 94 476 2 0 2 1 0 
48452 265 233 88 3 268 55 4 87 540 0 1 4 0 0 
48387 277 253 105 4 270 66 2 90 538 2 0 3 3 0 
48438 261 248 86 1 294 54 0 81 526 2 1 5 3 0 
48449 242 238 104 2 258 65 1 94 536 4 2 1 4 0 
48520 242 245 96 0 233 57 1 102 490 4 4 4 2 0 
48439 245 240 98 4 268 62 0 96 538 2 4 1 3 0 
48435 282 238 101 2 257 67 1 86 518 4 1 3 5 0 
48420 255 219 96 1 283 64 2 85 562 3 4 2 4 0 
48424 248 231 104 3 252 62 0 116 548 5 2 0 5 0 
48471 257 243 97 1 274 78 0 82 489 1 0 2 5 0 
48496 277 235 93 0 244 61 1 80 503 5 1 2 2 0 
48489 264 231 96 1 252 60 5 93 498 4 3 3 1 0 
48470 264 232 94 2 276 81 3 80 486 3 1 5 3 0 
48471 260 239 111 3 237 69 1 98 506 2 0 1 2 0 
48477 243 216 78 2 274 78 0 99 527 1 1 0 4 0 
48422 260 236 94 2 243 57 2 87 583 3 2 5 4 0 
48484 251 233 99 2 256 60 1 97 513 1 1 1 1 0 
48443 246 229 109 2 259 61 2 96 537 4 3 5 4 0 
48409 256 239 111 0 280 72 1 108 513 2 0 2 7 0 
48413 269 228 111 1 263 53 0 88 571 1 1 1 0 0 
48426 239 225 98 3 292 57 1 102 545 2 2 3 5 0 
48447 271 233 84 1 277 62 2 83 537 0 1 0 2 0 
48451 264 243 90 0 265 61 2 101 512 2 3 2 4 0 
48448 245 242 94 3 268 68 1 95 526 2 1 2 5 0 
48444 278 230 89 0 265 58 1 119 505 5 0 4 2 0 
48446 291 229 81 2 236 75 0 99 534 3 0 3 1 0 
48394 291 256 87 1 257 57 1 105 541 3 0 2 5 0 
48407 282 236 92 1 286 62 0 119 509 2 1 3 0 0 
48401 270 281 88 2 259 72 0 93 517 6 2 3 6 0 
48458 269 209 98 1 278 49 1 100 525 2 1 6 3 0 
48365 273 218 98 2 277 69 2 86 598 2 1 2 7 0 
48400 264 244 95 1 259 68 1 102 558 2 1 2 2 1 
48454 265 246 87 1 252 73 5 98 512 2 1 1 3 0 
48392 275 233 98 1 244 77 2 111 554 3 1 3 6 0 
48506 227 238 85 1 271 56 1 91 516 1 1 5 1 0 
48430 270 258 96 1 241 62 0 89 545 3 2 0 3 0 
48403 251 237 82 2 289 71 0 102 557 5 0 1 0 0 
48411 263 264 85 2 274 53 1 85 545 4 2 6 5 0 
48466 231 239 96 1 272 65 2 91 527 4 1 2 3 0 
48414 283 231 90 0 283 80 1 95 508 3 2 7 3 0 
48433 283 250 109 1 248 53 1 101 513 3 1 2 2 0 
48407 268 253 106 1 279 52 0 90 535 5 1 2 1 0 
48407 286 239 90 2 260 78 1 94 527 3 2 4 7 0 
48445 234 247 104 1 246 79 2 109 525 3 1 3 1 0 
48425 272 262 94 1 255 64 0 111 507 2 2 0 5 0 
48473 265 229 87 1 259 65 6 98 511 0 2 1 3 0 
48464 282 217 87 1 261 60 2 96 522 4 2 0 2 0 
48472 262 224 112 1 253 80 1 106 482 2 2 3 0 0 
48460 251 237 91 0 260 60 0 98 536 1 1 3 2 0 
48464 259 223 99 1 274 61 1 101 504 3 1 2 7 0 
48477 260 229 77 1 258 63 2 103 526 1 1 1 1 0 
48464 282 238 89 0 226 65 3 98 526 2 1 5 1 0 
48465 275 228 84 1 266 61 1 100 506 1 1 8 3 0 
48435 245 243 81 1 264 73 4 87 559 5 2 0 1 0 
48434 256 242 98 0 267 71 1 88 532 9 0 1 1 0 
48488 253 223 87 3 276 72 0 82 509 0 0 3 4 0 
48345 274 239 101 0 286 76 1 90 579 3 1 3 2 0 
48458 240 231 89 1 274 77 1 78 538 5 1 3 4 0 
48448 246 233 106 0 263 63 3 91 540 4 0 2 1 0 
48420 259 223 82 0 283 61 1 110 557 1 0 1 2 0 
48487 255 233 96 1 263 65 2 80 507 5 1 2 3 0 
48513 252 232 83 1 247 71 0 95 494 3 2 4 3 0 
48460 260 239 70 1 256 50 2 108 538 7 1 5 3 0 
48451 278 201 102 1 241 58 2 100 555 3 0 2 6 0 
48427 261 228 106 2 279 67 3 71 546 5 0 1 4 0 
48430 289 262 90 1 250 70 1 86 517 1 0 3 0 0 
48402 264 218 107 1 289 59 2 80 572 1 0 3 2 0 
48394 265 230 86 1 276 65 0 96 571 4 3 4 5 0 
48473 241 214 90 3 266 82 3 98 520 3 1 2 4 0 
48509 262 197 92 3 255 55 1 85 535 1 2 1 2 0 
48427 271 236 102 2 274 72 3 92 513 4 0 1 3 0 
48440 237 234 95 2 279 69 2 99 531 3 1 4 4 0 
48451 262 216 88 2 248 65 1 99 558 1 1 2 6 0 
48459 272 226 113 2 237 59 2 85 534 2 1 1 7 0 
48468 271 234 88 0 270 66 2 85 508 2 3 2 1 0 
48450 265 241 99 0 268 63 1 84 514 5 3 3 4 0 
48418 265 262 101 3 266 68 1 85 517 8 0 3 3 0 
48354 282 261 85 0 287 66 2 95 557 4 2 0 5 0 
48485 241 225 117 2 274 63 1 98 485 0 5 2 2 0 
48429 262 232 88 0 279 66 0 91 546 0 0 4 3 0 
48408 276 257 95 3 241 67 1 83 554 6 4 2 3 0 
48450 250 262 85 0 266 75 3 84 516 4 1 1 3 0 
48435 270 255 116 0 259 63 2 83 507 5 1 3 1 0 
48471 238 222 103 1 252 60 0 83 559 2 2 5 2 0 
48436 285 277 98 0 267 70 1 78 485 2 1 0 0 0 
48447 260 214 88 0 290 61 0 91 538 5 3 0 3 0 
48395 291 243 91 0 270 66 0 87 556 0 0 0 1 0 
48381 267 237 112 2 290 66 4 108 524 3 2 1 3 0 
48483 253 222 88 0 270 58 4 97 515 6 1 3 0 0 
48436 262 242 86 0 274 62 1 90 538 2 1 2 4 0 
48497 253 247 81 0 244 52 1 98 518 6 0 1 2 0 
48439 241 251 93 2 271 64 2 99 529 4 1 1 3 0 
48388 248 257 85 2 270 61 1 112 565 2 1 6 2 0 
48411 286 251 93 3 236 59 3 82 558 4 5 0 9 0 
48465 271 200 78 0 248 61 1 104 558 7 1 1 5 0 
48444 226 235 106 1 255 65 3 121 537 1 1 3 2 0 
48460 270 198 95 1 264 68 1 104 531 3 1 1 3 0 
48486 277 222 98 1 240 62 1 99 507 3 2 1 1 0 
48412 239 243 105 0 287 59 0 92 552 6 1 1 3 0 
48499 249 237 104 0 258 65 2 88 486 1 4 3 4 0 
48426 297 237 80 2 256 55 5 109 527 1 2 2 1 0 
48406 281 249 105 0 258 74 1 100 518 2 1 5 0 0 
48386 258 249 98 0 295 63 4 96 543 3 0 2 3 0 
48491 276 224 98 0 247 67 1 87 499 3 2 1 4 0 
48464 261 233 81 1 251 74 1 100 529 0 1 3 1 0 
48399 269 252 111 2 289 38 1 71 559 2 2 5 0 0 
48566 245 195 89 2 236 58 1 101 498 3 1 2 3 0 
48410 237 252 102 2 258 66 2 111 549 2 3 3 3 0 
48514 281 208 82 1 246 54 3 103 498 5 1 2 2 0 
48435 278 219 101 1 264 68 0 99 528 1 0 3 3 0 
48448 251 240 106 2 264 64 2 94 523 3 1 1 1 0 
48369 296 243 111 2 272 61 2 95 537 3 2 4 3 0 
48439 234 238 93 2 285 68 0 97 528 4 1 7 4 0 
48489 265 233 82 3 240 66 0 106 508 2 1 3 2 0 
48399 313 217 104 0 264 71 2 104 521 1 2 1 1 0 
48478 254 223 108 1 262 68 1 86 512 0 1 3 3 0 
48485 240 228 92 3 269 57 2 81 527 7 0 5 4 0 
48420 267 216 93 1 255 73 3 86 578 1 1 4 2 0 
48385 278 228 91 2 273 83 0 101 555 1 1 1 1 0 
48427 273 235 99 4 279 65 1 102 503 3 4 2 3 0 
48407 275 249 97 2 246 58 1 90 563 5 3 2 2 0 
48467 273 216 99 0 264 61 0 100 505 7 2 4 2 0 
48440 268 224 104 0 274 59 2 87 533 2 0 3 4 0 
48391 302 256 87 0 259 60 0 92 540 2 3 4 4 0 
48464 255 240 97 2 234 67 1 100 529 6 2 2 1 0 
48405 267 242 83 2 269 57 1 98 573 2 1 0 0 0 
48405 273 242 96 1 290 56 1 77 547 2 6 3 1 0 
48382 271 264 116 3 267 67 0 98 518 3 1 2 8 0 
48395 260 237 109 2 307 54 1 86 542 4 0 1 2 0 
48432 258 237 87 0 271 63 1 93 549 4 2 2 1 0 
48450 270 251 98 1 284 58 2 101 482 0 1 0 2 0 
48410 269 257 100 1 273 52 1 95 535 5 0 2 0 0 
48389 286 234 83 2 281 68 0 90 556 5 0 2 4 0 
48431 262 241 104 0 248 57 1 104 547 0 1 2 2 0 
48402 273 230 86 0 274 68 2 106 546 4 1 3 5 0 
48379 287 239 108 1 255 69 3 86 561 1 4 4 3 0 
48478 269 213 95 2 245 66 2 76 545 2 2 2 3 0 
48399 275 262 96 4 262 67 0 104 524 2 0 1 4 0 
48432 248 231 101 2 282 80 2 103 508 3 2 3 3 0 
48512 260 237 92 1 215 60 2 95 516 3 1 0 6 0 
48438 296 224 104 2 296 49 2 84 497 3 1 1 3 0 
48415 285 219 97 3 241 73 1 99 554 3 0 5 5 0 
48381 290 250 93 1 271 72 1 102 526 2 3 4 4 0 
48417 263 255 87 0 255 67 2 86 558 5 2 0 3 0 
