48378 285 242 79 0 277 59 2 104 567 2 0 3 2 0 
48484 290 211 82 2 244 56 0 107 516 2 2 1 3 0 
48465 271 249 72 1 248 77 1 88 517 4 2 2 3 0 
48443 273 239 77 2 253 67 2 120 516 3 1 3 1 0 
48439 260 249 67 3 262 70 1 111 532 3 2 0 1 0 
48474 252 225 74 2 240 82 0 106 532 4 2 3 4 0 
48457 255 246 85 2 271 72 2 103 495 4 2 4 2 0 
48492 290 242 76 0 214 49 1 87 541 3 1 2 2 0 
48420 268 243 89 3 269 64 3 95 540 1 0 1 4 0 
48406 277 209 83 1 252 76 1 102 577 7 0 6 3 0 
48333 312 242 78 2 278 70 2 91 579 2 2 6 3 0 
48499 262 221 100 0 244 68 1 91 509 2 0 0 3 0 
48434 277 226 90 2 262 69 1 111 520 3 2 2 1 0 
48471 281 217 89 0 263 62 1 101 503 3 1 1 7 0 
48506 283 231 76 1 245 65 2 109 473 1 2 3 3 0 
48539 245 212 78 3 246 66 1 108 490 5 2 2 3 0 
48452 282 227 98 2 251 61 2 111 504 3 5 0 2 0 
48410 284 235 79 0 261 64 2 125 531 3 0 0 6 0 
48442 268 231 69 0 276 66 1 118 523 4 0 0 2 0 
48479 269 217 82 1 263 75 1 95 511 3 1 1 2 0 
48416 286 229 90 5 242 73 3 102 543 4 0 3 4 0 
48413 293 230 93 0 268 53 3 88 555 2 0 0 2 0 
48455 270 234 72 3 238 68 0 119 532 5 2 0 2 0 
48445 273 231 102 2 262 66 1 91 514 2 6 3 2 0 
48450 269 227 80 0 254 68 0 107 530 5 1 4 5 0 
48452 304 217 87 4 234 60 1 105 527 5 1 3 0 0 
48428 281 230 78 2 264 62 3 95 541 10 1 3 2 0 
48429 277 244 76 5 263 65 1 119 514 2 0 4 1 0 
48320 297 260 84 1 252 71 0 129 577 5 0 3 1 0 
48430 287 217 97 0 280 67 1 95 518 2 1 3 2 0 
48434 285 246 94 1 258 56 2 96 510 5 3 4 6 0 
48459 280 246 87 0 235 70 1 97 510 4 2 5 4 0 
48399 280 254 81 2 252 77 3 98 547 2 0 3 2 0 
48433 281 231 78 1 287 59 2 109 508 4 1 4 2 0 
48424 287 228 83 0 250 62 3 107 547 4 0 1 4 0 
48412 279 233 77 4 279 62 1 105 538 4 1 2 3 0 
48499 285 223 68 1 261 67 3 110 472 5 2 2 2 0 
48431 272 220 83 0 271 69 2 98 543 4 2 2 3 0 
48492 287 210 82 0 243 67 3 108 497 2 1 3 5 0 
48437 295 220 78 2 254 82 0 116 512 2 0 1 1 0 
48482 264 232 91 0 263 58 3 96 506 3 1 0 1 0 
48483 271 226 76 0 249 65 2 93 526 2 3 0 4 0 
48494 258 241 76 0 260 60 4 98 497 4 2 4 2 0 
48477 267 224 80 1 268 57 3 109 502 4 0 3 5 0 
48468 271 233 64 2 256 66 0 116 517 4 0 1 2 0 
48377 288 271 84 1 240 66 4 106 555 5 1 0 2 0 
48417 309 221 82 0 250 69 2 92 544 7 1 2 4 0 
48371 283 242 90 3 263 71 1 113 553 2 3 1 4 0 
48413 264 238 83 3 256 69 2 100 560 5 5 1 1 0 
48417 275 238 81 0 261 69 0 103 543 2 3 5 3 0 
48476 303 229 79 0 248 51 1 97 504 4 1 6 1 0 
48390 282 245 78 4 262 63 0 103 566 3 0 2 2 0 
48467 280 237 95 0 231 71 1 112 496 3 2 1 4 0 
48453 261 219 82 1 239 60 0 109 565 4 2 2 3 0 
48411 269 237 85 0 248 75 0 109 558 1 2 2 3 0 
48428 262 229 79 3 245 64 0 131 549 4 2 2 2 0 
48397 283 222 95 0 268 64 0 112 547 7 2 2 1 0 
48434 294 222 74 1 267 67 0 107 523 2 3 0 6 0 
48381 296 233 79 0 258 67 0 122 552 2 2 3 5 0 
48416 275 228 78 0 264 70 0 106 556 4 0 2 1 0 
48450 266 229 82 1 267 47 0 128 519 3 3 2 3 0 
48449 280 208 96 0 277 64 1 94 515 4 5 2 5 0 
48449 304 230 75 2 242 62 3 107 516 3 2 4 1 0 
48453 285 210 85 2 258 64 1 106 530 2 0 2 2 0 
48474 278 250 101 0 228 54 2 109 495 3 0 1 5 0 
48488 255 251 85 2 221 64 1 102 518 2 3 6 2 0 
48357 290 255 96 1 247 76 1 113 552 4 1 5 2 0 
48439 291 242 75 2 275 66 0 107 496 2 2 1 2 0 
48416 277 236 95 3 247 66 0 99 549 8 0 2 2 0 
48491 255 235 83 1 268 64 5 90 497 2 2 2 5 0 
48517 252 234 94 1 240 58 0 99 495 5 2 2 1 0 
48427 285 235 82 0 262 77 1 105 517 3 1 1 4 0 
48391 293 228 106 1 292 55 0 108 518 1 2 3 2 0 
48424 282 229 80 2 249 73 3 95 554 5 1 1 1 1 
48420 280 264 69 0 267 66 2 100 521 5 1 2 3 0 
48412 295 257 82 0 245 52 0 94 554 4 2 2 1 0 
48432 260 235 92 0 265 66 0 120 524 2 0 1 3 0 
48476 286 220 102 2 241 46 0 109 500 2 2 6 8 0 
48436 279 250 98 2 226 56 2 113 524 7 3 0 4 0 
48564 276 218 73 1 230 64 0 90 475 3 1 3 2 0 
48427 246 246 86 1 238 70 2 109 568 5 0 1 1 0 
48482 258 208 80 0 245 67 1 104 548 1 1 3 2 0 
48432 262 243 102 0 244 54 4 97 545 3 2 5 7 0 
48367 303 235 82 1 255 66 2 121 556 4 2 2 4 0 
48470 260 247 60 0 223 60 1 105 566 2 0 3 3 0 
48474 257 228 78 0 263 66 0 95 533 2 2 2 0 0 
48461 258 242 86 0 261 68 1 109 502 2 1 6 3 0 
48426 284 232 83 2 269 71 1 115 509 5 0 1 2 0 
48443 289 266 82 1 253 58 1 105 492 3 1 1 5 0 
48418 290 244 77 1 236 78 0 113 533 1 4 1 4 0 
48415 275 219 84 1 242 78 1 123 556 1 0 2 3 0 
48467 275 204 66 1 248 67 2 120 541 0 1 4 4 0 
48449 271 229 83 1 280 61 2 99 518 3 0 2 2 0 
48437 277 218 84 0 262 71 1 100 539 3 1 3 4 0 
48492 262 237 70 0 286 66 1 106 474 1 1 0 4 0 
48468 284 226 93 2 245 71 2 115 491 0 0 2 1 0 
48528 236 228 67 2 235 71 0 97 530 1 1 1 3 0 
48416 269 245 81 2 262 73 1 114 528 2 1 1 5 0 
48414 287 246 76 2 264 52 1 121 527 5 1 0 4 0 
48470 271 214 81 3 248 72 2 118 515 2 0 1 3 0 
48361 312 232 81 1 269 56 1 117 561 6 2 0 1 0 
48459 271 215 74 2 244 59 2 119 545 2 4 2 2 0 
48464 270 222 79 2 272 65 0 101 517 5 2 0 1 0 
48384 273 230 75 1 299 62 0 118 547 3 1 4 3 0 
48444 294 237 96 2 249 61 2 106 498 4 1 2 4 0 
48466 298 243 80 2 241 50 2 129 477 4 1 3 4 0 
48456 261 210 79 0 265 65 0 88 570 3 0 3 0 0 
48437 264 242 74 2 265 53 2 110 540 6 0 3 2 0 
48472 279 236 74 3 256 65 0 107 492 6 1 3 6 0 
48459 277 250 72 0 252 76 0 111 490 5 4 3 1 0 
48453 285 252 86 0 267 53 2 99 494 4 1 2 2 0 
48460 280 228 83 0 251 78 1 102 511 3 1 1 1 0 
48447 303 207 84 1 249 54 4 112 529 5 0 3 2 0 
48417 270 222 96 0 268 73 2 98 542 4 1 3 4 0 
48379 295 207 83 1 260 74 1 114 570 6 4 2 4 0 
48457 272 221 102 1 254 66 1 106 506 4 6 2 2 0 
48407 317 234 84 2 226 66 1 126 529 1 1 5 1 0 
48480 247 217 68 6 251 82 0 99 544 2 2 1 1 0 
48443 280 230 89 2 264 57 1 100 524 5 1 2 2 0 
48432 255 231 92 4 269 64 2 105 538 4 0 3 1 0 
48432 269 238 76 0 261 56 2 130 531 1 0 1 3 0 
48463 240 256 76 0 231 70 1 97 551 6 2 3 4 0 
48512 278 207 81 0 243 66 2 117 482 2 3 4 3 0 
48409 265 186 102 3 257 84 4 106 578 0 0 3 3 0 
48474 273 233 77 0 239 50 1 103 544 1 1 2 2 0 
48482 275 222 68 1 246 82 2 106 505 6 0 3 2 0 
48419 275 208 110 3 249 71 1 108 552 3 0 0 1 0 
48395 306 247 103 4 244 70 2 107 515 1 1 4 1 0 
48441 246 243 59 0 275 63 0 101 555 4 2 7 4 0 
48407 320 224 74 0 238 47 1 110 569 5 1 1 3 0 
48438 271 270 79 2 232 47 1 116 533 2 3 2 4 0 
48513 246 213 83 2 249 61 2 96 527 3 1 3 1 0 
48366 288 251 103 2 259 69 2 101 549 2 1 4 3 0 
48495 263 215 81 1 259 59 1 114 499 5 2 1 5 0 
48465 270 234 71 0 243 70 1 112 526 3 0 2 3 0 
48430 258 257 74 4 231 71 1 107 559 1 3 1 3 0 
48457 279 210 67 1 250 56 0 110 564 2 0 4 0 0 
48395 282 257 102 1 247 68 1 106 533 1 1 2 4 0 
48458 263 217 69 0 273 66 0 105 534 5 1 3 6 0 
48447 272 225 91 1 254 60 1 107 531 4 0 4 3 0 
48461 282 223 77 2 247 68 1 113 521 1 0 2 2 0 
48452 243 240 76 2 261 81 3 93 539 3 3 3 1 0 
48472 254 249 72 1 229 59 2 105 550 0 1 2 4 0 
48394 280 255 81 1 284 66 1 107 524 2 1 1 3 0 
48374 264 258 93 2 285 64 3 108 538 3 2 4 2 0 
48437 284 286 69 0 258 69 1 89 494 5 3 1 4 0 
48429 279 239 89 0 253 59 2 111 527 2 3 3 4 0 
48425 275 249 77 3 255 64 0 112 530 3 1 1 5 0 
48471 274 247 79 2 242 66 1 104 505 3 2 1 3 0 
48498 251 238 77 0 238 53 2 110 527 2 1 2 1 0 
48433 282 227 74 3 241 77 0 96 556 5 3 0 3 0 
48468 252 214 82 3 249 58 2 102 561 4 1 2 2 0 
48487 301 211 75 0 242 71 2 99 503 3 2 2 2 0 
48360 285 264 85 2 257 70 4 119 544 4 1 1 4 0 
48428 290 226 77 1 231 69 1 110 557 2 1 4 3 0 
48417 261 241 82 3 265 68 1 121 530 2 3 5 1 0 
48398 289 249 74 4 250 70 3 103 546 4 2 3 5 0 
48437 297 239 78 0 236 67 1 115 518 6 1 4 1 0 
48450 298 226 84 3 247 77 0 100 502 4 4 2 3 0 
48511 259 223 85 1 241 47 2 99 520 4 0 4 4 0 
48436 270 243 90 0 258 59 2 96 535 2 0 7 2 0 
48517 260 228 77 0 216 68 2 93 529 1 3 1 5 0 
48431 304 249 84 2 249 64 1 102 505 4 2 1 2 0 
48417 291 245 97 2 229 67 0 110 534 3 2 1 2 0 
48376 299 253 89 2 263 76 4 103 527 2 2 2 2 0 
48510 258 208 77 2 253 58 0 97 529 3 0 4 1 0 
48504 266 222 96 3 268 54 2 109 466 5 2 1 2 0 
48511 273 208 82 2 237 67 1 93 512 5 1 4 4 0 
48403 269 245 83 1 246 76 2 102 556 4 4 3 6 0 
48472 267 226 75 2 255 68 1 91 531 6 4 1 1 0 
48382 261 253 90 1 248 73 1 118 559 4 0 3 7 0 
48406 285 211 75 2 270 63 1 107 571 2 0 3 4 0 
48382 291 227 90 1 254 76 1 109 556 4 2 3 4 0 
48448 264 236 87 2 255 68 0 114 516 4 0 2 4 0 
48448 261 231 83 1 262 72 3 88 534 5 3 5 4 0 
48410 300 247 84 1 257 67 1 98 515 8 2 5 5 0 
48448 267 256 85 1 232 53 3 109 534 4 1 3 4 0 
48382 276 228 85 1 257 69 2 130 562 4 0 3 1 0 
48378 278 239 89 2 270 58 0 116 563 0 1 3 3 0 
48443 288 229 79 3 264 62 0 109 507 6 2 5 3 0 
48350 292 213 101 0 265 70 1 114 588 1 0 2 3 0 
48398 305 243 80 1 247 77 0 126 511 4 2 4 2 0 
48400 289 241 94 0 242 62 0 110 554 4 0 3 1 0 
48466 273 216 67 0 246 77 0 101 547 3 0 1 3 0 
48498 252 218 75 1 255 57 0 108 526 3 0 4 3 0 
48481 269 222 73 0 254 48 1 120 519 4 1 5 3 0 
48427 260 272 90 1 219 61 1 101 564 0 1 2 1 0 
48437 270 200 86 1 299 57 0 123 516 6 1 0 4 0 
48436 253 259 97 1 262 59 2 99 523 3 0 1 5 0 
48498 269 229 77 3 217 49 1 110 538 3 2 1 3 0 
48432 281 242 86 3 257 55 4 128 501 1 4 2 4 0 
48426 241 223 72 1 273 62 1 121 568 6 1 3 2 0 
48429 258 282 88 1 250 56 0 103 519 2 2 4 6 0 
48433 290 250 70 1 235 72 0 107 533 4 2 1 2 0 
48395 265 233 76 3 268 66 1 96 587 3 3 2 2 0 
48420 293 237 91 1 259 62 2 108 520 2 3 1 1 0 
48415 259 235 88 4 263 66 1 112 545 2 2 2 6 0 
48384 273 266 87 2 251 78 2 111 537 4 0 2 3 0 
48350 297 232 94 4 269 70 2 107 565 3 1 1 5 0 
48447 282 233 74 0 269 60 1 111 513 2 2 3 3 0 
48399 267 230 88 0 271 69 2 128 534 4 1 5 2 0 
48384 258 226 97 0 273 72 2 123 559 1 2 1 2 0 
48451 279 241 84 1 250 49 1 113 523 2 0 2 4 0 
48432 293 240 63 1 248 75 0 100 540 3 2 1 2 0 
48426 290 235 93 0 239 71 2 98 533 2 4 3 4 0 
48467 282 209 90 0 250 73 1 110 516 0 0 2 0 0 
48419 291 217 82 4 271 66 4 94 546 0 2 2 2 0 
48452 262 226 91 4 255 60 1 98 541 3 2 1 4 0 
48458 278 246 66 0 248 58 2 105 526 4 2 2 5 0 
48454 296 234 74 2 233 68 1 100 534 3 0 0 1 0 
48483 281 228 78 1 228 53 1 107 532 2 1 1 4 0 
48456 309 226 69 1 239 79 1 98 512 4 2 2 2 0 
48492 286 221 88 1 250 53 1 106 490 6 3 1 2 0 
48461 285 235 77 0 247 65 2 106 514 0 3 2 3 0 
48404 293 254 86 0 263 67 2 90 531 4 1 1 4 0 
48510 256 228 85 2 255 76 0 95 484 2 4 1 2 0 
48471 251 224 73 1 259 76 1 123 507 6 5 1 2 0 
48447 298 224 82 1 254 69 0 116 495 6 4 1 3 0 
48451 276 236 82 4 223 63 3 100 552 6 0 0 4 0 
48406 292 221 81 5 257 64 1 117 550 4 0 0 2 0 
48433 282 221 86 1 265 59 1 104 542 1 1 2 2 0 
48426 255 270 71 2 260 65 1 105 535 4 5 0 1 0 
48335 284 247 101 2 273 75 1 113 554 4 3 7 1 0 
48432 276 227 97 1 267 72 1 109 512 3 0 1 2 0 
48455 255 244 86 1 233 55 0 107 556 2 3 2 1 0 
48420 291 272 79 3 232 59 0 95 536 2 3 4 4 0 
48459 286 199 84 2 243 50 0 100 572 2 0 3 0 0 
48498 260 245 86 1 270 58 0 99 476 2 1 0 4 0 
48424 315 222 91 0 267 62 3 104 506 1 0 4 1 0 
48454 268 226 62 0 251 69 2 103 553 4 2 2 4 0 
48437 265 235 83 3 273 77 3 97 519 3 2 2 1 0 
48403 291 237 87 1 311 53 3 96 507 2 3 4 2 0 
48414 293 245 83 2 253 64 1 109 527 4 1 2 2 0 
48443 276 222 80 2 264 51 1 114 537 3 1 2 4 0 
48438 271 215 64 1 261 65 1 113 561 2 1 3 4 0 
48393 297 248 81 4 249 67 3 107 539 1 1 3 6 1 
48409 276 247 78 2 243 76 4 107 549 3 2 0 4 0 
48463 288 233 87 4 254 68 3 101 496 0 1 1 1 0 
48434 301 221 83 1 273 75 2 91 513 2 1 1 2 0 
48434 275 245 87 0 235 62 3 116 529 3 3 4 3 1 
48409 268 233 79 0 243 75 1 125 554 2 2 4 5 0 
48385 267 243 100 0 251 68 1 113 565 4 2 1 0 0 
48393 311 239 85 0 269 64 4 102 526 2 1 2 2 0 
48435 244 250 86 0 269 76 1 92 540 4 0 2 1 0 
48417 297 224 86 0 242 59 5 107 555 3 1 2 2 0 
48438 279 223 92 0 258 58 1 112 527 4 4 2 2 0 
48412 261 232 79 1 251 72 2 107 572 5 1 1 4 0 
48428 280 239 91 2 243 63 1 121 520 0 4 4 4 0 
48459 254 247 90 3 235 49 1 106 546 2 2 3 3 0 
48446 299 229 82 3 256 55 1 109 512 1 1 5 1 0 
48416 275 230 87 0 237 84 1 93 567 3 2 2 3 0 
48402 286 237 81 1 254 63 0 98 568 3 0 5 2 0 
48443 284 217 75 2 272 69 1 101 531 1 0 2 2 0 
48464 259 251 73 0 242 77 0 98 526 5 1 0 4 0 
48448 253 245 92 2 270 72 0 99 509 2 2 2 4 0 
48466 256 255 87 1 246 64 1 116 499 6 1 1 1 0 
48376 280 245 75 3 259 58 3 122 567 3 1 6 2 0 
48417 263 222 87 1 275 67 0 96 559 6 0 4 3 0 
48493 260 203 72 2 231 64 3 99 562 3 3 3 2 0 
48442 270 233 88 1 245 62 0 101 551 1 2 3 1 0 
48498 254 232 82 1 226 61 0 102 534 2 1 3 4 0 
48399 308 245 81 1 269 57 1 106 522 3 2 2 4 0 
48388 275 249 90 2 293 53 4 97 531 7 2 6 3 0 
48458 266 245 83 1 252 70 0 103 507 3 3 4 5 0 
48415 266 223 78 1 255 71 1 91 581 6 1 6 5 0 
48397 285 239 75 1 252 60 1 91 592 2 1 0 4 0 
48428 283 217 82 1 258 57 2 107 557 5 1 1 1 0 
48474 233 238 84 2 247 75 2 107 526 3 1 4 4 0 
48501 264 236 85 2 258 65 1 91 488 0 3 1 5 0 
48461 281 232 72 3 251 61 5 95 525 6 3 2 3 0 
48423 284 231 85 0 267 71 1 94 537 0 2 5 0 0 
48438 287 228 81 0 254 60 0 98 546 1 1 3 3 0 
48452 270 236 84 0 255 54 0 118 523 2 1 0 5 0 
48461 238 251 89 1 232 72 3 109 536 2 0 1 5 0 
48439 253 248 89 1 271 71 2 97 520 3 2 2 2 0 
48384 315 228 79 2 272 62 0 100 546 6 0 2 4 0 
48425 247 210 94 3 272 63 2 130 543 2 2 5 2 0 
48458 282 241 65 0 244 75 2 103 520 4 2 1 3 0 
48460 305 236 81 0 226 61 2 98 520 4 3 2 2 0 
48423 285 247 89 1 269 60 1 90 525 3 2 3 2 0 
48444 296 231 78 1 252 57 2 120 510 2 1 3 3 0 
48442 281 219 94 1 254 60 3 99 537 3 2 2 3 0 
48350 297 246 76 2 279 63 2 118 556 5 1 4 1 0 
48467 274 214 74 1 248 43 2 101 572 3 0 1 0 0 
48397 249 258 90 2 275 62 3 123 533 1 2 2 3 0 
48400 264 229 72 2 241 63 2 128 583 5 2 7 2 0 
48440 251 214 84 1 253 73 1 102 573 4 1 3 0 0 
48366 261 246 97 0 263 69 2 105 579 3 1 4 4 0 
48384 304 259 75 1 252 61 1 114 537 4 1 3 4 0 
48360 302 248 91 1 266 66 1 120 538 4 1 1 1 0 
48424 292 239 80 2 246 64 1 100 546 3 1 2 0 0 
48468 249 255 67 3 249 59 1 96 539 5 4 2 3 0 
48495 251 219 77 2 221 64 0 119 542 2 0 3 5 0 
48462 262 233 77 3 269 67 0 109 506 4 2 2 4 0 
48461 273 235 87 3 266 69 1 98 499 2 0 4 2 0 
48415 296 242 99 0 254 85 3 101 494 0 1 4 6 0 
48439 267 253 78 2 234 68 3 97 550 2 1 4 2 0 
48477 278 240 75 1 249 57 4 92 518 2 1 2 4 0 
48429 286 235 70 0 221 79 2 115 556 1 0 2 4 0 
48408 277 226 76 1 291 72 0 91 553 1 1 2 1 0 
48473 257 234 83 2 243 68 2 103 521 5 0 4 5 0 
48421 272 261 84 2 233 68 1 120 528 8 0 1 1 0 
48454 279 221 79 1 253 72 3 99 531 3 2 2 1 0 
48463 279 229 81 1 257 74 0 110 494 7 0 0 5 0 
48450 273 236 85 0 227 65 2 91 563 5 1 0 2 0 
48441 300 253 83 2 239 62 0 108 506 1 1 2 2 0 
48471 273 226 75 4 245 64 1 104 529 4 2 1 1 0 
48401 292 250 78 2 246 73 0 110 540 2 1 2 3 0 
48430 278 241 72 1 258 59 0 102 544 5 1 4 5 0 
48461 278 272 73 1 251 58 3 106 490 1 0 5 1 0 
48417 283 227 95 0 267 61 3 117 520 4 1 2 3 0 
48443 238 230 84 0 309 55 2 98 533 3 1 1 3 0 
48457 300 220 81 0 248 62 1 100 522 1 0 4 4 0 
48438 277 242 86 1 238 76 1 98 536 2 0 2 3 0 
48503 238 250 80 2 230 68 1 93 522 5 2 2 4 0 
48359 294 229 86 2 252 62 1 112 593 3 1 3 3 0 
48402 280 230 88 0 264 54 1 121 549 4 3 3 1 0 
48465 277 200 99 3 238 54 2 121 532 4 0 2 3 0 
48491 255 215 68 3 262 71 4 97 522 4 2 1 5 0 
48366 280 271 90 1 263 62 1 112 543 4 2 0 5 0 
48477 282 220 71 1 249 62 0 103 526 2 1 2 4 0 
48435 258 252 80 2 220 68 0 107 569 2 1 4 2 0 
48454 261 255 83 4 241 65 2 100 530 2 0 3 0 0 
48474 241 205 89 2 250 77 3 112 541 1 3 2 0 0 
48398 277 234 83 1 286 76 4 103 523 4 3 3 5 0 
48396 308 249 94 1 258 71 1 109 502 2 2 5 2 0 
48436 271 239 68 0 260 57 2 141 513 4 2 3 4 0 
48425 273 240 90 4 264 64 1 98 528 8 3 0 2 0 
48464 238 232 89 1 271 55 2 111 528 4 0 3 2 0 
48464 257 212 96 0 271 83 1 106 499 4 3 3 1 0 
48414 287 212 85 2 256 70 2 92 567 5 2 5 1 0 
48368 287 235 83 0 273 68 3 140 530 3 3 3 4 0 
48368 302 240 86 1 262 69 2 98 558 6 0 4 4 0 
48475 277 230 75 1 263 62 3 91 512 4 0 4 3 0 
48499 285 211 69 0 250 62 2 94 522 2 0 0 4 0 
48377 310 235 83 1 254 55 1 111 562 6 0 2 2 1 
48467 281 214 77 2 243 52 0 114 538 3 2 4 3 0 
48433 298 253 71 0 280 67 1 91 494 6 1 3 2 0 
48460 253 243 88 0 251 63 2 112 512 3 2 3 8 0 
48473 291 251 78 3 226 56 1 108 505 4 0 2 2 0 
48451 270 230 84 4 246 88 3 103 509 2 1 8 1 0 
48431 273 270 78 3 253 66 2 82 534 3 1 3 1 0 
48367 279 251 88 2 295 52 0 97 560 4 0 2 3 0 
48447 278 251 73 3 260 58 1 110 515 2 0 1 1 0 
48422 283 257 64 1 293 59 1 92 518 4 1 4 1 0 
48402 281 241 76 2 243 60 2 124 564 2 0 0 3 0 
48420 277 248 77 2 240 66 1 108 555 2 1 1 2 0 
48458 287 211 91 1 264 57 2 98 524 1 0 4 2 0 
48403 282 244 72 2 261 49 2 99 577 5 3 0 1 0 
48519 255 234 77 1 240 64 0 105 500 1 1 1 2 0 
48457 274 228 78 0 250 67 1 100 537 4 1 1 2 0 
48401 274 256 73 0 274 68 0 101 539 6 2 1 5 0 
48412 280 245 69 1 255 66 0 109 552 4 0 3 4 0 
48442 258 248 105 3 249 47 1 96 542 5 0 2 1 1 
48415 282 241 102 1 238 59 1 114 537 1 3 2 4 0 
48487 246 265 91 2 224 59 0 122 499 4 0 1 0 0 
48454 276 235 76 2 250 66 0 89 542 3 0 5 2 0 
48451 295 244 79 1 242 55 1 114 507 1 2 3 5 0 
48410 270 247 82 2 267 60 2 118 530 3 3 0 6 0 
48475 276 241 81 2 227 64 2 101 527 1 0 0 3 0 
48511 270 234 72 2 246 53 2 105 494 3 1 5 2 0 
48380 276 234 82 0 258 66 0 101 586 8 1 1 7 0 
48474 256 236 79 1 261 61 2 93 535 1 0 0 1 0 
48470 306 232 67 2 243 58 3 100 509 5 2 2 1 0 
48387 284 251 92 2 266 64 4 102 537 2 3 4 2 0 
48355 301 264 91 2 242 65 0 99 572 2 2 2 3 0 
48392 280 230 87 1 262 61 0 114 566 1 1 3 2 0 
48459 272 242 85 0 242 75 2 94 516 7 0 3 3 0 
48443 255 246 80 1 235 67 2 116 548 1 2 2 2 0 
48434 273 251 62 1 241 66 0 89 577 2 1 2 1 0 
48398 284 234 84 1 255 67 0 99 574 0 0 3 1 0 
48478 259 232 95 2 248 64 1 98 516 3 2 1 1 0 
48423 264 218 80 2 258 68 0 119 560 1 1 3 3 0 
48460 279 246 67 2 256 65 2 115 501 2 1 3 1 0 
48430 261 244 104 2 263 61 1 111 507 7 2 3 4 0 
48388 301 265 77 0 246 78 2 118 519 3 1 1 1 0 
48474 252 223 73 2 249 70 2 108 537 4 0 2 4 0 
48412 308 234 86 1 254 72 2 116 502 5 3 1 4 0 
48414 287 264 97 2 266 66 0 102 494 5 0 0 3 0 
48419 263 236 99 1 237 69 0 107 560 4 2 1 2 0 
48427 292 206 87 2 270 69 4 98 538 2 2 1 2 0 
48447 315 227 89 1 252 57 2 105 497 1 0 1 6 0 
48477 255 251 84 2 241 64 1 121 496 4 1 3 0 0 
48438 262 248 89 1 231 53 2 126 545 1 0 2 2 0 
48435 273 216 72 1 262 71 1 114 543 6 0 3 3 0 
48464 256 237 79 0 250 71 0 101 534 2 1 4 1 0 
48450 268 253 81 2 245 55 1 114 519 4 5 1 2 0 
48437 294 238 98 2 240 79 0 94 510 6 0 1 1 0 
48440 250 232 84 0 267 62 2 111 539 4 2 3 4 0 
48462 265 230 87 1 245 73 1 93 534 0 2 2 5 0 
48473 285 236 89 1 216 67 4 95 521 4 3 2 4 0 
48459 295 213 80 0 242 73 0 96 531 4 2 1 4 0 
48391 256 255 89 0 250 78 2 111 558 3 3 2 2 0 
48454 246 237 93 3 237 63 2 113 540 4 2 3 3 0 
48412 268 223 66 1 292 70 1 115 542 3 2 1 4 0 
48448 274 240 72 3 246 50 4 113 544 3 0 2 1 0 
48490 233 219 88 1 267 60 3 110 522 1 2 1 3 0 
48449 264 227 82 1 260 61 2 104 539 2 0 6 3 0 
48410 275 251 78 1 224 62 1 120 569 3 1 0 5 0 
48453 233 241 94 3 269 53 2 101 548 1 1 1 0 0 
48309 284 278 93 0 277 66 1 107 572 3 2 5 3 0 
48426 279 213 83 1 249 78 2 120 538 4 3 2 2 0 
48358 284 242 83 0 274 63 0 100 590 2 1 3 0 0 
48429 279 237 82 1 254 66 3 108 531 2 2 3 3 0 
48444 278 249 86 2 240 72 0 114 506 3 2 0 4 0 
48444 279 217 76 1 260 58 0 102 550 5 1 4 3 0 
48474 292 200 76 0 270 71 2 96 512 3 1 3 0 0 
48416 287 283 77 1 235 54 1 102 534 3 1 2 4 0 
48454 249 211 92 0 245 64 1 108 573 1 1 1 0 0 
48398 269 249 86 2 263 50 3 116 555 3 1 2 3 0 
48422 283 244 68 5 259 74 0 111 527 2 2 1 2 0 
48417 237 240 89 1 265 66 2 104 571 6 1 0 1 0 
48488 266 241 68 1 232 49 1 118 523 3 1 5 4 0 
48465 269 248 71 0 256 59 3 106 517 3 0 1 2 0 
48452 283 229 77 0 243 72 1 109 527 1 2 1 3 0 
48470 274 253 88 1 229 64 1 106 506 3 1 3 1 0 
48477 274 204 87 1 243 67 0 95 542 5 1 4 0 0 
48463 272 256 84 0 243 73 1 113 483 5 2 2 3 0 
48434 261 217 88 1 255 69 3 108 555 3 1 4 1 0 
48413 276 239 80 2 237 65 0 112 563 5 2 2 4 0 
48437 252 230 83 2 281 60 0 96 554 1 1 3 0 0 
48496 267 220 68 0 235 78 2 117 514 1 1 0 1 0 
48389 279 250 71 1 262 67 1 121 551 4 2 2 0 0 
48467 290 224 76 3 256 73 1 103 502 1 2 2 0 0 
48439 308 210 78 1 264 66 0 95 532 4 2 1 0 0 
48417 308 236 89 1 239 62 1 103 537 3 1 1 2 0 
48457 282 231 82 1 225 54 3 114 535 4 6 1 5 0 
48501 231 208 90 0 262 65 2 103 531 2 2 1 2 0 
48423 269 239 93 1 245 59 0 121 543 2 2 0 3 0 
48449 273 241 88 2 237 71 3 126 501 2 1 3 3 0 
48412 277 243 70 0 275 71 0 98 548 2 1 0 3 0 
48443 246 228 96 3 271 49 2 106 552 1 1 1 1 0 
48392 260 250 82 1 273 59 2 108 559 5 0 5 4 0 
48450 262 212 78 1 277 59 0 109 538 5 1 3 4 1 
48397 273 234 90 1 258 73 2 130 534 3 0 4 1 0 
48500 272 217 72 2 264 64 1 90 509 3 3 1 2 0 
48385 303 258 73 0 262 53 0 109 552 2 0 1 2 0 
48478 263 231 81 3 258 67 0 92 520 1 1 3 2 0 
48432 299 235 87 1 242 84 0 97 518 1 0 0 4 0 
48531 274 205 74 1 227 58 2 123 499 1 1 2 2 0 
48424 297 230 77 1 247 70 2 117 528 2 1 1 3 0 
48432 291 254 83 3 263 54 0 107 506 2 1 2 2 0 
48464 237 255 73 1 279 65 1 110 510 4 1 0 0 0 
48470 266 232 83 1 225 59 1 122 533 3 1 2 2 0 
48451 251 219 82 0 265 58 1 102 563 2 0 3 3 0 
48467 277 223 70 1 245 66 1 116 529 4 0 0 1 0 
48385 304 230 99 0 237 58 3 105 575 2 0 1 1 0 
48414 305 233 81 2 258 59 0 120 519 4 0 3 2 0 
48414 258 237 94 1 252 71 3 121 537 6 2 1 3 0 
48433 267 239 96 0 249 55 1 111 536 3 0 2 8 0 
48454 303 258 77 1 243 57 3 97 502 1 2 1 1 0 
48455 264 229 70 1 254 59 0 107 555 1 2 1 2 0 
48469 302 234 77 3 231 65 2 98 510 3 0 3 3 0 
48405 288 248 94 2 269 68 2 95 518 2 4 3 2 0 
48488 268 233 86 1 246 63 0 116 488 4 2 2 3 0 
48438 248 237 88 0 254 78 0 103 544 3 1 4 2 0 
48390 304 251 95 0 236 56 0 108 554 3 1 0 2 0 
48473 264 249 88 1 252 68 0 101 497 2 2 0 3 0 
48409 274 258 80 1 255 74 0 128 510 4 0 3 4 0 
48417 267 241 114 1 260 66 2 101 523 0 2 3 3 0 
48457 277 275 85 2 267 54 3 84 490 1 3 1 1 0 
48499 269 229 76 2 249 53 0 85 524 3 1 9 1 0 
48463 277 230 89 0 264 55 2 103 511 1 1 3 1 0 
48423 259 254 82 0 276 57 1 112 526 4 0 2 4 0 
48408 280 246 85 0 262 64 0 107 540 3 0 3 2 0 
48451 276 254 102 2 265 44 0 98 496 3 1 4 4 0 
48472 254 247 76 0 246 57 0 107 533 2 2 3 1 0 
48437 281 238 102 0 239 69 0 109 511 10 1 2 1 0 
48415 280 216 101 1 261 60 1 119 536 2 1 4 3 0 
48432 249 244 70 5 255 54 2 120 556 3 1 5 4 0 
48425 280 234 93 1 255 70 0 97 535 1 1 1 7 0 
48453 272 241 72 0 239 66 3 121 526 3 0 1 3 0 
48463 260 231 103 0 223 58 1 115 532 5 0 6 3 0 
48442 270 233 87 1 257 69 1 107 524 1 1 4 3 0 
48446 289 220 72 1 238 66 3 113 546 1 0 1 4 0 
48475 235 218 81 1 257 63 3 114 545 1 3 3 1 0 
48490 275 226 66 2 253 48 1 94 536 5 1 2 1 0 
48450 287 257 75 1 234 66 1 108 511 6 1 0 3 0 
48439 272 227 79 1 250 67 2 103 554 3 2 0 1 0 
48472 270 197 70 1 254 58 2 113 556 4 1 0 2 0 
48475 266 226 84 1 238 72 2 112 513 3 2 4 2 0 
48360 286 231 93 2 275 68 0 111 562 2 3 5 2 0 
48385 296 233 68 1 279 57 0 115 553 8 0 2 3 0 
48441 287 227 85 1 257 70 3 107 514 2 1 2 3 0 
48397 273 267 86 2 277 59 3 94 527 7 1 3 4 0 
48406 306 241 75 2 257 61 2 113 523 3 0 2 9 0 
48431 292 230 93 1 256 66 2 104 515 2 0 2 6 0 
48419 276 235 81 2 272 67 1 101 534 5 1 2 4 0 
48473 235 243 91 0 261 68 1 88 531 3 2 0 4 0 
48482 281 235 74 2 238 75 0 102 500 5 2 3 1 0 
48412 283 248 102 0 252 61 0 103 532 3 1 1 2 0 
48329 304 268 98 3 245 87 0 120 537 5 1 0 3 0 
48436 276 227 84 5 265 59 0 116 523 1 3 3 2 0 
48478 272 248 72 2 230 65 1 100 514 5 2 4 7 0 
48437 268 228 94 1 273 58 1 91 543 0 2 0 4 0 
48503 234 218 87 1 268 75 1 107 497 3 2 2 2 0 
48485 268 211 82 1 259 53 3 117 507 3 3 3 5 0 
48427 271 229 86 2 280 69 1 110 515 4 3 1 2 0 
48418 301 244 84 3 264 65 1 104 504 2 1 5 4 0 
48405 275 211 91 0 278 57 0 117 559 2 1 1 3 0 
