48477 244 229 83 4 241 69 3 97 541 3 2 3 4 0 
48434 270 212 91 0 253 58 1 110 555 6 0 3 7 0 
48483 261 234 71 2 245 57 0 94 544 1 2 4 2 0 
48476 269 233 95 1 256 59 1 102 504 1 1 2 0 0 
48399 284 278 90 1 258 70 2 79 532 2 2 2 1 0 
48404 294 239 89 0 258 58 0 96 554 2 2 2 2 0 
48382 256 265 107 4 273 59 2 118 531 2 1 0 0 0 
48440 292 225 89 2 269 57 3 99 514 2 2 3 3 0 
48424 269 225 87 1 271 72 3 115 527 3 0 1 2 0 
48453 272 239 79 1 249 55 0 99 541 5 2 4 1 0 
48427 274 242 95 0 252 72 1 103 527 2 1 1 3 0 
48460 252 244 80 0 259 63 0 106 527 2 1 3 3 0 
48498 253 235 83 0 239 56 0 107 518 4 3 1 3 0 
48399 267 227 102 0 281 66 0 96 550 4 0 1 7 0 
48411 270 233 94 0 282 60 2 103 533 3 1 2 6 0 
48443 242 224 106 0 258 67 5 101 542 5 3 2 2 0 
48402 289 235 79 4 260 74 2 108 539 1 0 4 3 0 
48475 255 210 96 1 269 68 0 96 523 1 0 3 3 0 
48389 265 242 98 2 254 69 1 89 585 4 0 1 1 0 
48441 263 234 82 1 259 72 3 111 525 2 1 5 1 0 
48452 262 232 92 2 284 67 1 102 496 5 1 0 3 1 
48368 271 264 125 2 261 59 2 99 536 4 3 4 2 0 
48418 277 242 107 0 257 67 0 112 513 3 2 2 0 0 
48418 271 250 83 0 270 75 0 90 529 2 1 5 6 0 
48368 268 234 91 4 275 72 1 102 581 1 2 0 1 0 
48410 294 248 89 1 246 83 0 82 536 3 2 2 4 0 
48411 257 245 82 1 245 70 0 94 585 3 0 3 4 0 
48489 271 245 83 1 261 63 1 92 490 2 0 1 1 0 
48480 276 224 94 0 267 63 3 86 501 2 2 2 0 0 
48483 291 243 63 1 231 63 1 89 519 5 3 3 5 0 
48387 282 239 90 2 262 69 4 104 550 8 0 2 1 0 
48465 276 238 69 1 250 65 0 104 522 3 3 0 4 0 
48464 243 259 91 0 252 61 4 94 517 7 1 3 4 0 
48428 256 264 76 1 253 63 1 116 533 4 1 2 2 0 
48463 279 233 87 3 237 69 1 100 518 3 1 3 3 0 
48434 279 218 99 0 261 74 0 96 530 0 1 2 6 0 
48493 280 215 69 0 266 69 4 105 493 1 1 3 1 0 
48424 278 220 75 2 261 80 0 97 553 2 0 4 4 0 
48480 265 228 85 1 248 66 1 100 516 6 1 1 2 0 
48423 283 237 75 0 271 68 1 90 542 2 2 3 3 0 
48511 264 239 91 0 236 53 2 96 499 6 1 1 1 0 
48384 293 238 95 0 243 75 1 111 551 5 1 2 1 0 
48423 277 231 88 1 283 63 1 104 519 5 2 3 0 0 
48453 280 227 85 0 250 64 1 105 522 5 0 4 4 0 
48452 253 241 105 1 242 52 1 98 547 3 0 2 3 0 
48463 298 201 89 2 261 52 0 100 526 4 1 2 1 0 
48422 255 250 102 0 252 72 1 98 538 3 0 2 5 0 
48419 289 221 81 1 249 63 1 88 580 3 0 2 3 0 
48421 271 249 85 1 245 83 2 101 527 3 1 6 5 0 
48426 292 227 92 1 256 62 1 109 525 2 2 4 1 0 
48506 276 227 85 2 246 67 1 96 483 2 2 4 3 0 
48425 287 261 90 3 251 65 4 84 520 1 1 5 3 0 
48456 305 218 100 0 247 57 1 103 508 1 0 0 4 0 
48419 296 235 92 3 276 69 2 107 493 5 1 1 1 0 
48411 268 234 92 1 265 60 0 101 556 3 2 4 3 0 
48464 285 216 99 0 252 61 2 85 520 5 5 3 3 0 
48439 275 218 90 1 261 59 1 97 549 3 0 5 2 0 
48414 264 246 86 1 252 62 0 102 563 4 1 2 3 0 
48420 276 243 82 2 269 61 2 116 517 5 0 3 4 0 
48440 257 251 100 2 268 59 1 103 509 3 1 2 4 0 
48356 293 246 86 0 283 70 1 104 550 1 4 0 6 0 
48449 279 204 76 1 266 65 3 111 529 5 1 6 5 0 
48438 268 235 89 0 250 55 0 94 563 3 1 3 1 0 
48425 293 231 86 0 261 59 1 101 536 1 1 0 5 0 
48460 259 228 78 1 276 72 2 94 517 5 1 3 4 0 
48354 272 250 86 1 264 86 0 120 556 2 1 2 6 0 
48398 290 261 82 2 255 64 3 107 526 6 1 3 2 0 
48462 293 221 73 1 274 50 0 98 523 1 1 2 1 0 
48463 280 215 96 3 242 72 4 92 527 2 2 1 1 0 
48395 267 251 93 4 281 81 1 99 518 1 1 3 5 0 
48465 274 213 96 2 272 69 0 92 509 4 1 0 3 0 
48470 269 265 73 1 250 73 2 88 502 3 1 1 2 0 
48475 252 218 82 2 264 61 1 91 545 2 1 2 4 0 
48503 252 258 55 0 233 73 1 90 526 2 1 1 5 0 
48423 276 245 85 0 285 58 1 98 520 2 1 2 4 0 
48486 268 248 85 0 241 52 1 98 515 2 1 1 2 0 
48435 273 232 84 0 255 55 1 112 541 5 3 4 0 0 
48406 259 246 87 0 273 71 3 109 539 3 0 1 3 0 
48442 267 264 105 1 248 64 1 101 494 7 0 3 3 0 
48392 278 243 99 1 286 69 0 99 523 3 0 4 3 0 
48410 267 239 98 2 283 55 1 103 530 7 0 2 3 0 
48473 249 215 112 4 259 59 2 107 505 5 1 6 3 0 
48445 277 236 84 3 239 66 3 91 553 1 0 2 0 0 
48400 308 244 83 0 270 54 2 87 540 6 2 1 3 0 
48442 243 243 89 2 279 64 1 97 533 2 1 2 2 0 
48470 255 234 78 3 238 65 3 99 545 3 2 3 2 0 
48451 261 226 85 2 250 55 1 90 577 1 0 0 1 0 
48460 253 230 89 0 267 73 2 109 508 2 1 2 4 0 
48446 271 257 78 0 233 57 1 101 544 4 0 3 5 0 
48484 233 233 89 1 252 65 1 87 543 4 0 5 3 0 
48417 271 249 82 2 252 60 0 103 552 5 0 3 4 0 
48442 278 246 90 1 235 74 4 94 524 1 2 3 6 0 
48454 270 234 82 3 263 55 1 105 529 1 0 1 2 0 
48463 244 244 88 3 277 57 2 95 517 3 1 2 4 0 
48479 266 212 88 0 249 61 0 85 554 2 0 4 0 0 
48465 251 234 86 3 262 56 4 109 517 6 0 5 2 0 
48482 286 223 83 1 257 55 0 83 523 1 2 2 2 0 
48406 263 226 81 2 264 89 3 101 552 5 3 0 5 0 
48377 312 244 99 0 254 65 0 103 536 3 0 5 2 0 
48408 268 246 86 2 248 69 1 116 543 2 1 2 8 0 
48509 259 232 81 0 258 44 1 89 522 2 0 1 2 0 
48417 268 234 75 1 244 73 2 112 570 2 0 1 1 0 
48414 249 234 94 1 289 74 1 114 522 0 5 2 1 0 
48411 290 232 103 3 257 70 3 94 530 1 3 1 2 0 
48440 261 234 109 1 241 57 2 114 530 1 1 4 5 0 
48420 275 246 115 0 244 74 1 102 515 2 2 1 3 0 
48434 285 213 93 1 230 63 1 96 570 5 1 5 3 0 
48445 299 204 96 3 233 57 1 100 554 0 1 4 3 0 
48417 274 255 86 2 271 56 0 102 529 2 0 2 4 0 
48470 253 216 81 1 277 67 2 84 542 2 2 2 1 0 
48410 291 247 88 1 274 67 0 104 507 2 3 3 3 0 
48402 271 235 90 2 264 52 2 119 556 1 0 5 1 0 
48402 289 237 69 1 258 67 1 92 574 2 2 5 1 0 
48415 275 261 100 0 251 60 3 104 522 3 0 2 4 0 
48427 273 252 84 2 247 74 3 92 540 4 1 1 0 0 
48451 239 238 73 0 243 74 1 105 564 3 5 3 1 0 
48419 275 237 88 1 269 53 2 100 549 0 0 3 4 0 
48462 262 224 91 0 254 50 1 99 549 3 2 2 1 0 
48438 260 223 100 0 257 66 1 99 547 3 2 1 3 0 
48468 312 232 92 1 258 61 2 81 489 0 1 2 1 0 
48486 256 232 74 0 262 57 1 94 530 4 0 3 1 0 
48363 272 227 94 2 309 70 0 107 545 2 0 8 1 0 
48467 260 249 93 2 237 61 1 114 512 0 0 3 1 0 
48432 274 227 86 0 266 71 0 109 526 4 3 1 0 1 
48457 263 258 72 1 268 57 1 92 523 2 3 1 2 0 
48411 288 274 81 1 242 69 1 107 515 4 0 4 3 0 
48504 277 219 63 0 255 61 2 87 522 1 0 5 4 0 
48516 256 225 94 4 248 56 0 105 485 3 3 3 2 0 
48464 252 208 76 2 262 71 0 99 559 3 1 1 2 0 
48453 258 235 68 2 251 67 1 114 538 3 1 5 4 0 
48427 268 248 88 2 275 67 2 94 521 3 1 2 2 0 
48451 238 236 90 0 291 52 0 100 530 3 1 3 5 0 
48384 297 239 88 1 247 66 0 105 567 1 1 3 1 0 
48453 284 237 79 1 245 65 3 103 524 4 0 2 0 0 
48444 262 234 79 1 267 59 0 96 548 4 3 1 2 0 
48457 255 249 100 1 232 66 3 96 533 5 1 1 1 0 
48430 258 213 101 2 270 63 1 91 567 2 0 0 2 0 
48471 256 204 94 1 257 63 0 109 541 0 2 0 2 0 
48487 277 230 76 3 243 66 2 89 518 5 1 2 1 0 
48444 262 251 84 0 256 58 2 112 525 1 0 4 1 0 
48419 280 238 83 0 237 53 0 103 574 10 1 1 1 0 
48358 284 277 75 4 274 69 2 85 558 8 1 4 1 0 
48427 285 225 89 2 273 66 1 99 525 3 1 2 2 0 
48446 282 218 87 1 269 51 1 110 523 5 1 6 0 0 
48413 262 240 94 1 277 71 0 94 536 4 2 3 3 0 
48467 246 238 82 1 251 71 1 107 526 4 3 2 1 0 
48403 280 240 81 1 265 69 0 107 544 4 1 1 4 0 
48444 268 264 84 1 251 59 0 92 532 5 0 0 0 0 
48434 283 233 80 4 243 76 1 106 529 1 1 6 3 0 
48464 268 236 93 0 259 63 0 102 505 4 4 0 2 0 
48436 274 209 99 1 244 68 1 105 556 1 0 2 4 0 
48400 258 252 97 3 273 53 2 113 541 1 1 2 4 0 
48401 262 247 96 2 257 61 2 108 554 3 4 1 2 0 
48451 257 221 108 0 261 49 0 98 549 4 1 0 1 0 
48429 267 224 75 1 261 65 2 96 572 2 1 1 4 0 
48449 256 239 78 0 274 49 1 98 545 2 1 4 4 0 
48447 263 249 79 3 265 68 4 90 522 1 2 2 5 0 
48442 281 215 83 1 272 68 1 99 531 2 1 0 4 0 
48412 257 269 91 1 233 63 3 97 562 5 1 4 2 0 
48406 274 250 85 0 278 54 1 102 542 2 1 1 4 0 
48465 256 253 109 2 240 51 2 101 509 2 5 2 3 0 
48395 289 247 97 0 272 57 1 97 534 4 1 2 4 0 
48379 272 258 102 2 287 54 0 98 541 2 1 1 3 0 
48381 279 247 97 1 263 57 1 94 572 5 1 0 2 0 
48444 271 231 84 1 251 67 1 94 541 6 2 4 3 0 
48519 269 246 93 1 238 71 2 98 453 3 1 1 5 0 
48434 265 220 87 1 257 74 1 111 535 5 3 4 3 0 
48367 278 263 78 1 284 83 0 91 541 4 2 1 7 0 
48373 258 241 103 3 274 64 1 127 543 5 0 5 3 0 
48434 272 247 104 3 260 64 3 108 498 4 1 1 1 0 
48365 295 239 88 0 277 71 3 114 540 1 1 3 3 0 
48492 268 226 82 2 239 65 0 102 516 3 2 1 2 0 
48456 266 236 87 0 257 52 1 91 543 5 2 1 3 0 
48467 271 235 75 0 246 68 1 100 530 1 2 2 2 0 
48465 282 201 88 1 241 56 0 91 560 5 1 4 5 0 
48454 235 238 86 0 265 63 0 122 528 2 3 2 2 0 
48402 280 242 95 4 262 70 1 116 520 3 1 1 3 0 
48408 274 244 102 3 273 50 1 111 523 4 2 2 3 0 
48418 267 231 93 1 268 82 3 99 526 4 3 2 3 0 
48440 265 249 91 1 249 69 1 93 534 4 1 1 2 0 
48377 294 231 83 1 272 72 0 97 562 4 2 2 3 0 
48398 280 245 83 2 274 68 1 97 542 1 1 4 4 0 
48391 250 250 97 1 289 67 1 94 551 0 2 5 2 0 
48496 287 195 83 3 240 62 0 117 508 3 2 1 3 0 
48396 274 255 94 4 239 60 3 103 563 2 0 1 6 0 
48406 279 266 95 1 251 50 0 121 525 1 0 0 5 0 
48437 267 212 77 2 304 54 1 106 528 5 1 2 4 0 
48397 313 249 96 1 250 59 1 80 544 5 2 1 2 0 
48369 304 271 88 0 264 49 1 96 546 3 2 5 2 0 
48429 284 243 79 3 248 53 1 106 542 5 1 1 5 0 
48372 287 256 89 1 245 62 3 111 563 1 1 4 5 0 
48443 261 199 101 2 282 65 2 105 535 3 0 1 1 0 
48447 290 213 94 1 248 58 2 103 534 3 1 5 1 0 
48396 270 241 89 1 284 70 4 86 550 3 3 1 2 0 
48506 242 212 98 1 268 66 0 97 502 4 1 2 1 0 
48402 265 244 91 4 257 71 2 97 555 7 0 1 4 0 
48426 278 252 97 1 269 61 0 102 504 3 0 5 2 0 
48363 277 241 95 5 275 71 1 120 542 3 1 3 3 0 
48461 295 227 98 2 207 63 4 97 537 3 0 1 5 0 
48350 287 246 114 1 260 54 5 104 569 5 1 1 3 0 
48441 276 217 100 1 264 75 0 76 544 2 1 3 0 0 
48428 285 245 81 2 253 53 2 94 544 3 2 5 3 0 
48508 237 217 108 1 265 61 0 107 486 4 0 3 3 0 
48450 253 250 103 0 264 62 1 82 528 2 1 2 2 0 
48444 247 251 98 1 238 73 0 113 525 3 2 1 4 0 
48452 282 242 78 2 246 64 0 104 524 1 0 2 3 0 
48459 254 236 70 2 252 50 1 111 558 2 1 3 1 0 
48451 261 226 75 1 247 55 1 116 557 3 2 2 3 0 
48423 298 259 72 0 255 63 0 90 530 2 2 3 3 0 
48440 275 239 100 2 245 69 1 106 516 3 1 1 2 0 
48459 244 231 97 1 263 71 2 98 528 1 0 1 4 0 
48430 259 231 94 1 257 70 1 105 547 1 2 1 1 0 
48368 266 234 96 2 284 71 1 126 539 4 1 3 5 0 
48467 274 217 84 2 231 64 0 110 542 2 2 0 5 0 
48403 271 241 93 0 283 71 3 108 517 5 1 3 1 0 
48449 275 243 92 2 236 64 2 99 529 2 2 3 2 0 
48430 264 270 69 0 261 61 3 96 536 6 1 1 2 0 
48418 270 227 92 0 250 70 0 113 548 4 2 3 3 0 
48463 259 252 89 1 250 59 0 105 511 2 2 3 4 0 
48423 290 238 86 0 270 64 0 97 522 2 3 3 2 0 
48460 245 266 93 0 251 66 3 102 508 0 3 0 3 0 
48444 304 244 87 0 250 61 1 106 485 8 3 3 4 0 
48425 271 226 84 0 265 61 1 117 546 0 0 4 0 0 
48446 249 240 84 2 254 64 1 97 553 1 1 4 4 0 
48408 274 262 93 0 250 59 1 106 534 4 3 5 1 0 
48470 254 220 87 3 244 62 1 94 558 4 1 0 2 0 
48482 259 225 87 2 235 69 0 99 532 4 0 3 3 0 
48455 262 251 76 0 271 62 0 95 520 3 2 2 1 0 
48423 300 264 71 1 259 69 1 82 521 1 2 4 2 0 
48449 272 241 97 0 267 59 2 114 488 3 2 1 5 0 
48353 269 258 102 1 299 70 1 96 540 3 0 3 5 0 
48477 276 230 82 1 264 58 1 84 522 2 2 0 1 0 
48425 297 218 100 1 265 61 1 91 533 1 2 4 1 0 
48370 291 268 91 2 259 68 0 105 539 0 1 3 3 0 
48415 257 253 78 1 250 75 1 104 554 8 0 2 2 0 
48497 255 250 77 1 249 68 1 109 486 1 1 0 5 0 
48450 248 214 109 4 262 61 0 100 543 2 1 4 2 0 
48468 265 236 73 2 236 76 1 105 529 3 3 0 3 0 
48422 304 220 93 0 270 67 0 109 504 6 0 4 1 0 
48474 250 239 84 0 255 68 1 103 518 0 0 1 7 0 
48471 251 244 95 0 253 56 1 103 521 3 0 2 0 0 
48386 304 223 85 3 287 59 0 84 559 3 1 0 6 0 
48409 280 236 76 1 281 64 2 102 538 3 2 3 3 0 
48437 271 227 85 0 264 65 1 99 537 1 3 3 7 0 
48495 266 234 91 3 227 63 1 101 509 1 2 3 4 0 
48447 267 209 72 1 291 52 0 86 562 5 0 3 5 0 
48465 260 221 92 2 258 66 0 96 530 4 1 2 3 0 
48402 278 266 94 0 236 64 1 97 554 2 0 3 3 0 
48415 268 259 90 0 249 70 3 91 548 5 0 0 2 0 
48520 250 216 84 1 274 62 2 88 496 2 0 2 3 0 
48469 234 230 86 4 283 56 1 102 526 3 1 3 2 0 
48374 281 242 89 1 275 60 0 105 556 8 3 3 3 0 
48426 291 221 94 2 253 71 1 111 523 0 4 1 2 0 
48466 251 231 79 2 251 81 3 87 539 3 0 3 4 0 
48420 286 225 88 1 294 62 1 101 509 5 1 3 4 0 
48498 254 233 80 2 256 60 1 81 523 3 2 1 6 0 
48415 273 236 84 2 257 55 2 95 564 4 2 7 4 0 
48459 266 249 90 2 245 66 2 88 524 5 0 1 3 0 
48426 272 240 95 4 261 59 3 86 548 2 0 2 2 0 
48437 264 221 84 2 279 64 1 117 519 2 3 4 3 0 
48410 291 243 80 0 269 62 2 98 537 1 0 4 3 0 
48507 280 225 78 1 224 67 0 98 507 5 3 2 3 0 
48443 287 239 93 0 239 67 2 96 523 2 2 3 4 0 
48417 262 234 79 4 245 68 1 112 565 6 2 3 2 0 
48412 281 216 78 0 275 62 0 122 538 6 1 5 4 0 
48503 265 228 80 2 234 70 1 98 510 1 1 2 5 0 
48470 282 238 83 1 258 65 1 94 500 1 4 2 1 0 
48495 254 213 84 1 253 56 3 105 523 7 0 3 3 0 
48478 285 212 102 0 264 59 1 98 495 0 0 3 3 0 
48384 288 244 106 0 265 65 1 97 543 3 1 1 2 0 
48386 276 276 81 2 251 68 2 108 537 3 2 3 5 0 
48416 271 234 77 1 268 68 2 98 558 2 1 2 2 0 
48407 265 225 93 2 267 79 0 104 550 1 2 2 3 0 
48472 257 244 85 0 259 48 3 97 526 4 1 2 2 0 
48442 256 254 85 0 244 58 2 109 542 2 1 2 3 0 
48464 259 217 93 1 273 74 0 97 514 4 0 2 2 0 
48469 248 267 92 3 277 47 0 95 495 3 0 1 3 0 
48421 293 224 78 0 258 62 2 101 550 2 2 3 4 0 
48414 270 245 86 2 270 77 2 109 511 3 3 4 4 0 
48463 286 221 96 1 259 56 2 96 509 3 5 2 1 0 
48438 266 246 97 1 242 77 1 96 529 1 3 2 1 0 
48453 273 235 86 1 259 66 3 87 528 2 2 3 1 1 
48388 259 257 95 2 249 58 3 102 575 5 0 3 4 0 
48428 255 254 82 1 265 72 3 102 529 3 2 1 3 0 
48369 262 267 97 0 279 69 0 129 523 4 0 1 0 0 
48429 247 226 78 1 283 63 0 110 553 2 3 1 4 0 
48386 291 286 92 1 253 64 3 85 530 3 2 3 1 0 
48397 304 247 93 2 251 59 5 104 528 0 3 3 4 0 
48450 257 239 77 1 254 70 1 93 550 2 1 0 5 0 
48414 264 257 95 1 277 64 3 99 514 6 1 2 3 0 
48461 282 237 88 0 239 68 4 100 510 4 0 6 1 0 
48370 278 250 84 1 251 58 0 122 575 3 2 4 2 0 
48430 241 260 102 1 259 64 2 94 541 1 0 1 4 0 
48454 275 259 100 1 240 60 1 82 524 1 0 0 3 0 
48499 276 233 83 3 243 69 1 93 489 6 1 2 2 0 
48429 259 230 99 1 281 64 1 99 523 7 2 4 1 0 
48474 255 250 75 1 246 60 1 95 535 2 1 2 3 0 
48424 272 241 96 2 275 67 0 103 513 3 1 2 1 0 
48425 264 280 97 1 255 77 0 96 500 2 0 1 2 0 
48465 253 244 82 3 260 61 2 93 526 2 3 4 2 0 
48337 288 230 93 2 274 64 2 123 580 1 2 3 1 0 
48447 273 237 101 3 253 65 0 95 514 5 1 4 2 0 
48466 275 231 83 2 262 54 1 97 518 4 2 3 2 0 
48457 298 237 86 1 256 60 2 95 497 2 2 2 5 0 
48417 297 247 92 2 261 54 0 121 495 4 3 3 4 0 
48439 265 238 99 0 255 62 0 92 546 1 0 3 0 0 
48480 238 245 86 1 263 75 1 85 519 3 1 1 2 0 
48406 293 254 93 0 269 68 1 100 507 1 2 4 2 0 
48418 273 230 103 2 256 57 3 102 549 2 0 4 1 0 
48436 263 249 90 0 252 72 2 102 524 2 2 3 3 0 
48408 306 231 86 1 250 59 2 105 539 2 1 5 5 0 
48399 287 246 95 1 260 72 1 92 539 3 1 3 1 0 
48444 296 217 76 2 237 67 0 98 554 0 1 3 4 1 
48421 293 237 80 2 287 50 3 85 530 5 1 3 3 0 
48515 260 215 79 0 252 56 1 85 524 2 3 5 3 0 
48366 284 234 80 1 269 62 2 89 604 3 0 5 1 0 
48464 242 227 94 0 276 73 1 99 516 3 0 1 4 0 
48370 290 215 90 2 270 56 1 112 583 3 2 2 4 0 
48470 233 232 94 1 246 74 1 99 544 0 0 2 4 0 
48412 269 240 79 5 269 59 0 105 545 8 1 6 2 0 
48396 254 242 83 1 286 64 2 124 535 3 2 5 3 0 
48364 272 250 98 3 278 74 3 93 558 1 2 2 2 0 
48384 325 231 79 1 256 57 0 106 550 3 0 3 5 0 
48460 263 221 93 1 257 60 0 111 526 4 0 1 3 0 
48423 275 219 91 0 264 69 1 94 554 3 1 2 4 0 
48458 266 226 77 0 248 62 0 113 538 2 3 4 3 0 
48468 283 252 81 3 241 64 2 97 496 5 3 2 3 0 
48395 283 211 89 3 290 62 1 132 520 5 0 2 7 0 
48400 273 235 77 2 286 75 4 114 528 2 2 1 1 0 
48447 283 232 104 2 276 58 1 95 499 0 1 0 2 0 
48451 262 220 79 2 281 64 1 91 537 2 4 3 3 0 
48410 275 264 94 2 255 63 0 117 511 1 3 2 3 0 
48424 301 215 94 0 257 55 3 98 541 4 2 3 3 0 
48446 295 254 71 2 237 72 1 95 518 1 2 2 4 0 
48470 251 252 84 0 270 60 1 90 513 5 2 1 1 0 
48426 279 236 85 3 248 58 0 105 553 3 1 0 3 0 
48448 258 233 97 0 271 58 1 97 524 4 1 3 5 0 
48413 288 236 103 0 284 46 0 109 511 3 1 5 1 0 
48476 253 242 86 2 252 61 0 105 517 1 0 1 4 0 
48452 255 247 77 1 244 66 2 106 544 4 1 0 1 0 
48425 265 248 88 0 259 56 1 105 543 3 3 4 0 0 
48427 270 254 93 2 240 70 3 106 521 4 1 5 4 0 
48469 267 220 80 2 276 68 1 97 508 5 0 5 2 0 
48453 270 248 79 5 273 75 2 96 486 3 1 5 3 1 
48377 283 251 98 1 263 70 1 97 545 3 2 2 7 0 
48466 285 210 94 0 236 66 0 110 526 4 0 1 2 0 
48463 265 211 102 4 234 66 1 101 543 3 4 0 3 0 
48419 239 258 91 1 237 72 0 111 563 3 0 2 4 0 
48445 262 241 78 0 263 57 2 114 528 5 2 2 1 0 
48438 268 236 83 1 280 58 3 100 523 5 1 3 1 0 
48437 285 217 98 0 247 64 1 97 541 2 4 3 4 0 
48440 278 223 81 2 261 77 2 101 523 6 0 5 1 0 
48393 272 248 65 3 278 96 2 102 535 0 0 2 4 0 
48452 282 247 94 4 247 67 0 93 507 4 1 0 2 0 
48405 274 237 89 3 247 77 2 104 552 5 2 3 0 0 
48393 285 233 89 1 277 64 1 107 540 5 3 2 0 0 
48495 250 231 70 2 274 74 0 96 497 5 1 3 2 0 
48494 229 237 74 0 264 60 4 106 519 4 1 4 4 0 
48408 264 226 104 1 262 70 0 102 556 4 0 2 1 0 
48423 238 261 107 1 248 69 1 89 555 5 1 1 1 0 
48423 291 224 95 1 262 60 1 87 547 0 1 3 5 0 
48433 302 228 84 2 230 63 3 115 533 2 2 2 1 0 
48460 240 241 96 3 256 79 2 92 523 5 0 1 2 0 
48404 271 238 108 0 265 68 0 98 538 0 1 7 2 0 
48436 260 246 83 1 273 80 2 114 500 3 1 1 0 0 
48425 288 236 74 1 267 66 1 101 533 3 0 1 4 0 
48464 283 235 94 2 236 53 3 95 528 3 2 2 0 0 
48495 231 232 80 1 232 71 0 115 534 3 0 1 5 0 
48461 260 247 86 2 239 69 1 90 533 3 0 5 4 0 
48520 278 220 94 0 221 66 2 102 492 2 0 1 2 0 
48495 266 183 85 1 260 68 0 89 545 2 2 2 2 0 
48361 288 219 87 1 290 78 1 112 556 3 2 0 2 0 
48454 250 237 96 1 271 63 1 98 518 2 1 5 3 0 
48521 252 235 75 2 243 53 1 102 504 6 1 3 2 0 
48470 264 207 81 3 262 83 0 94 528 4 0 1 3 0 
48396 251 261 91 1 256 77 4 90 560 5 1 4 3 0 
48458 241 254 89 0 233 63 4 98 551 3 2 0 4 0 
48435 268 229 91 3 268 69 0 97 527 7 1 2 3 0 
48438 240 245 96 1 255 65 3 121 530 0 2 3 1 0 
48491 264 248 82 4 241 60 1 100 499 4 3 1 2 0 
48402 284 255 94 0 270 63 2 96 515 8 5 1 5 0 
48476 255 228 87 0 262 68 0 114 504 2 2 2 0 0 
48370 266 244 86 1 273 69 2 109 573 3 1 1 2 0 
48429 269 241 93 1 245 65 0 118 526 5 2 3 3 0 
48465 262 234 99 3 248 61 1 99 519 6 0 0 3 0 
48442 245 218 88 0 261 69 0 109 561 2 1 2 2 0 
48427 288 221 83 1 249 70 0 95 556 2 2 3 3 0 
48406 261 251 97 0 270 61 2 94 550 1 1 3 3 0 
48396 282 238 85 1 248 85 2 110 534 6 6 3 4 0 
48427 275 232 101 2 244 73 0 100 531 5 1 4 5 0 
48425 250 250 89 1 271 55 3 96 551 3 2 3 1 0 
48452 286 217 96 2 250 75 1 84 532 1 2 0 2 0 
48452 269 235 89 1 251 61 2 95 535 7 0 1 2 0 
48435 263 243 84 1 247 56 0 80 575 4 2 4 6 0 
48423 269 261 81 1 298 68 1 94 495 3 1 4 1 0 
48463 257 221 79 2 244 67 1 97 561 3 1 3 1 0 
48402 234 251 97 1 274 72 1 107 551 4 3 2 1 0 
48472 241 245 88 3 241 70 0 110 516 3 1 5 5 0 
48475 258 239 90 2 242 46 2 104 531 4 2 3 2 0 
48428 277 240 77 1 259 59 1 105 542 3 2 3 3 0 
48365 308 233 103 1 278 67 2 93 539 3 2 2 4 0 
48484 247 229 77 0 249 61 2 116 526 2 4 1 2 0 
48394 288 244 91 0 260 66 0 107 544 2 1 2 1 0 
48446 275 243 96 2 237 55 3 93 540 3 2 4 1 0 
48441 286 236 85 1 256 72 0 97 519 2 2 1 2 0 
48391 299 234 87 1 268 49 1 94 565 4 1 2 4 0 
48492 271 251 87 1 233 72 0 91 494 5 0 1 2 0 
48413 265 246 78 3 276 73 2 100 535 4 1 2 2 0 
48404 264 249 100 1 257 75 3 96 541 3 3 4 0 0 
48364 274 253 70 0 246 76 2 117 588 1 3 3 3 0 
48494 264 239 83 0 254 49 0 97 513 1 1 2 3 0 
48415 291 233 98 3 244 72 1 119 514 2 1 3 4 0 
48420 266 272 86 2 263 64 2 106 508 2 1 1 7 0 
48386 300 228 80 2 267 54 2 114 556 3 3 3 2 0 
48436 270 221 76 4 270 64 0 111 542 3 0 2 1 0 
48469 273 220 98 1 247 54 0 107 522 2 1 2 4 0 
48517 245 249 71 0 248 67 2 93 499 3 1 2 3 0 
48478 260 212 84 2 267 60 0 116 508 4 3 3 3 0 
48466 271 210 75 2 282 58 3 83 540 4 0 3 3 0 
48383 268 259 108 0 296 63 0 93 527 2 1 0 0 0 
48447 262 250 79 1 283 66 3 96 504 3 0 3 3 0 
48439 269 261 89 1 265 66 1 92 509 0 1 2 5 0 
48409 263 220 90 1 275 67 0 119 547 1 2 2 4 0 
48486 253 211 95 3 262 48 2 101 532 2 1 1 3 0 
48396 286 250 77 0 253 61 0 99 565 8 2 1 2 0 
48396 298 246 88 0 259 49 3 114 538 3 1 2 3 0 
48430 274 241 82 1 249 75 0 105 537 1 1 3 1 0 
48457 286 245 93 2 234 51 1 88 530 3 3 4 3 0 
48449 285 223 101 3 252 78 0 93 508 3 3 0 2 0 
48409 282 249 85 0 282 75 2 82 531 0 1 1 1 0 
48458 249 249 98 0 253 58 2 98 521 4 3 4 3 0 
48455 254 243 79 1 254 62 1 96 548 2 2 1 2 0 
48438 287 240 81 0 235 82 2 104 525 2 0 1 3 0 
48444 272 217 79 2 277 62 2 84 545 3 5 4 4 0 
48434 276 213 88 1 268 59 1 116 533 3 2 1 5 0 
48431 271 243 80 1 255 59 0 89 567 1 0 2 1 0 
48405 298 274 89 1 247 56 2 104 517 0 0 4 3 0 
48481 261 235 82 2 260 65 2 92 510 2 2 0 6 0 
48444 274 235 72 3 302 58 2 99 507 2 0 0 2 0 
48446 258 243 89 0 252 63 3 106 533 3 0 2 2 0 
48414 299 215 94 0 275 66 3 100 527 4 1 1 1 0 
48394 272 222 89 0 262 67 1 115 568 3 4 3 0 0 
48426 285 250 85 0 257 72 1 108 507 1 2 3 3 0 
48440 261 218 87 3 246 79 2 104 554 0 1 2 3 0 
48482 236 245 105 1 246 62 2 120 487 3 1 3 7 0 
48375 272 229 109 1 298 56 1 112 536 2 1 3 5 0 
48441 267 239 85 1 275 61 3 109 509 1 3 3 3 0 
48441 275 231 98 4 253 59 1 96 526 5 1 3 7 0 
48405 309 237 86 5 247 77 1 104 518 2 2 4 3 0 
48477 268 248 94 1 238 60 2 99 505 4 0 1 3 0 
48465 275 238 95 0 261 69 2 107 480 2 0 3 3 0 
48450 257 219 83 0 264 58 1 92 567 2 2 0 5 0 
48451 250 273 78 3 240 49 1 105 544 4 1 1 0 0 
48468 258 216 86 1 279 67 2 96 522 3 0 1 1 0 
48424 285 240 84 2 272 75 1 98 511 2 1 3 2 0 
48405 268 241 95 2 239 64 1 120 556 1 2 3 3 0 
48396 293 244 83 1 252 69 1 99 554 1 4 1 2 0 
48443 262 227 96 1 238 71 2 124 529 4 0 3 0 0 
48478 273 242 87 2 234 52 1 103 517 5 1 3 2 0 
48448 264 227 88 0 282 62 3 91 523 4 4 1 3 0 
48461 283 213 101 0 258 56 2 89 528 4 0 2 3 0 
48439 272 239 77 1 267 60 1 101 532 5 2 2 2 0 
48467 271 249 76 2 257 72 2 86 506 5 1 4 2 0 
48469 258 237 88 0 231 58 3 92 554 1 1 4 4 0 
48473 269 229 98 0 242 62 0 95 522 3 1 4 2 0 
48483 269 227 65 4 244 62 0 113 519 8 0 3 3 0 
48419 270 245 87 0 273 63 1 84 547 4 2 3 2 0 
48454 264 248 83 1 290 52 3 101 492 8 1 2 1 0 
48528 260 215 78 1 259 57 1 94 499 2 3 0 3 0 
48440 249 225 100 1 256 51 0 95 576 4 0 1 2 0 
48428 282 239 73 2 268 66 0 99 531 5 0 4 3 0 
48456 262 241 87 1 252 61 0 74 556 3 0 5 2 0 
48406 256 247 85 1 259 67 0 94 580 2 0 2 1 0 
48510 248 227 89 1 235 62 2 101 508 5 0 7 5 0 
48428 271 253 91 1 283 61 2 104 500 1 3 1 1 0 
48432 255 234 81 0 269 82 2 104 530 6 0 2 3 0 
48440 281 214 83 1 251 59 1 99 558 3 3 2 5 0 
48453 277 205 87 1 242 64 2 110 548 3 2 2 4 0 
48380 283 242 86 1 280 75 0 96 548 7 0 1 1 0 
48473 245 236 87 1 266 66 0 99 517 4 0 0 6 0 
48420 264 242 86 0 276 69 0 93 539 4 2 1 4 0 
48388 264 241 91 2 270 57 3 110 563 3 3 5 0 0 
48402 283 222 99 1 263 60 2 110 553 1 0 3 1 0 
48513 248 227 82 1 263 63 3 106 486 1 1 4 2 0 
48384 271 259 112 0 230 75 0 96 568 2 0 3 0 0 
48433 270 233 86 2 280 54 2 96 535 4 2 2 1 0 
48458 274 241 100 0 248 57 0 100 516 3 1 0 2 0 
48433 264 224 87 3 263 59 1 104 553 4 0 2 3 0 
48428 290 248 98 0 256 64 1 98 503 6 2 5 1 0 
48437 261 245 94 1 257 52 2 106 534 2 1 1 7 0 
48381 287 231 92 1 271 69 1 108 548 4 1 2 4 0 
48446 273 236 94 1 248 55 3 90 545 4 2 1 2 0 
48472 268 237 80 1 269 53 4 104 509 2 0 0 1 0 
48469 283 233 72 1 243 62 1 88 543 2 0 2 1 0 
48424 261 250 87 2 264 66 2 98 535 4 1 3 3 0 
48404 303 218 76 4 241 67 1 104 569 5 0 3 5 0 
48454 260 247 78 5 252 63 4 96 533 2 1 0 5 0 
48348 289 236 93 3 283 77 4 121 530 6 5 3 2 0 
48428 320 219 99 0 232 63 2 115 510 2 1 7 2 0 
48402 266 257 90 2 269 71 3 105 524 1 3 2 5 0 
