48448 278 239 60 1 241 78 1 119 521 4 4 3 3 0 
48440 307 249 65 1 218 51 1 117 542 6 3 0 0 0 
48457 270 264 68 0 221 68 2 107 534 3 4 1 1 0 
48503 309 215 63 1 234 73 0 102 492 1 1 3 3 0 
48404 270 239 75 0 263 74 2 100 561 3 1 2 6 0 
48423 296 240 72 2 215 70 1 138 540 1 0 1 1 0 
48398 301 241 63 0 229 56 3 127 571 2 3 4 2 0 
48377 345 249 52 0 257 79 3 125 506 4 2 1 0 0 
48382 323 272 70 1 236 57 3 135 513 6 0 1 1 0 
48419 294 226 71 3 230 74 2 131 536 4 5 3 2 0 
48436 274 222 79 1 212 64 1 133 566 6 1 3 2 0 
48390 293 248 52 1 234 81 1 139 548 4 2 6 1 0 
48438 287 241 69 1 231 71 2 132 516 1 3 4 4 0 
48362 309 264 68 1 265 72 1 108 541 6 1 1 1 0 
48433 301 242 61 0 245 47 3 114 541 4 2 5 2 0 
48371 323 240 58 1 233 62 0 127 575 3 2 2 3 0 
48454 286 215 73 1 232 60 1 125 545 1 4 2 1 0 
48456 291 222 59 0 247 79 0 132 506 3 2 2 1 0 
48416 323 212 70 1 233 65 2 118 552 1 2 3 2 0 
48419 271 221 56 3 259 62 0 131 570 0 0 4 4 0 
48537 262 238 43 1 224 63 1 128 491 4 2 2 4 0 
48470 265 228 60 2 225 73 2 123 540 8 1 2 1 0 
48414 302 242 65 4 231 75 2 126 529 2 3 0 5 0 
48423 289 242 67 1 209 67 1 138 551 4 3 2 3 0 
48422 302 261 67 1 213 63 1 148 516 1 1 1 3 0 
48394 302 238 77 2 268 70 2 138 500 5 1 1 2 0 
48440 291 243 67 0 224 64 1 127 535 2 3 1 2 0 
48457 268 214 69 2 244 74 2 119 540 6 2 2 1 0 
48399 301 258 62 3 245 65 0 129 530 5 0 2 1 0 
48491 294 207 82 0 228 52 1 113 524 4 3 1 0 0 
48469 272 228 68 1 232 53 0 116 551 3 0 5 2 0 
48450 285 251 61 1 212 68 1 133 523 3 7 1 4 0 
48351 311 235 67 3 252 78 3 159 528 3 4 5 1 0 
48427 294 214 53 1 220 85 1 128 567 4 3 0 3 0 
48404 289 238 67 1 237 83 2 121 545 2 0 6 5 0 
48452 294 232 66 2 238 65 2 110 533 2 1 1 2 0 
48393 332 230 70 2 224 68 0 148 524 3 1 3 2 0 
48407 285 251 56 2 239 62 0 128 559 3 1 4 3 0 
48353 290 242 67 2 251 73 1 138 572 8 0 2 1 0 
48493 282 247 50 1 204 57 0 131 527 4 0 2 2 0 
48466 306 244 59 2 251 77 0 115 473 3 1 2 1 0 
48417 290 227 63 1 240 71 0 123 561 3 1 3 0 0 
48403 294 221 76 0 247 74 2 131 541 2 0 4 5 0 
48463 319 237 52 1 241 61 0 104 514 0 2 5 1 0 
48433 300 236 61 2 238 60 1 109 551 5 1 1 2 0 
48503 271 226 71 1 226 73 1 117 504 2 1 2 2 0 
48426 311 234 73 2 237 65 0 126 518 4 1 1 2 0 
48393 346 227 77 1 233 68 2 90 554 2 1 3 3 0 
48433 274 222 69 2 249 58 5 130 550 2 1 1 4 0 
48386 294 238 72 0 249 69 1 136 542 4 0 1 8 0 
48488 295 219 75 0 206 64 3 126 519 1 2 2 0 0 
48461 278 212 72 2 228 61 2 132 540 4 1 4 3 0 
48492 251 239 64 0 240 53 0 127 525 6 2 0 1 0 
48397 302 269 74 0 237 57 1 129 518 8 3 4 1 0 
48444 273 232 67 0 232 55 0 129 553 6 3 4 2 0 
48446 303 233 64 0 224 67 4 120 535 1 0 2 1 0 
48372 295 228 67 1 265 58 6 149 551 3 2 1 2 0 
48418 288 253 60 1 224 80 0 125 535 5 1 4 6 0 
48401 271 268 85 1 240 60 1 124 539 6 0 0 4 0 
48413 299 232 66 0 253 74 3 118 540 1 0 1 0 0 
48442 288 253 72 2 257 62 5 110 500 1 2 4 2 0 
48429 308 205 61 1 244 55 2 125 559 2 0 4 5 0 
48469 277 261 58 1 218 66 0 130 513 3 0 2 2 0 
48432 288 243 61 0 252 59 1 128 526 5 3 2 0 0 
48410 294 220 72 3 232 84 0 146 532 4 1 1 1 0 
48487 281 220 76 0 248 62 0 111 507 4 0 2 2 0 
48387 269 266 63 1 244 62 1 124 573 3 2 0 5 0 
48444 271 229 69 0 245 62 2 118 549 4 0 5 2 0 
48491 290 238 66 3 201 71 2 124 507 1 1 1 4 0 
48498 297 241 64 4 228 52 2 107 497 4 1 2 3 0 
48491 299 246 65 0 210 67 0 124 482 6 2 3 5 0 
48383 312 259 75 1 233 60 3 135 526 8 1 2 2 0 
48454 284 238 61 1 226 63 1 131 531 8 1 1 0 0 
48463 264 232 78 0 237 59 1 123 534 5 2 2 0 0 
48476 286 196 60 0 244 69 3 119 530 5 2 9 1 0 
48508 307 243 56 2 223 54 1 95 500 3 0 5 3 0 
48444 318 260 59 1 222 54 3 133 500 2 2 1 1 0 
48430 301 229 74 0 249 55 0 123 527 6 1 4 1 0 
48448 300 235 64 1 245 65 0 122 510 3 3 2 2 0 
48453 298 245 69 2 221 66 2 127 510 2 1 2 2 0 
48501 293 223 68 4 221 69 1 105 504 4 2 2 3 0 
48394 311 227 67 1 245 66 2 124 553 2 2 4 2 0 
48411 306 240 58 0 233 84 1 107 549 2 1 2 6 0 
48414 302 258 64 0 251 54 2 131 519 1 1 1 2 0 
48433 285 261 63 1 230 67 1 124 527 3 2 2 1 0 
48410 277 243 69 3 243 60 1 141 546 3 1 1 2 0 
48424 293 248 70 2 221 68 1 120 540 4 2 2 5 0 
48465 269 226 61 1 200 76 2 134 560 3 0 0 3 0 
48452 304 214 66 0 224 51 0 135 539 7 0 2 6 0 
48449 267 237 59 1 262 63 4 106 543 5 2 1 1 0 
48437 283 267 49 1 220 64 2 125 542 2 2 2 4 0 
48407 321 236 61 2 242 51 1 132 537 4 2 2 2 0 
48421 288 223 75 2 243 71 1 127 542 3 3 0 1 0 
48435 297 217 68 1 255 73 4 119 519 3 4 2 3 0 
48484 287 223 59 2 218 62 0 135 522 3 2 2 1 0 
48441 322 228 68 1 238 59 3 116 514 3 3 2 2 0 
48406 311 250 75 3 230 59 1 148 510 0 2 1 4 0 
48376 319 257 59 2 252 70 1 136 519 5 1 1 2 0 
48436 288 235 60 0 224 62 0 119 568 2 1 2 3 0 
48469 258 245 66 1 222 66 1 130 536 2 0 0 4 0 
48435 283 233 60 2 219 57 1 141 556 5 1 4 3 0 
48478 276 239 55 1 235 54 1 124 528 4 0 1 4 0 
48417 283 232 77 1 242 50 3 132 556 2 0 3 2 0 
48464 261 216 51 0 231 65 1 132 566 1 1 6 5 0 
48399 285 232 53 3 260 59 2 135 564 3 1 2 2 0 
48448 297 235 67 1 240 53 0 138 518 1 0 2 0 0 
48475 297 233 64 3 250 56 1 104 512 1 1 3 0 0 
48487 266 251 52 0 253 62 3 117 500 4 2 2 1 0 
48419 326 231 61 1 241 76 1 119 514 5 1 3 2 0 
48427 288 227 59 2 226 72 0 122 569 2 3 2 1 0 
48523 257 226 61 0 236 52 0 115 523 2 0 2 3 0 
48458 300 233 48 1 235 66 0 120 526 6 1 3 2 1 
48458 284 227 71 3 243 62 2 119 522 3 1 3 2 0 
48427 288 252 58 5 218 62 2 117 562 3 0 3 3 0 
48371 318 263 75 0 210 61 1 128 563 6 0 1 3 0 
48361 322 258 56 0 261 67 2 111 553 2 3 2 2 0 
48367 290 250 65 2 232 86 1 129 566 5 2 4 1 0 
48480 276 255 66 0 222 69 3 117 498 6 3 2 3 0 
48407 280 242 67 2 219 59 0 146 568 5 0 2 3 0 
48452 287 252 64 0 261 70 2 109 495 3 1 3 1 0 
48477 278 252 53 1 237 56 3 118 519 2 1 0 3 0 
48404 284 262 62 0 215 60 0 129 575 5 0 1 3 0 
48515 288 226 66 1 205 57 1 106 526 4 2 0 3 0 
48482 272 215 64 2 203 78 1 140 529 4 0 5 5 0 
48378 312 242 67 0 213 57 1 142 579 3 0 4 2 0 
48416 295 258 75 1 232 56 2 116 543 3 1 1 1 0 
48439 287 247 55 3 221 73 2 138 526 3 1 4 1 0 
48435 289 254 54 1 237 68 2 134 512 7 1 4 2 0 
48428 281 252 61 2 226 59 2 127 547 4 4 5 2 0 
48393 299 232 63 0 241 77 3 138 544 3 1 1 5 0 
48441 316 233 64 0 233 73 2 116 504 8 3 2 5 0 
48458 312 220 65 1 217 61 3 113 540 6 0 2 2 0 
48465 285 237 62 2 248 70 4 116 503 4 2 1 1 0 
48437 281 243 56 0 232 65 2 124 555 3 0 2 0 0 
48458 289 222 64 2 251 67 1 115 524 2 1 1 3 0 
48415 310 218 68 3 241 70 2 130 526 4 4 6 3 0 
48499 262 234 60 2 228 62 3 120 520 4 0 5 1 0 
48360 296 262 67 0 262 53 0 136 552 5 2 1 4 0 
48447 296 227 68 2 213 66 0 111 557 3 3 5 2 0 
48403 294 236 64 0 263 58 2 137 533 2 2 4 2 0 
48510 246 213 75 1 228 70 1 119 526 3 1 4 3 0 
48442 301 220 62 1 259 73 2 131 503 3 0 0 3 0 
48486 259 233 76 2 230 54 0 122 528 1 2 5 2 0 
48498 288 206 58 1 233 57 2 120 532 2 0 0 3 0 
48448 289 236 67 0 234 66 1 117 536 3 0 1 2 0 
48414 297 230 57 1 239 64 1 116 575 2 1 3 0 0 
48411 301 251 77 0 212 54 1 124 561 4 1 2 1 0 
48398 296 225 84 0 217 63 0 125 585 1 1 4 1 0 
48451 303 229 58 1 233 53 2 128 524 8 3 4 3 0 
48438 289 240 77 0 223 55 1 113 556 4 1 2 1 0 
48364 283 266 82 3 252 52 1 122 570 0 2 2 1 0 
48437 276 206 60 2 220 72 2 140 574 5 1 4 1 0 
48422 302 252 82 0 237 58 1 112 520 3 1 6 4 0 
48429 304 251 74 0 228 52 5 123 523 3 2 1 5 0 
48420 301 242 58 2 245 66 0 119 534 6 1 4 2 0 
48385 322 232 53 3 254 55 1 122 566 1 1 4 1 0 
48424 304 206 70 2 237 57 3 138 552 0 2 2 3 0 
48435 292 232 70 2 230 52 2 127 553 2 1 1 1 0 
48352 282 250 76 1 250 73 4 122 579 8 2 1 0 0 
48449 296 227 71 0 240 54 1 118 531 2 3 5 3 0 
48431 332 224 68 1 220 54 1 131 528 3 0 0 7 0 
48422 282 221 58 3 251 68 0 134 551 5 1 4 0 0 
48411 291 250 57 2 261 69 1 123 526 1 3 3 2 0 
48445 278 226 63 1 261 63 2 113 535 7 1 3 2 0 
48451 313 229 56 0 230 66 4 110 530 5 2 3 1 0 
48468 309 229 60 1 215 60 0 127 523 4 0 3 1 0 
48411 301 248 62 0 251 71 1 130 516 3 1 2 3 0 
48448 250 230 66 4 287 63 2 123 515 5 0 4 3 0 
48387 285 232 88 1 253 60 3 112 567 6 1 3 2 0 
48411 301 266 73 1 235 64 0 119 521 3 0 2 4 0 
48501 258 246 67 0 224 64 2 124 503 5 1 3 2 0 
48458 286 236 50 1 246 66 0 123 523 5 2 3 1 0 
48510 266 211 52 1 256 49 1 141 503 4 1 2 3 0 
48490 300 223 89 2 234 62 3 111 478 2 2 1 3 0 
48395 305 237 63 1 249 63 0 136 536 7 1 4 3 0 
48465 305 198 56 2 252 54 1 127 532 3 1 4 0 0 
48450 301 250 66 1 236 54 2 118 513 0 3 3 3 0 
48417 291 235 56 0 257 73 1 135 522 3 4 4 2 0 
48415 300 249 55 2 252 58 0 129 531 5 1 2 1 0 
48446 305 237 58 3 226 63 1 106 549 3 0 3 0 0 
48391 294 235 67 2 251 67 2 144 541 2 0 3 1 0 
48441 290 249 56 2 241 66 1 124 525 1 0 2 2 0 
48430 303 247 67 3 238 52 0 110 544 1 1 4 0 0 
48458 291 248 65 2 217 66 1 120 529 0 0 2 1 0 
48409 304 225 63 0 247 66 1 126 548 3 1 4 3 0 
48427 306 233 68 2 231 58 0 116 547 6 2 2 2 0 
48403 305 224 85 0 258 68 3 104 542 3 3 1 1 0 
48360 339 266 62 0 242 62 2 144 517 3 0 3 0 0 
48444 300 198 61 3 214 81 3 123 565 4 3 0 1 0 
48464 267 234 72 1 222 62 1 122 544 2 1 6 2 0 
48544 279 234 57 0 241 62 1 109 461 5 2 3 2 0 
48459 286 234 58 0 208 55 0 133 547 7 2 5 6 0 
48451 297 221 70 2 246 53 3 104 535 4 2 9 3 0 
48399 306 258 81 0 240 55 2 122 529 4 0 2 2 0 
48390 299 264 65 1 216 57 2 121 574 4 1 4 2 0 
48398 306 251 54 0 269 64 1 119 527 1 4 4 2 0 
48394 291 229 82 1 258 58 0 126 555 2 1 1 2 0 
48411 299 244 70 1 248 64 1 151 499 6 0 2 4 0 
48464 290 239 68 1 228 72 1 141 484 2 3 3 4 0 
48457 288 254 59 0 231 74 1 120 502 7 2 2 3 0 
48492 266 237 55 1 226 62 2 124 526 7 0 1 1 0 
48425 300 244 72 1 241 60 1 112 533 4 0 5 2 0 
48443 285 245 74 0 219 59 2 128 533 3 2 6 1 0 
48500 293 214 54 3 232 63 1 123 506 4 0 5 2 0 
48419 280 240 59 1 265 68 0 115 545 2 1 2 3 0 
48494 293 202 54 4 244 53 0 112 535 2 1 5 1 0 
48441 296 233 60 1 219 61 0 133 548 1 3 3 1 0 
48460 294 236 56 2 242 58 1 109 528 3 3 1 6 1 
48445 287 240 67 2 225 55 1 127 542 4 1 2 2 0 
48397 319 229 66 1 227 60 2 130 554 4 5 4 2 0 
48427 283 244 52 0 221 68 1 144 555 0 2 2 1 0 
48476 301 224 56 1 216 70 2 95 551 1 3 1 3 0 
48456 290 238 61 0 244 73 0 134 495 3 1 2 3 0 
48505 276 231 68 2 222 67 1 99 512 1 7 4 5 0 
48454 280 253 70 1 240 54 3 127 509 1 2 3 3 0 
48435 279 259 57 2 222 84 2 131 524 4 1 0 0 0 
48371 298 257 61 2 253 62 1 133 553 3 1 2 3 0 
48465 274 229 60 1 221 64 1 136 537 5 1 4 2 0 
48481 281 242 60 0 240 54 0 123 510 3 2 2 2 0 
48421 296 238 59 1 242 51 2 151 529 5 2 1 2 0 
48323 290 254 74 3 277 70 2 138 560 4 2 1 2 0 
48432 271 238 73 1 236 74 2 140 526 5 0 1 1 0 
48410 310 223 58 1 241 73 1 140 537 2 0 3 1 0 
48443 273 231 56 1 249 69 3 131 536 3 3 0 2 0 
48493 302 221 62 3 212 61 0 107 533 3 1 2 0 0 
48424 310 228 54 2 251 65 2 147 508 1 0 5 3 0 
48502 266 248 60 2 241 66 2 118 486 2 0 2 4 1 
48459 291 251 59 4 221 79 1 108 524 1 0 0 2 0 
48473 288 247 62 3 248 58 0 119 496 3 0 1 2 0 
48451 276 222 65 0 211 77 2 114 569 4 2 6 1 0 
48431 289 231 71 0 237 76 2 144 511 3 3 0 2 0 
48477 320 212 57 4 234 74 1 114 491 5 2 5 4 0 
48426 295 228 82 1 249 63 1 137 512 2 0 2 2 0 
48429 294 250 69 0 228 68 2 132 521 3 3 1 0 0 
48441 279 252 67 0 236 73 1 130 513 2 0 2 4 0 
48489 293 211 58 2 221 66 3 101 548 1 1 2 4 0 
48438 267 249 72 0 248 72 0 159 478 8 1 6 2 0 
48426 281 235 60 2 261 69 0 125 531 2 3 2 3 0 
48392 293 248 77 0 250 68 3 123 532 10 1 2 1 0 
48440 326 211 70 4 210 74 2 125 524 4 2 4 4 0 
48451 311 212 75 1 236 74 2 124 506 4 2 1 1 0 
48409 291 253 69 2 237 64 0 118 550 1 1 2 3 0 
48452 296 234 72 2 237 60 2 131 505 7 1 0 1 0 
48426 283 264 56 2 256 60 1 126 515 3 2 5 1 0 
48423 287 225 49 1 249 63 3 128 565 2 0 1 4 0 
48424 301 229 63 0 249 66 0 132 524 4 2 4 2 0 
48450 293 241 58 2 235 70 2 121 519 3 2 2 2 0 
48382 318 213 63 0 255 73 0 118 571 4 0 1 2 0 
48455 295 242 68 0 240 61 1 129 502 0 2 2 3 0 
48402 300 245 65 1 235 64 0 122 554 4 0 5 3 0 
48357 310 240 59 3 246 72 1 136 564 5 5 1 1 0 
48431 283 254 64 2 227 67 2 123 536 4 1 1 5 0 
48425 297 224 64 1 272 59 3 120 523 4 4 3 1 0 
48467 292 214 67 2 235 71 1 106 531 8 2 1 3 0 
48511 244 224 68 1 246 68 2 127 504 1 1 2 1 0 
48427 291 211 65 0 216 61 1 134 581 5 0 3 5 0 
48424 312 234 60 0 257 67 2 123 514 4 1 1 1 0 
48435 301 256 67 2 233 62 1 125 510 3 0 3 2 0 
48432 285 238 60 1 225 62 1 132 552 2 2 4 4 0 
48448 259 245 75 1 245 55 1 124 542 3 0 1 1 0 
48460 293 209 53 2 238 69 1 125 543 3 1 1 2 0 
48421 278 234 62 4 264 55 3 122 546 4 1 4 2 0 
48429 292 239 69 1 232 59 3 129 533 6 1 3 4 0 
48458 294 226 67 2 233 57 2 125 528 4 0 1 3 0 
48471 291 229 61 1 231 72 1 117 519 1 1 2 3 0 
48475 259 209 74 2 236 57 2 119 554 6 2 3 2 0 
48440 318 220 59 3 249 69 0 116 519 0 3 1 3 0 
48432 249 216 79 1 244 69 1 133 564 2 0 3 7 0 
48441 298 230 56 0 234 58 2 137 530 4 3 3 4 0 
48448 288 265 64 2 213 67 0 110 531 3 3 3 3 0 
48475 289 239 71 3 226 69 1 115 505 1 1 5 0 0 
48461 302 240 50 2 237 61 3 132 502 1 6 1 2 0 
48429 304 249 57 0 252 50 1 113 534 5 0 2 4 0 
48481 275 224 77 2 220 64 3 117 525 9 1 1 1 0 
48489 279 211 66 1 228 69 2 117 529 5 2 2 0 0 
48421 283 234 82 2 217 81 3 136 529 7 3 1 1 0 
48388 306 209 64 0 237 65 2 152 563 7 3 1 3 0 
48379 322 243 57 2 249 63 0 116 556 4 2 5 2 0 
48553 278 216 60 3 212 62 1 96 510 1 3 3 2 0 
48478 290 214 74 4 237 61 3 120 515 1 2 1 0 0 
48464 263 218 65 3 247 72 3 119 537 5 0 2 2 0 
48388 264 227 70 0 271 68 0 150 549 6 1 3 3 0 
48435 341 257 54 1 240 74 4 112 472 4 2 2 2 0 
48461 273 241 57 0 240 66 0 130 523 4 3 1 1 0 
48504 284 234 64 2 219 58 1 121 502 6 2 2 1 0 
48446 306 237 78 1 210 67 1 128 518 1 1 1 5 0 
48449 292 225 69 1 222 61 0 117 552 5 1 4 2 0 
48504 286 239 61 0 190 67 1 123 521 2 1 1 4 0 
48459 268 234 68 1 238 69 0 143 510 4 1 2 3 0 
48410 299 233 62 0 227 69 0 131 563 1 1 2 2 0 
48475 264 222 68 4 245 72 0 129 511 2 2 4 2 0 
48408 274 229 73 2 267 78 2 115 542 3 1 3 3 0 
48434 290 229 52 1 231 62 2 129 559 3 2 2 4 0 
48391 309 244 73 1 222 60 2 129 563 4 0 2 0 0 
48498 269 230 70 3 242 57 4 108 510 4 1 3 1 0 
48451 282 223 82 2 229 74 2 115 528 5 2 1 4 0 
48475 283 235 57 0 227 58 2 151 498 5 0 3 6 0 
48425 309 228 62 1 259 64 2 129 506 2 2 5 6 0 
48530 268 209 55 1 222 56 1 121 529 2 0 4 2 0 
48414 328 232 65 1 204 70 0 137 540 4 1 1 3 0 
48425 289 245 55 0 245 66 3 122 544 2 1 2 1 0 
48473 285 221 73 2 235 80 0 123 497 1 5 1 4 0 
48380 319 231 78 1 246 63 2 130 534 7 2 4 3 0 
48447 311 230 69 1 213 64 1 121 531 5 0 3 4 0 
48382 319 234 68 0 224 72 2 136 560 2 0 0 1 0 
48369 332 239 61 1 237 58 2 129 559 4 5 1 3 0 
48472 262 237 66 0 224 60 1 109 560 5 0 0 4 0 
48414 278 247 64 0 264 57 2 140 527 4 0 1 2 0 
48463 274 220 64 0 231 79 0 113 545 5 0 1 5 0 
48427 303 247 59 1 237 62 1 137 516 3 3 3 1 0 
48417 299 223 59 2 214 77 3 123 569 4 2 5 3 0 
48402 309 230 57 3 254 69 2 139 525 6 0 3 1 0 
48464 292 233 57 3 233 63 2 127 518 2 3 0 3 0 
48424 320 235 74 1 227 57 2 116 534 6 2 2 0 0 
48462 309 214 63 2 215 50 1 139 536 5 3 1 0 0 
48462 282 225 64 1 251 63 1 125 520 2 0 1 3 0 
48418 300 246 57 0 247 73 0 121 523 5 1 3 6 0 
48439 301 219 69 1 254 68 2 122 512 4 1 4 4 0 
48450 313 218 70 3 234 60 3 145 494 3 2 2 3 0 
48465 286 198 63 0 234 74 0 124 545 4 1 4 2 0 
48449 314 237 71 1 197 54 3 140 530 2 0 1 1 0 
48472 280 230 54 1 235 70 4 119 526 4 1 0 4 0 
48456 300 207 55 4 279 54 4 115 517 2 3 2 2 0 
48459 314 226 57 2 226 71 1 116 523 1 0 2 2 0 
48405 278 217 66 2 267 81 1 118 558 1 2 3 1 0 
48425 293 238 66 2 255 79 0 109 524 3 1 2 3 0 
48399 331 240 48 1 234 64 2 117 552 8 1 1 2 0 
48439 266 243 75 1 242 68 1 109 544 3 2 3 4 0 
48423 302 229 56 0 253 59 1 117 549 5 1 1 4 0 
48422 278 253 54 3 244 69 4 133 531 3 2 3 1 0 
48390 292 267 63 2 257 68 2 127 525 2 2 2 1 0 
48457 291 229 69 0 215 73 2 104 553 1 1 3 2 0 
48442 287 231 59 1 245 65 2 120 543 2 0 1 2 0 
48361 299 217 62 2 266 82 1 119 579 4 2 4 2 0 
48443 285 249 71 0 231 57 1 126 529 2 1 5 0 0 
48402 297 224 61 1 241 62 1 140 562 4 1 0 4 0 
48391 316 250 55 2 221 75 1 129 551 5 0 3 1 0 
48470 297 223 67 2 229 63 4 105 535 2 2 1 0 0 
48416 307 236 62 1 251 72 2 114 529 4 1 2 3 0 
48462 288 240 71 0 222 61 0 128 517 2 1 4 4 0 
48416 308 243 69 0 219 73 1 143 523 2 1 1 1 0 
48433 296 217 61 1 245 52 2 113 570 2 1 5 2 0 
48464 293 243 57 0 250 61 3 130 491 0 4 2 2 0 
48449 281 234 59 0 221 76 0 114 558 2 2 1 3 0 
48397 304 232 74 2 232 64 2 132 555 2 2 1 1 0 
48415 295 227 58 1 251 62 1 132 545 3 1 4 5 0 
48356 331 218 72 2 262 70 2 137 538 3 1 4 4 0 
48445 279 232 65 0 233 60 1 138 540 3 2 1 1 0 
48508 273 216 74 0 209 56 0 140 515 3 0 4 2 0 
48431 285 253 74 1 243 59 1 117 523 5 3 3 2 0 
48402 305 219 77 3 231 85 3 136 531 0 1 5 2 0 
48355 300 250 65 0 245 65 2 145 556 6 4 4 3 0 
48459 260 233 59 3 214 61 1 149 549 4 2 1 5 0 
48469 310 214 56 1 248 62 2 116 518 1 0 3 0 0 
48469 277 255 61 1 219 69 2 102 531 3 3 6 2 0 
48402 332 226 76 2 233 69 3 114 531 5 3 3 1 0 
48494 277 207 60 2 222 62 0 119 548 1 1 2 5 0 
48477 263 244 71 0 227 53 1 114 539 4 3 2 2 0 
48428 282 272 71 0 230 56 3 139 512 4 1 0 2 0 
48413 278 220 66 0 238 58 2 126 589 2 2 4 2 0 
48467 259 241 55 0 245 65 1 142 519 2 1 2 1 0 
48453 329 220 76 4 219 66 0 145 479 5 0 3 1 0 
48387 287 228 67 0 255 74 1 133 554 9 1 1 3 0 
48413 306 237 56 1 249 62 1 131 533 2 1 3 5 0 
48469 310 231 56 0 223 76 3 106 515 6 1 2 2 0 
48479 267 239 52 1 245 58 1 124 525 5 1 3 0 0 
48406 294 230 68 3 239 67 2 126 551 7 2 2 3 0 
48312 308 260 73 0 256 62 1 161 558 4 3 0 2 0 
48353 265 248 66 1 275 72 2 145 566 4 2 0 1 0 
48418 300 260 59 0 238 78 1 119 513 2 1 6 5 0 
48408 259 257 59 3 241 53 2 138 573 4 0 1 2 0 
48393 294 212 65 2 270 73 0 137 546 5 1 1 1 0 
48453 298 233 57 3 242 71 3 127 500 4 2 3 4 0 
48365 316 260 69 1 249 56 1 102 575 2 2 1 1 0 
48402 274 241 63 3 265 77 1 142 520 5 2 1 4 0 
48437 308 233 55 2 227 56 2 118 555 3 0 2 2 0 
48401 294 242 74 3 277 66 1 141 493 2 3 1 2 0 
48465 270 232 58 1 234 52 0 114 563 4 0 4 3 0 
48469 297 209 60 0 227 54 1 126 547 2 1 5 2 0 
48442 277 225 69 1 225 74 0 123 552 5 2 2 3 0 
48455 304 241 63 3 237 53 1 103 532 2 2 1 3 0 
48395 278 253 75 1 259 66 2 98 562 4 5 2 0 0 
48449 309 224 63 3 263 49 1 123 507 4 0 3 2 0 
48291 332 242 80 2 272 77 2 131 562 5 2 1 1 0 
48366 313 242 73 4 227 65 0 158 542 6 0 3 1 0 
48509 304 201 62 2 244 56 3 129 483 3 1 3 0 0 
48424 306 211 69 1 244 64 0 110 559 7 0 4 1 0 
48459 291 219 76 2 232 61 2 136 511 4 1 3 3 0 
48475 313 239 65 1 214 59 5 124 495 4 2 3 1 0 
48440 298 230 84 2 219 49 2 118 545 6 4 1 2 0 
48478 274 214 62 2 230 68 0 136 526 3 2 3 2 0 
48392 314 233 58 0 243 77 0 122 552 4 3 1 1 0 
48428 303 263 66 4 222 68 1 123 516 3 0 2 1 0 
48387 283 230 76 1 240 76 2 131 568 1 2 0 3 0 
48454 294 229 62 3 241 69 3 115 521 4 0 4 1 0 
48468 275 219 66 0 210 55 1 139 563 3 0 1 0 0 
48432 297 235 70 2 220 73 2 116 541 6 3 2 1 0 
48422 291 257 72 2 235 71 2 130 507 4 0 6 1 0 
48420 313 238 52 1 241 64 3 117 540 6 1 1 3 0 
48428 292 215 76 1 237 85 2 127 534 0 1 1 1 0 
48424 314 261 72 2 232 58 1 132 500 2 2 0 0 0 
48400 306 253 62 1 229 54 1 114 572 2 1 3 2 0 
48414 319 243 61 1 219 77 1 111 541 6 3 4 0 0 
48382 293 228 68 0 257 77 1 127 559 3 1 3 1 0 
48421 277 236 77 0 232 71 2 110 563 5 2 0 4 0 
48453 328 221 65 0 221 70 3 116 517 3 2 0 1 0 
48397 305 209 91 0 225 65 1 126 567 3 2 4 5 0 
48430 302 233 55 1 243 75 2 127 523 3 1 3 2 0 
48462 311 241 63 0 218 62 2 119 511 6 1 2 2 0 
48360 323 236 68 3 248 69 1 129 555 1 2 3 2 0 
48423 318 232 70 2 253 74 1 121 497 5 0 2 2 0 
48461 298 207 67 2 218 63 2 134 540 5 1 2 0 0 
48453 297 239 50 3 244 57 0 136 516 2 0 3 0 0 
48398 286 235 72 2 240 79 3 135 543 3 1 0 3 0 
48428 295 237 67 1 226 65 4 128 542 5 1 1 0 0 
48378 308 260 61 2 235 59 0 131 561 1 1 1 2 0 
48426 305 269 65 1 230 64 1 113 520 1 1 3 1 0 
48482 266 243 71 1 250 68 1 106 500 5 2 1 3 1 
48488 274 246 65 3 230 53 1 119 510 4 3 3 1 0 
48434 272 226 57 0 247 49 1 143 567 0 1 2 1 0 
48505 279 225 59 2 209 58 2 132 517 6 0 2 4 0 
48433 278 218 75 1 238 70 4 135 540 2 0 5 1 0 
48396 314 255 75 1 237 63 1 143 506 3 2 0 4 0 
48509 271 215 74 4 208 58 2 125 525 4 1 2 2 0 
48434 291 237 69 1 218 75 0 148 517 3 2 2 3 0 
48395 290 264 87 1 234 73 2 129 510 6 2 4 3 0 
48354 330 238 76 0 266 52 1 119 553 5 2 0 4 0 
48370 319 243 48 0 240 71 0 127 572 5 0 2 3 0 
48455 274 219 70 0 231 67 2 134 535 4 4 3 2 0 
48383 320 227 77 1 248 74 1 127 533 0 1 4 3 1 
48418 319 238 67 2 231 65 0 131 517 4 3 2 3 0 
48452 305 236 64 1 218 56 4 141 515 3 0 2 3 0 
48471 291 228 49 5 222 78 1 138 508 6 2 1 0 0 
48406 266 262 70 2 244 65 2 124 549 6 2 2 0 0 
48398 287 260 65 0 235 68 2 129 541 5 3 2 5 0 
48398 290 249 67 1 247 66 2 138 534 5 2 1 0 0 
48458 309 224 61 1 229 67 1 115 522 3 5 3 2 0 
48416 298 267 52 2 247 67 2 115 524 7 0 3 0 0 
48467 314 256 51 2 212 85 1 111 495 2 0 2 2 0 
48378 302 225 72 0 257 76 0 125 552 4 1 5 3 0 
48477 298 219 63 1 268 49 0 99 522 3 1 0 0 0 
48490 304 209 63 0 216 63 1 128 517 4 0 2 3 0 
48390 310 216 62 2 255 65 0 128 563 2 0 2 5 0 
48499 290 232 73 0 186 69 4 118 517 7 3 1 1 0 
48462 300 203 63 1 243 67 1 122 526 4 3 2 3 0 
48445 272 240 79 4 246 58 1 128 515 3 2 3 4 0 
48394 315 219 69 1 236 57 0 137 558 10 0 2 2 0 
48408 299 232 78 3 221 63 4 128 557 2 1 2 2 0 
48399 324 228 56 2 228 63 1 134 553 6 1 2 3 0 
48449 305 221 67 1 253 55 2 114 527 1 2 1 2 0 
48542 289 208 68 0 221 69 1 113 479 2 3 3 2 0 
48413 300 217 68 3 235 56 0 111 588 5 1 3 0 0 
48449 306 231 72 2 224 68 0 128 511 2 1 2 4 0 
48434 285 248 71 1 243 57 1 140 514 4 0 1 1 0 
48441 294 239 56 2 244 65 2 122 524 5 0 2 4 0 
48401 308 234 80 2 257 61 0 131 516 3 1 3 3 0 
48464 289 223 66 0 237 61 0 122 530 2 0 3 3 0 
48376 292 231 69 2 245 79 2 128 561 4 0 5 6 0 
48450 290 233 72 4 219 53 3 109 556 3 2 4 2 0 
48429 296 223 74 2 271 61 1 122 517 1 1 1 1 0 
48410 289 231 65 1 244 63 4 150 533 1 2 3 4 0 
48409 288 253 68 1 243 64 1 127 538 3 2 3 0 0 
48492 293 235 55 2 215 65 5 116 513 3 2 1 3 0 
48419 294 235 59 2 219 79 1 137 547 1 1 2 4 0 
48440 306 226 51 3 225 81 0 134 529 0 2 1 2 0 
48361 318 241 53 0 239 62 2 146 568 1 4 3 2 0 
48325 347 249 61 4 224 69 1 133 576 4 1 5 1 0 
48470 297 236 65 1 214 58 1 131 521 1 1 2 2 0 
48378 316 230 64 3 265 81 0 134 520 4 1 1 3 0 
48539 272 234 70 1 230 61 0 123 463 3 0 1 3 0 
48403 334 258 70 2 230 63 1 133 499 2 2 0 3 0 
48420 297 218 66 3 231 76 1 101 574 5 3 3 2 0 
48511 282 228 67 0 241 77 1 117 468 4 1 0 3 0 
48456 284 225 70 1 257 64 1 119 514 1 0 5 3 0 
48435 293 241 56 0 250 57 1 143 518 2 0 2 2 0 
48439 283 231 60 0 245 71 0 112 546 3 2 5 3 0 
48433 296 234 60 1 273 65 2 126 500 3 3 1 3 0 
48452 277 259 60 2 232 62 1 125 524 2 2 2 0 0 
48431 284 238 65 1 230 78 0 117 553 0 0 3 0 0 
48424 272 248 70 2 227 62 1 121 558 8 3 3 1 0 
48433 287 234 59 2 226 65 2 125 554 4 2 3 4 0 
48395 309 248 76 3 229 75 1 145 513 3 1 0 2 0 
48438 302 226 66 1 230 70 0 107 544 8 5 1 2 0 
48421 292 226 59 1 236 68 0 128 561 4 1 2 1 0 
48460 259 234 68 2 241 52 1 118 555 3 2 3 2 0 
48447 283 223 59 1 252 61 3 148 512 6 2 0 3 0 
48408 273 230 84 0 238 79 1 125 552 3 1 4 2 0 
48385 315 247 69 1 246 77 0 103 548 5 0 3 1 0 
48467 280 229 68 0 233 68 1 128 515 4 1 2 4 0 
48398 290 225 70 3 271 80 1 117 531 4 0 4 6 0 
48396 293 259 64 2 244 77 2 125 528 4 0 2 4 0 
48403 298 242 62 0 260 64 2 120 538 3 2 1 5 0 
48470 302 245 61 0 212 52 1 130 519 4 1 3 0 0 
48444 287 239 67 5 225 65 4 112 537 9 1 3 2 0 
48384 310 215 71 1 252 91 2 134 529 3 2 3 3 0 
48471 276 217 65 1 234 53 1 137 534 4 2 1 4 0 
48495 293 224 71 1 225 58 2 122 499 6 0 2 2 0 
48424 308 248 56 2 220 66 1 124 541 1 3 4 2 0 
48391 306 234 62 1 270 72 2 121 531 5 0 2 3 0 
48388 289 259 70 0 220 68 1 114 580 3 2 2 4 0 
