96941 545 486 131 1 475 110 2 247 1036 8 4 6 8 0 
96832 592 525 132 5 474 129 1 214 1077 6 2 5 6 0 
96795 572 502 147 1 500 145 2 253 1068 2 4 5 4 0 
96814 595 513 144 2 463 151 0 228 1070 8 4 2 5 1 
96714 578 522 156 3 473 148 3 225 1161 8 2 1 6 0 
96837 594 485 154 3 490 130 3 260 1025 6 3 2 8 0 
96836 567 489 135 2 502 140 4 266 1035 11 2 6 5 0 
96728 650 498 149 2 493 121 8 233 1097 7 2 8 4 0 
96828 562 448 129 1 519 125 3 251 1115 7 4 3 5 0 
96913 570 484 143 2 461 133 2 242 1032 8 3 3 4 0 
96853 577 507 135 4 470 133 5 245 1052 5 2 6 6 0 
96880 540 466 161 3 464 113 3 252 1098 10 1 6 3 0 
96842 578 454 162 2 491 122 3 244 1088 5 2 4 3 0 
96846 545 502 140 3 481 151 2 247 1063 8 0 8 4 0 
96925 573 428 143 1 518 133 1 203 1053 6 6 2 8 0 
96869 554 482 125 2 445 106 3 222 1174 8 0 6 4 0 
96955 507 488 107 2 510 115 5 217 1075 4 2 8 5 0 
96790 581 485 127 4 508 128 3 220 1135 3 4 5 7 0 
96873 583 436 138 3 521 136 1 245 1047 6 4 3 4 0 
96780 556 472 146 4 531 149 1 253 1090 5 5 1 7 0 
96942 559 482 141 3 446 124 3 230 1044 7 7 5 7 0 
96865 539 489 135 2 504 151 4 216 1079 5 2 3 6 0 
96781 576 494 137 4 468 145 1 241 1132 5 0 10 6 0 
96859 607 501 150 3 447 123 3 219 1068 2 3 5 10 0 
96965 560 446 148 5 453 129 1 242 1025 5 6 6 9 0 
96798 556 509 141 5 503 138 3 214 1116 6 0 5 6 0 
96847 541 485 154 3 541 146 2 205 1042 13 4 9 8 0 
96927 549 472 138 3 474 110 3 257 1052 6 1 2 6 0 
96930 592 460 139 5 474 140 4 235 1002 7 1 6 5 0 
96846 597 469 151 4 496 125 2 220 1067 7 4 2 10 0 
96836 564 459 145 4 490 121 0 248 1115 2 3 6 7 0 
96844 572 468 150 0 505 133 4 236 1066 11 2 4 5 0 
96810 591 471 148 3 506 144 4 257 1050 4 5 3 4 0 
96850 594 523 139 1 485 143 4 215 1022 5 3 8 8 0 
96890 573 424 142 5 538 140 1 244 1026 5 5 2 5 0 
96875 613 466 130 1 493 103 2 226 1064 11 4 8 4 0 
96824 589 465 139 2 506 142 1 243 1062 9 4 8 6 0 
97004 541 472 115 0 456 121 5 227 1039 9 3 5 3 0 
96782 583 462 156 2 519 135 1 270 1071 10 3 3 3 0 
96946 565 441 154 2 458 131 3 227 1045 9 2 12 5 0 
96933 580 427 147 1 451 133 2 241 1065 9 0 4 7 0 
96849 577 445 144 2 491 143 3 253 1074 3 3 7 6 0 
96830 545 494 146 3 477 131 7 267 1080 7 4 5 4 0 
96894 556 431 151 0 480 122 2 227 1122 4 3 7 1 0 
96941 563 429 161 3 471 130 2 213 1071 5 2 5 4 0 
96937 546 469 147 4 487 123 4 230 1022 9 7 8 7 0 
96832 599 493 145 3 469 116 2 243 1074 11 1 5 7 0 
96844 544 511 157 3 508 113 1 251 1048 5 4 7 4 0 
96875 590 478 130 5 507 124 4 243 1019 7 7 5 6 0 
96807 585 476 146 2 484 128 6 251 1101 4 0 4 6 0 
96870 562 463 156 4 486 122 3 226 1088 6 2 6 6 0 
96810 589 506 134 4 508 115 3 232 1077 7 3 5 7 0 
96850 566 489 151 1 461 140 2 245 1075 5 2 4 9 0 
96918 539 449 151 0 470 133 3 225 1089 9 3 7 4 0 
96862 561 493 146 2 453 115 1 241 1107 5 3 4 7 0 
96824 579 478 144 3 448 145 5 239 1119 8 2 3 3 0 
96893 529 457 145 3 485 118 3 250 1100 6 2 2 7 0 
96870 569 488 155 2 506 130 0 234 1020 7 5 8 6 0 
96837 577 498 147 2 476 141 1 231 1070 6 2 5 7 0 
96840 571 473 158 2 514 130 3 208 1081 7 1 8 4 0 
96946 550 450 134 2 500 129 3 209 1055 9 4 5 4 0 
96922 555 474 134 0 454 122 2 234 1082 13 3 2 3 0 
96901 587 466 145 2 455 137 1 223 1061 9 3 5 5 0 
96841 578 451 143 1 492 112 1 263 1108 6 1 1 2 0 
96854 582 469 157 1 463 106 3 234 1110 4 4 7 6 0 
96855 528 498 138 0 467 130 3 241 1115 6 5 8 6 0 
96923 538 459 147 2 475 120 5 250 1065 5 1 4 6 0 
96982 543 456 135 4 446 123 1 219 1066 11 3 7 4 0 
96938 600 446 145 1 478 129 1 224 1018 7 4 2 7 0 
96917 595 411 157 2 464 116 4 250 1067 9 3 2 3 0 
96960 571 489 132 2 460 135 4 199 1034 2 4 4 4 0 
96956 567 472 142 1 427 131 3 209 1078 7 3 1 3 0 
96938 577 473 127 1 445 115 4 243 1057 6 4 3 7 0 
96825 569 458 144 2 458 152 2 257 1117 3 0 6 7 0 
96961 591 422 149 2 470 138 3 234 1007 7 3 4 9 0 
96815 550 484 164 5 508 136 2 254 1066 7 1 3 5 0 
96882 587 437 150 4 474 123 4 271 1053 4 1 6 4 0 
96908 582 480 140 4 515 122 1 238 989 8 3 4 6 0 
96971 583 423 130 3 461 120 4 252 1028 8 3 5 9 0 
96950 536 465 132 1 473 125 2 204 1089 7 4 4 8 0 
96957 552 443 156 1 493 137 1 221 1018 5 6 5 5 0 
96909 569 456 133 5 458 125 1 241 1081 8 5 2 7 0 
96814 587 482 152 3 489 133 1 247 1071 5 4 6 6 0 
96913 607 431 141 1 516 129 1 250 995 5 2 3 6 0 
96798 563 472 135 1 529 115 3 251 1110 7 3 5 8 0 
96901 578 455 136 1 498 130 6 240 1034 6 5 4 6 0 
96834 585 487 152 1 496 140 2 209 1068 10 2 5 9 0 
96816 550 465 155 2 457 145 1 249 1143 7 3 3 4 0 
96856 619 485 150 2 459 129 2 230 1052 6 2 6 2 0 
96888 578 459 144 0 493 114 1 219 1078 13 3 5 5 0 
96944 601 464 148 2 459 129 1 229 1015 3 2 1 2 0 
96818 600 470 134 2 499 128 3 221 1106 6 3 2 8 0 
96837 586 482 147 4 466 126 2 220 1110 8 4 3 5 0 
96783 605 507 133 2 469 127 2 254 1104 7 1 3 3 0 
96856 556 484 137 3 501 140 3 234 1054 14 6 5 7 0 
96853 598 449 155 3 495 124 2 245 1053 6 5 3 9 0 
96921 564 457 143 3 465 129 2 244 1057 5 3 3 4 0 
96903 580 469 136 2 484 145 1 221 1043 3 3 5 5 0 
96831 579 490 140 3 483 122 1 282 1047 5 1 9 7 0 
96892 593 470 133 3 470 133 1 233 1051 6 7 4 4 0 
96942 567 439 139 1 510 116 4 234 1026 7 1 5 9 0 
96874 580 475 128 2 460 135 5 245 1082 7 1 3 3 0 
96906 564 452 152 1 475 126 4 236 1064 8 5 4 3 0 
96986 543 474 140 3 490 121 2 229 996 8 2 4 2 0 
96905 548 481 141 1 486 120 6 242 1055 6 0 3 6 0 
96929 583 454 134 2 452 137 2 241 1043 9 2 3 9 0 
96861 537 472 143 1 449 165 4 243 1105 10 1 3 6 0 
96839 557 499 137 1 498 126 3 230 1096 4 3 3 4 0 
96835 595 468 128 2 514 119 5 251 1065 5 2 5 6 0 
96854 541 486 143 4 522 121 1 258 1050 6 6 3 5 0 
96825 571 497 152 1 492 136 3 244 1057 10 0 8 4 0 
96875 518 488 136 5 488 128 5 238 1097 7 4 8 3 0 
96932 582 465 133 1 466 137 4 244 1014 4 3 10 5 0 
96912 591 471 151 3 475 119 2 237 1022 6 0 7 4 0 
96845 564 444 166 6 460 116 1 233 1146 2 1 9 7 0 
96900 545 450 138 3 476 120 8 261 1080 6 4 4 5 0 
96918 574 442 131 4 499 135 3 234 1042 2 3 5 8 0 
96845 616 491 134 5 479 111 3 227 1073 6 6 3 1 0 
96911 582 466 120 2 447 119 2 232 1101 9 1 6 2 0 
96915 593 461 132 2 499 122 2 238 1016 8 3 3 6 0 
96910 573 477 118 2 455 132 1 250 1068 4 2 4 4 0 
96843 565 515 150 1 495 133 2 222 1049 10 2 6 7 0 
96845 538 459 143 4 493 127 5 246 1113 11 1 5 10 0 
96892 580 441 144 3 524 139 1 233 1025 6 3 6 3 0 
96826 576 469 141 3 475 135 5 236 1111 9 3 2 9 0 
96877 577 441 142 1 484 116 1 233 1112 4 6 2 4 0 
96866 574 470 146 2 481 130 1 226 1093 4 3 1 3 0 
96945 546 424 135 3 517 119 0 221 1067 6 2 8 7 0 
96864 563 500 159 1 480 112 5 226 1062 10 5 7 6 0 
96952 574 480 141 2 464 126 2 206 1025 11 5 7 5 0 
96986 546 447 141 2 437 133 1 239 1050 7 2 4 5 0 
96817 601 451 160 5 503 124 3 253 1063 9 2 6 3 0 
96900 561 458 150 2 505 134 2 240 1030 4 2 7 5 0 
96918 556 464 146 6 471 121 1 241 1053 9 2 5 7 0 
96919 568 486 145 2 447 125 4 207 1080 6 2 8 1 0 
96895 531 466 111 2 511 132 3 241 1087 9 4 5 3 0 
96880 582 473 113 4 499 107 3 198 1123 4 4 4 6 0 
96905 601 470 131 2 498 121 4 198 1062 1 0 3 4 0 
96968 573 470 133 1 469 118 0 226 1022 8 2 2 8 0 
96792 586 491 153 3 518 111 4 241 1082 3 1 11 4 0 
96939 542 440 127 3 479 141 2 234 1070 5 2 10 6 0 
96900 567 463 161 2 503 122 2 252 1012 7 0 5 4 0 
96908 586 449 132 7 482 132 5 231 1053 5 2 5 3 0 
96771 607 489 171 0 472 142 1 226 1103 5 1 5 7 0 
96933 568 441 140 5 486 108 0 252 1052 6 2 2 5 0 
96884 577 458 113 0 510 132 1 240 1067 6 1 3 8 0 
96899 562 485 127 2 485 123 2 229 1063 5 3 6 9 0 
96929 568 429 134 2 466 141 2 227 1072 10 6 9 5 0 
96837 562 505 138 2 491 105 1 224 1116 8 3 3 5 0 
96786 600 505 141 3 447 147 2 271 1081 5 1 5 6 0 
96938 533 500 150 3 448 118 1 230 1063 5 3 4 4 0 
96867 605 441 169 0 499 117 3 225 1059 8 2 0 5 0 
96827 564 476 142 4 495 116 3 233 1112 10 3 8 7 0 
96912 537 495 140 4 479 105 4 228 1078 6 0 5 7 0 
96835 602 478 161 9 491 129 2 220 1050 12 3 6 2 0 
96907 566 468 130 1 523 121 4 235 1028 5 2 5 5 0 
96934 568 460 118 1 471 121 0 279 1034 2 4 5 3 0 
96840 592 516 137 0 484 136 1 218 1059 8 0 6 3 0 
96872 561 485 131 4 469 132 1 242 1078 6 5 3 11 0 
96873 597 406 142 4 487 130 4 223 1109 6 1 8 10 0 
96953 569 468 159 2 449 142 4 216 1020 9 2 4 3 0 
96837 562 504 148 2 485 152 1 220 1077 2 4 2 4 0 
96970 549 400 128 4 501 113 1 237 1075 2 3 7 10 0 
96905 584 469 161 4 430 119 2 240 1068 8 2 3 5 0 
96797 578 488 162 4 492 137 1 233 1090 5 5 4 4 0 
96918 591 466 139 1 448 136 3 247 1031 7 3 4 6 0 
96939 558 447 121 2 494 143 1 246 1025 5 4 9 6 0 
96834 549 492 134 4 489 119 0 251 1114 7 5 0 2 0 
96813 567 499 164 3 470 127 4 234 1104 9 0 3 3 0 
96923 554 459 148 3 496 129 6 252 1020 2 2 3 3 0 
96931 566 460 141 1 481 124 3 202 1077 5 4 3 2 0 
96874 609 434 136 8 470 152 2 230 1062 9 4 3 7 0 
96900 630 465 153 5 468 126 1 242 996 5 5 4 0 0 
96959 584 459 162 2 472 126 4 215 1008 6 1 0 2 0 
96944 595 472 138 4 460 119 3 243 1003 8 2 1 8 0 
96800 566 503 139 0 514 140 10 234 1079 4 2 4 5 0 
96967 536 465 140 5 463 126 4 237 1038 5 4 3 7 0 
96818 592 476 164 2 493 129 3 225 1078 4 2 9 4 1 
96863 580 481 124 3 473 153 3 236 1069 7 3 1 4 0 
96877 602 475 142 1 481 116 3 244 1045 9 1 2 2 0 
96791 582 496 134 3 514 141 3 211 1098 9 3 7 8 0 
96849 570 478 132 1 468 148 4 258 1075 7 1 3 6 0 
96886 571 465 134 3 483 143 3 227 1059 10 5 6 4 1 
96841 602 466 137 1 488 121 3 234 1086 6 4 6 5 0 
96921 610 464 154 2 437 123 2 233 1039 9 4 0 2 0 
96855 590 478 141 4 443 142 4 223 1097 5 3 6 9 0 
96790 575 469 125 2 519 135 6 270 1091 8 3 2 5 0 
96889 565 470 145 3 498 122 2 220 1064 9 2 6 5 0 
96887 601 457 127 2 465 127 1 245 1061 10 6 5 6 0 
96884 595 476 138 3 482 119 2 220 1064 6 0 5 6 0 
96900 565 498 139 2 463 134 3 226 1056 7 1 3 3 0 
96880 533 465 122 1 480 122 3 236 1133 12 4 3 6 0 
96820 573 507 125 1 495 135 5 214 1104 8 4 4 5 0 
96878 587 472 139 3 463 128 8 247 1050 7 7 8 3 0 
96753 523 516 140 3 515 125 1 253 1152 4 3 7 5 0 
96849 558 492 149 2 491 126 2 236 1073 10 4 5 3 0 
96833 595 462 154 1 481 137 5 245 1060 14 5 6 2 0 
96878 564 505 145 1 501 143 3 233 1011 6 0 5 5 0 
96866 597 452 156 3 455 145 2 229 1075 7 2 9 2 0 
96893 585 466 133 2 473 120 5 239 1067 6 2 3 6 0 
96804 588 470 139 1 518 130 3 227 1100 6 3 5 6 0 
96908 564 466 143 1 482 130 0 240 1040 8 6 1 11 0 
96765 534 522 150 3 513 132 2 267 1094 12 2 3 1 0 
96936 566 467 116 2 453 131 3 246 1061 8 3 4 4 0 
96840 544 501 157 3 492 133 1 260 1049 1 5 6 8 0 
96863 612 485 149 2 475 120 0 236 1036 10 3 7 2 0 
96922 561 450 176 2 477 120 4 239 1034 6 2 0 7 0 
96980 568 453 138 1 440 124 3 237 1034 7 2 7 6 0 
96989 557 476 133 3 484 108 1 226 1003 7 3 5 4 1 
96796 572 455 145 2 491 143 2 239 1134 6 5 3 7 0 
96837 567 452 164 1 492 126 4 254 1089 6 0 4 4 0 
96939 556 462 141 0 469 137 1 268 1005 7 5 6 4 0 
96787 518 503 159 6 496 134 2 237 1140 7 3 5 3 0 
96772 580 491 154 2 500 113 4 268 1091 7 8 7 3 0 
96883 581 426 142 3 483 135 3 246 1076 6 2 8 6 0 
96901 588 470 136 5 474 120 4 212 1075 9 1 3 2 0 
96940 561 456 137 2 485 131 6 244 1022 6 3 6 1 0 
96847 572 477 151 2 477 161 2 222 1068 10 4 6 1 0 
96813 590 519 161 3 481 119 4 251 1037 7 6 6 3 0 
96807 603 481 129 4 517 140 1 230 1073 5 1 3 6 0 
96843 557 484 138 3 498 131 5 241 1083 6 3 0 8 0 
96826 585 498 146 3 485 133 3 208 1099 4 5 2 3 0 
96859 564 449 138 1 469 145 4 246 1106 4 5 6 4 0 
96878 596 474 147 3 499 122 1 218 1050 1 3 2 6 0 
96870 598 499 141 2 518 113 6 211 1025 6 4 2 5 0 
96843 552 450 151 3 441 126 1 273 1143 7 2 1 7 0 
96878 599 510 110 1 499 124 4 243 1010 5 4 8 5 0 
96866 603 492 148 2 475 116 3 235 1047 6 2 4 1 0 
96932 559 417 133 3 481 132 3 236 1094 4 3 2 1 0 
96894 600 453 134 5 472 129 3 233 1059 8 3 3 4 0 
96877 575 495 146 3 489 124 1 236 1037 6 2 4 5 0 
96852 570 487 135 1 491 126 4 231 1089 3 3 2 6 0 
96865 559 476 132 4 509 120 4 226 1083 10 3 3 6 0 
96875 558 484 158 2 481 127 6 232 1052 10 5 3 7 0 
96858 583 510 124 0 499 147 2 221 1039 7 3 5 2 0 
96817 615 461 146 6 511 125 2 218 1075 8 4 5 7 0 
96940 537 481 127 2 511 127 6 251 994 9 4 4 7 0 
96894 574 452 139 3 476 130 4 246 1065 4 3 5 5 0 
96926 618 465 134 8 448 130 8 232 1009 9 3 3 7 0 
96877 550 462 143 2 470 121 3 232 1113 13 1 9 4 0 
96822 592 504 122 5 500 123 3 259 1051 6 1 8 4 0 
96892 549 466 135 2 529 109 4 232 1061 9 2 5 5 0 
96825 566 492 140 2 522 135 0 251 1045 4 4 6 8 0 
96965 543 454 136 1 474 126 1 218 1057 8 1 7 9 0 
96845 575 455 149 3 481 115 1 241 1118 7 4 3 3 0 
96863 578 498 147 3 478 139 1 194 1082 5 4 5 3 0 
96943 609 465 156 3 431 132 2 230 1009 5 4 3 8 0 
96871 598 452 144 5 471 116 1 277 1053 4 2 4 2 0 
96869 612 464 145 4 471 122 1 234 1064 3 4 4 3 0 
96954 550 467 143 5 434 122 4 249 1053 5 3 4 7 0 
96947 539 488 136 6 467 153 2 233 1006 6 2 6 9 0 
96827 601 477 150 0 473 136 3 239 1073 8 1 6 6 0 
96853 576 483 146 4 492 124 2 235 1068 6 2 5 4 0 
96925 554 473 119 4 468 130 4 226 1079 6 4 6 2 0 
96913 559 502 134 2 482 108 3 242 1038 6 0 5 6 0 
96840 587 446 157 2 435 144 5 261 1104 9 4 4 2 0 
96900 553 458 123 3 506 125 3 216 1102 5 2 2 2 0 
96874 543 444 165 3 483 136 3 239 1093 2 5 5 5 0 
96939 581 449 134 5 465 140 1 218 1056 5 2 4 1 0 
96800 586 488 151 1 476 123 2 239 1112 5 3 11 3 0 
96889 591 468 136 2 495 111 2 222 1063 7 4 5 5 0 
96876 605 485 142 2 465 118 2 251 1028 12 2 6 6 0 
96842 566 441 137 3 489 141 5 250 1100 11 8 3 4 0 
96784 602 469 124 3 489 152 3 223 1134 6 2 4 5 0 
96848 571 491 114 5 503 152 2 249 1044 5 1 7 8 0 
96920 584 437 130 2 476 138 3 238 1045 11 3 6 7 0 
96840 539 504 140 3 453 130 2 263 1095 13 2 5 11 0 
96888 580 468 136 4 512 141 2 235 1018 5 1 6 4 0 
96833 552 487 153 3 473 152 1 231 1102 2 2 5 4 0 
96865 574 462 139 5 503 125 1 235 1071 9 3 1 7 0 
96883 548 475 137 5 491 132 4 259 1040 8 2 6 10 0 
96786 577 490 148 1 538 124 1 238 1071 15 6 2 3 0 
96911 596 482 121 3 517 112 1 227 1018 8 3 0 1 0 
96798 568 481 140 5 509 135 1 227 1120 8 2 4 2 0 
96928 514 467 124 4 505 139 2 237 1062 7 2 4 5 0 
96907 587 408 146 1 529 127 3 221 1052 7 1 4 7 0 
96948 548 462 114 4 463 132 2 246 1067 8 2 3 1 0 
96863 565 476 119 4 495 137 0 256 1053 13 7 5 7 0 
96858 567 461 137 2 476 147 5 237 1087 4 6 5 8 0 
96916 558 457 152 3 492 134 3 212 1053 8 2 5 5 0 
96877 559 456 150 2 486 131 2 247 1064 9 4 9 4 0 
96855 599 478 161 2 469 133 2 254 1020 13 3 6 5 0 
96868 571 477 118 4 501 139 2 226 1075 7 3 2 7 0 
96912 551 497 135 4 466 136 2 229 1043 5 5 6 9 0 
96816 595 473 133 0 497 132 2 240 1097 5 2 3 5 0 
96821 597 507 157 2 437 148 4 244 1071 4 1 2 5 0 
96946 546 422 135 0 497 130 2 206 1098 8 1 3 6 0 
96943 552 469 136 2 467 129 4 233 1049 3 3 6 4 0 
96911 563 467 127 5 498 111 3 238 1053 9 2 6 7 0 
96841 586 494 145 2 486 136 3 235 1050 8 4 4 6 0 
96836 589 453 143 2 445 120 2 270 1124 4 1 3 8 0 
96934 600 464 127 2 464 99 1 203 1084 7 7 2 6 0 
96776 581 478 150 6 560 132 1 272 1028 6 2 3 5 0 
96775 624 485 144 2 511 132 2 222 1085 4 3 6 5 0 
96841 587 489 142 0 479 140 4 258 1039 4 1 5 11 0 
96814 580 517 131 0 530 124 1 255 1027 7 2 5 7 0 
96930 593 501 150 1 442 120 2 208 1038 4 2 3 6 0 
96805 606 470 146 4 491 129 2 244 1084 8 3 3 5 0 
96878 555 493 168 4 451 120 2 236 1066 4 8 12 3 0 
96791 600 494 174 2 483 129 1 239 1066 7 4 2 8 0 
96844 608 431 129 3 459 131 6 264 1104 3 1 11 6 0 
97007 581 468 120 2 472 118 3 214 997 6 3 6 3 0 
96935 550 498 138 5 516 136 4 232 969 5 1 7 4 0 
96748 595 464 166 4 481 120 1 265 1137 8 3 7 1 0 
96965 548 481 136 4 458 125 3 225 1032 9 7 5 2 0 
96850 556 492 148 3 509 132 3 233 1059 5 1 2 7 0 
96916 546 435 154 2 505 136 5 230 1050 5 5 4 7 0 
96811 564 501 133 3 523 147 1 224 1074 6 2 7 4 0 
96857 573 510 152 1 479 131 4 240 1039 5 1 3 5 0 
96921 569 475 140 0 445 135 2 231 1061 7 3 6 5 0 
96917 561 471 143 5 460 137 3 235 1054 5 5 1 3 0 
96825 584 465 164 2 514 120 4 241 1062 5 1 7 6 0 
96853 559 485 125 0 515 125 6 216 1101 4 2 5 4 0 
96822 634 506 148 8 497 134 1 217 1018 6 2 4 3 0 
96817 586 468 129 5 519 125 3 240 1091 7 4 3 3 0 
96834 585 488 136 0 527 121 2 247 1039 6 3 5 7 0 
96921 540 444 132 2 498 128 3 238 1083 3 2 1 5 0 
96850 563 477 128 6 494 143 1 260 1059 7 4 2 6 0 
96854 561 470 161 7 501 124 6 270 1033 4 0 5 4 0 
96861 577 516 150 3 493 135 0 243 1000 7 2 4 9 0 
96746 617 475 147 4 456 152 5 233 1147 3 5 5 5 0 
96871 553 486 149 2 469 128 2 258 1060 11 2 7 2 0 
96820 625 451 138 3 488 125 5 253 1076 7 2 5 2 0 
96892 572 489 145 2 487 115 3 232 1050 5 2 1 5 0 
96815 588 444 168 3 515 122 4 256 1066 8 1 6 4 0 
96866 595 495 126 1 464 117 2 224 1088 5 2 10 5 0 
96886 580 482 152 5 481 142 3 224 1021 8 3 8 5 0 
96948 509 489 141 5 485 121 1 233 1055 4 1 3 5 0 
96900 577 463 138 2 468 142 6 252 1030 10 5 0 7 0 
96817 569 530 155 4 494 132 2 216 1062 8 4 2 5 0 
96806 605 453 149 1 474 127 1 241 1123 13 3 1 3 0 
96862 573 490 151 3 501 115 3 250 1036 7 6 0 3 0 
96917 569 474 134 7 461 122 3 248 1052 5 2 5 1 0 
96982 538 438 153 3 449 116 4 208 1088 6 3 9 3 0 
96928 572 490 139 2 473 112 4 226 1032 9 2 8 3 0 
96776 599 494 149 2 465 143 2 230 1122 4 3 7 4 0 
97012 569 460 148 2 452 140 2 203 994 4 2 7 5 0 
96774 608 525 141 2 508 127 3 252 1045 3 2 4 6 0 
96904 546 445 149 2 495 118 3 218 1101 7 2 3 7 0 
96952 554 418 133 2 477 139 3 241 1065 6 3 5 2 0 
96901 594 482 130 0 429 121 4 216 1102 4 5 7 5 0 
96811 628 490 139 3 476 124 2 230 1071 10 4 4 8 0 
96738 576 488 161 2 494 149 2 268 1104 7 2 5 4 0 
96845 559 488 125 2 512 118 2 239 1098 6 1 2 3 0 
96857 585 463 149 2 489 145 2 225 1067 9 1 3 3 0 
96926 608 435 144 1 472 123 1 229 1041 8 1 7 4 0 
96977 546 448 126 2 447 126 2 234 1068 8 3 8 5 0 
96891 586 442 130 2 500 128 1 231 1070 6 2 7 4 0 
96876 565 469 142 3 511 138 5 224 1054 4 3 3 3 0 
96824 574 485 150 1 518 146 6 236 1040 6 6 3 5 0 
96871 570 432 142 3 515 127 0 242 1085 4 0 3 6 0 
96797 595 488 152 2 497 123 5 254 1064 7 6 7 3 0 
96797 572 480 140 2 482 130 2 263 1115 9 2 2 4 0 
96882 567 502 139 0 478 124 1 229 1066 4 2 3 3 0 
96956 528 480 144 2 478 122 2 219 1053 11 1 2 2 0 
96858 583 504 138 2 502 136 2 219 1040 5 5 3 3 0 
96838 607 487 152 8 465 146 4 217 1052 6 4 7 7 0 
96967 562 471 133 0 448 124 3 239 1034 8 3 4 4 0 
96808 606 469 144 1 509 137 8 245 1058 5 1 6 3 0 
96952 630 439 120 4 473 130 3 249 985 7 3 4 1 0 
96912 557 458 141 0 479 148 5 233 1049 4 2 6 6 0 
96899 526 495 148 3 488 128 4 256 1029 10 3 4 7 0 
96954 530 495 131 5 464 132 1 232 1036 7 5 6 2 0 
96993 552 441 144 1 483 122 4 199 1047 5 3 4 2 0 
96934 574 487 119 2 477 154 1 229 1007 1 4 3 8 0 
96782 620 471 129 3 524 88 4 251 1112 6 1 5 4 0 
96817 575 443 168 2 470 138 2 245 1116 9 3 4 8 0 
96824 567 515 142 4 483 132 3 237 1067 10 2 5 9 0 
96827 596 460 150 0 489 116 5 256 1079 6 1 9 6 0 
96951 545 459 145 2 479 120 1 210 1069 11 0 5 3 0 
96848 583 455 155 2 492 137 1 233 1082 4 1 4 3 0 
96923 555 472 138 2 468 142 1 204 1077 5 3 6 4 0 
97014 538 473 113 4 511 113 4 223 994 7 2 3 1 0 
96860 582 510 153 4 505 121 2 218 1030 5 2 6 2 0 
96889 549 446 146 3 491 139 2 219 1104 4 2 2 4 0 
96906 566 446 129 4 481 114 3 229 1103 7 1 7 4 0 
96852 576 498 134 5 489 134 0 228 1066 5 4 4 5 0 
96867 540 513 147 3 487 122 2 237 1069 9 1 3 0 0 
96845 581 469 136 4 490 121 2 223 1111 7 3 6 2 0 
96850 591 467 159 3 456 137 8 240 1068 6 2 6 7 0 
96781 593 473 151 1 507 122 2 230 1120 7 1 2 10 0 
96914 562 457 141 3 476 155 0 213 1057 7 2 8 5 0 
96854 555 461 129 0 511 145 2 233 1095 3 3 3 6 0 
96830 583 454 142 3 515 140 2 244 1074 6 2 1 4 0 
96906 587 469 134 2 484 126 1 238 1026 11 1 6 9 0 
96799 603 492 134 2 512 121 4 226 1091 6 0 4 6 0 
96930 574 435 136 6 474 134 4 254 1036 6 2 6 3 0 
96874 562 482 140 2 471 141 3 230 1071 7 4 6 7 0 
96908 581 471 131 3 453 104 3 235 1099 6 0 2 4 0 
96868 574 445 133 4 497 115 2 244 1098 8 2 4 6 0 
96858 568 527 118 1 494 119 3 233 1062 8 0 3 6 0 
96906 610 472 136 5 456 106 3 224 1063 6 3 5 5 0 
96901 575 486 141 3 460 141 2 217 1051 10 5 4 4 0 
96839 583 503 151 2 460 137 6 237 1063 6 6 4 3 0 
96932 541 488 139 9 454 131 3 238 1041 8 3 8 5 0 
96852 582 489 137 1 468 136 5 249 1062 6 3 4 6 0 
96876 577 450 142 4 471 134 4 229 1101 6 2 2 2 0 
96899 565 470 165 3 495 121 2 216 1046 4 4 5 5 0 
96818 581 492 143 3 488 125 2 257 1064 8 3 6 10 0 
96885 566 470 153 2 468 130 4 252 1048 7 2 8 5 0 
96863 592 477 154 4 489 125 1 213 1061 7 1 6 7 0 
96857 545 511 139 5 456 130 4 248 1093 3 2 5 2 0 
96800 629 463 155 1 478 131 7 234 1077 10 4 6 4 1 
96905 580 471 115 4 524 142 1 229 1014 5 0 5 5 0 
96948 534 460 154 2 493 133 3 227 1032 8 2 2 2 0 
96905 597 481 149 3 459 136 3 265 982 6 1 5 8 0 
97001 523 428 146 3 472 130 4 231 1039 7 2 6 8 0 
96821 619 484 149 1 489 127 5 280 1004 5 2 6 8 0 
96813 569 497 155 5 480 118 2 234 1108 8 2 4 5 0 
96885 543 440 141 3 495 158 3 241 1075 8 2 4 2 0 
96872 572 461 146 1 496 120 1 234 1077 11 0 3 6 0 
96837 569 464 150 4 486 141 6 216 1108 6 5 4 4 0 
96905 548 457 150 6 483 127 2 216 1089 8 5 0 4 0 
96906 561 483 143 1 465 141 3 232 1046 7 3 6 3 0 
96839 607 464 141 1 513 131 1 240 1040 9 3 6 5 0 
96863 573 493 123 3 485 130 0 248 1060 8 1 8 5 0 
96878 593 479 144 2 438 140 0 241 1068 6 1 3 7 0 
96860 599 473 144 3 448 113 7 244 1091 7 5 4 2 0 
96873 562 469 153 0 492 142 4 232 1047 8 4 4 10 0 
96857 561 463 143 5 513 134 0 235 1071 7 3 4 4 0 
96903 569 447 124 2 502 129 1 213 1097 5 3 4 1 0 
97010 562 425 123 1 479 135 0 229 1024 4 1 3 4 0 
96774 589 506 143 5 513 140 2 218 1087 12 2 3 6 0 
96932 546 483 127 5 493 125 1 220 1047 9 3 5 4 0 
96876 591 488 165 2 478 119 3 223 1026 12 2 5 9 1 
96831 548 498 161 3 471 131 5 232 1105 5 0 7 3 0 
96894 561 493 126 3 477 111 4 255 1056 8 1 8 3 0 
96936 622 437 140 1 480 124 1 219 1027 4 1 3 5 0 
96815 557 464 136 3 519 138 3 243 1098 10 1 7 6 0 
96914 573 463 149 1 445 138 1 259 1035 5 6 8 3 0 
96841 633 483 161 3 471 133 1 238 1014 11 1 5 5 0 
96844 606 463 139 2 486 143 4 262 1029 9 2 2 9 0 
96842 568 454 136 2 479 122 4 235 1142 7 2 4 3 0 
96829 577 469 149 7 485 128 1 254 1077 5 3 9 6 1 
96964 561 424 149 0 476 136 6 234 1028 11 4 3 3 1 
96904 576 474 152 2 446 148 2 254 1026 6 4 2 4 0 
96858 592 498 130 3 469 108 5 233 1077 10 4 6 7 0 
96908 551 495 143 2 468 137 2 247 1034 3 1 2 7 0 
96911 588 454 131 3 465 126 4 233 1063 8 5 4 5 0 
96825 589 505 122 1 495 128 0 243 1078 4 0 5 5 0 
96946 545 468 130 0 473 147 4 211 1058 4 1 7 6 0 
96837 548 464 161 1 501 119 3 260 1091 3 3 4 5 0 
96959 543 497 118 4 448 104 3 227 1070 9 5 5 8 0 
96876 591 450 145 2 463 107 1 268 1079 7 2 4 5 0 
97010 580 463 137 1 422 129 2 217 1028 4 0 4 3 0 
96825 584 435 152 5 529 146 3 233 1074 6 2 4 2 0 
96962 550 460 130 1 478 144 2 219 1028 9 4 3 10 0 
96856 603 487 135 4 490 140 4 222 1038 5 3 7 6 0 
96784 583 478 130 3 515 142 3 241 1104 8 2 4 3 0 
96888 585 441 132 3 459 124 6 254 1086 9 4 3 6 0 
96889 594 423 161 5 503 116 2 243 1048 3 3 6 4 0 
96821 587 473 149 2 474 123 3 236 1113 7 2 3 7 0 
96837 539 485 133 1 525 144 0 240 1073 8 2 7 6 0 
96849 592 450 143 3 495 125 2 246 1072 10 1 5 7 0 
96936 539 474 118 5 464 111 2 246 1083 5 4 7 5 1 
96858 587 438 143 2 492 138 3 242 1075 11 2 5 4 0 
96901 602 492 148 3 448 135 1 225 1026 5 1 6 7 0 
96898 568 482 146 6 516 130 3 224 1012 7 2 1 5 0 
96811 595 484 130 3 511 100 5 232 1108 9 1 4 7 0 
96862 541 450 144 1 493 145 4 237 1104 6 2 4 7 0 
96822 610 475 123 5 522 124 1 232 1064 7 2 8 5 0 
96894 587 470 138 1 446 119 2 221 1102 9 2 3 6 0 
96872 589 497 143 2 483 115 3 235 1045 5 4 5 2 0 
96872 540 463 142 0 510 123 3 246 1082 8 1 7 3 0 
96959 584 426 146 2 497 114 3 210 1041 7 2 3 6 0 
96876 562 472 152 1 482 118 5 243 1070 3 4 4 8 0 
96801 562 492 149 4 501 127 3 248 1094 6 5 3 5 0 
96985 588 439 140 3 432 140 3 227 1025 6 2 4 6 0 
96947 550 463 141 1 461 129 1 227 1062 6 2 6 4 0 
96783 627 473 139 4 498 126 2 249 1085 4 1 3 6 0 
96911 578 457 150 5 483 118 3 244 1041 2 2 4 2 0 
96829 562 490 151 1 496 125 4 246 1084 6 1 1 4 0 
96763 583 506 163 2 525 123 5 261 1061 4 2 1 1 0 
96917 568 464 128 4 461 122 1 252 1054 6 6 9 8 0 
96788 574 450 158 0 490 137 3 228 1158 3 3 6 2 0 
96822 621 484 142 2 504 124 3 227 1045 5 6 9 6 0 
96825 588 458 143 2 483 136 4 239 1105 7 2 2 6 0 
96694 610 539 133 4 476 155 2 235 1119 13 5 4 11 0 
96884 574 481 143 4 466 115 1 228 1086 7 4 1 6 0 
96828 590 469 127 4 512 117 2 230 1098 9 2 7 5 0 
96808 599 474 143 2 510 129 2 248 1073 4 1 4 3 0 
96890 609 469 138 0 493 117 1 219 1048 6 2 3 5 0 
96837 593 488 137 3 502 136 4 225 1058 7 0 6 4 0 
96840 574 493 148 2 458 158 7 217 1080 8 6 4 5 0 
96856 587 486 158 3 494 117 3 235 1040 9 2 6 4 0 
96911 549 471 153 3 481 138 5 227 1049 8 1 1 3 0 
96878 577 467 147 2 476 125 4 239 1067 3 4 4 7 0 
96878 590 453 133 2 498 137 4 243 1041 9 5 4 3 0 
96930 565 456 144 1 462 128 3 231 1062 5 2 5 6 0 
96907 584 475 128 3 486 133 4 225 1033 10 3 6 3 0 
96826 573 475 151 4 482 131 4 232 1100 9 3 5 5 0 
96827 632 516 126 3 480 126 1 227 1048 4 2 4 4 0 
96787 596 449 155 1 522 121 4 229 1109 9 4 3 11 0 
96912 549 470 166 1 458 116 3 248 1060 6 0 6 5 0 
96881 564 481 134 2 493 132 3 233 1057 4 7 4 5 0 
96846 576 510 139 3 473 144 3 233 1058 6 4 3 2 0 
96916 574 466 132 5 489 134 2 223 1039 7 2 5 6 0 
96957 561 471 132 3 502 124 4 247 982 5 2 4 5 1 
96818 572 516 153 2 505 142 2 224 1047 5 1 5 8 0 
96812 556 504 135 5 487 138 3 235 1104 9 2 3 7 0 
