96782 516 581 186 1 526 108 0 208 1069 9 1 5 8 0 
96682 572 589 189 2 512 120 2 221 1075 9 6 11 10 0 
96712 575 606 193 4 497 128 4 186 1075 4 6 6 4 0 
96742 554 602 176 5 499 121 1 208 1068 5 1 11 7 0 
96735 580 570 176 5 528 155 1 205 1022 8 4 6 5 0 
96776 551 566 163 2 538 118 6 207 1053 9 2 6 3 0 
96763 531 600 169 1 524 121 1 185 1078 7 5 6 9 0 
96788 532 588 172 2 516 138 0 204 1041 4 2 5 8 0 
96702 546 634 174 5 536 128 4 184 1078 3 2 1 3 0 
96751 555 558 174 3 549 114 4 228 1043 7 1 6 7 0 
96773 551 598 184 4 502 135 0 183 1050 5 2 7 6 0 
96805 517 569 174 4 509 122 0 216 1056 5 6 6 11 0 
96791 557 587 175 5 519 115 4 190 1036 6 1 8 6 0 
96703 542 578 188 3 529 124 7 215 1089 7 5 6 4 0 
96838 486 590 174 5 494 132 6 171 1076 12 5 5 6 0 
96749 536 656 165 7 493 124 3 207 1034 7 6 6 7 0 
96626 543 586 233 2 562 118 1 200 1100 10 4 10 5 0 
96833 527 604 175 2 484 128 2 186 1050 2 1 3 3 0 
96779 540 571 169 1 523 128 2 197 1059 13 7 8 3 0 
96693 568 646 168 4 522 118 1 195 1059 12 2 6 6 0 
96765 548 565 191 2 509 124 1 170 1099 5 6 6 9 0 
96744 513 621 168 3 496 147 4 197 1089 5 5 3 5 0 
96830 505 589 177 5 526 127 4 195 1024 4 2 5 7 0 
96776 534 597 166 0 482 139 3 198 1075 4 9 8 9 0 
96723 570 596 170 6 491 123 4 187 1113 5 4 5 3 0 
96736 586 595 191 3 504 129 4 212 1011 2 2 8 17 0 
96675 568 607 181 4 543 123 4 216 1064 4 3 5 3 0 
96743 536 570 177 2 502 150 5 215 1080 7 2 4 7 0 
96775 535 587 184 3 527 121 2 202 1042 6 4 7 5 0 
96847 556 578 153 1 460 116 2 186 1073 5 6 10 7 0 
96714 526 573 195 2 563 135 3 196 1063 8 6 13 3 0 
96808 550 576 179 3 510 108 1 189 1058 4 3 7 4 0 
96830 523 575 181 2 510 115 1 181 1062 6 3 4 7 0 
96724 560 644 167 0 500 129 4 198 1056 5 3 7 3 0 
96791 533 586 178 3 526 126 1 184 1051 4 3 8 5 1 
96682 535 574 201 3 523 144 4 197 1122 5 5 2 3 0 
96780 478 577 175 5 500 132 5 239 1098 2 2 2 5 0 
96714 533 607 196 2 517 136 1 217 1051 4 5 10 7 0 
96816 507 594 186 2 503 120 1 220 1029 6 3 2 11 0 
96766 547 604 190 0 531 130 1 196 1019 4 1 4 7 0 
96789 560 598 171 1 519 132 4 176 1030 2 5 4 9 0 
96787 512 595 169 2 525 114 3 216 1054 7 6 3 7 0 
96709 566 593 169 7 567 124 3 213 1028 4 7 6 4 0 
96731 517 579 187 4 520 121 3 227 1089 5 2 9 6 0 
96650 510 582 193 3 539 149 2 222 1125 8 3 7 7 0 
96772 528 625 194 2 511 140 2 186 1020 7 3 6 4 0 
96776 540 619 170 2 476 141 1 186 1071 6 3 4 5 0 
96786 534 604 187 3 488 131 1 195 1056 3 2 3 7 0 
96630 570 627 185 6 538 119 1 190 1118 7 1 5 3 0 
96744 525 600 183 6 547 124 3 207 1048 2 3 5 3 0 
96758 526 568 172 3 545 136 1 212 1057 8 2 8 4 0 
96752 559 579 182 4 494 131 1 190 1083 10 2 5 8 0 
96917 477 598 185 4 468 131 0 168 1033 6 4 4 5 0 
96717 538 616 168 3 544 138 3 190 1059 11 0 8 5 0 
96702 524 592 159 3 514 140 5 224 1125 1 3 7 1 0 
96731 574 581 165 7 524 130 2 179 1083 10 5 5 4 0 
96730 544 587 177 1 509 143 4 210 1080 8 0 6 1 0 
96724 555 578 204 6 489 131 4 203 1085 11 0 5 5 0 
96776 509 600 187 0 515 120 1 202 1071 6 2 4 7 0 
96709 565 655 188 5 482 134 3 177 1054 11 4 7 6 0 
96829 576 611 171 3 475 106 2 191 1017 7 2 3 7 0 
96827 535 562 176 4 528 119 0 199 1024 7 4 7 8 0 
96848 508 565 153 5 544 136 3 188 1035 2 3 5 5 0 
96726 536 592 183 1 546 123 1 197 1077 4 7 4 3 0 
96755 543 564 154 3 523 145 3 192 1097 8 4 4 5 0 
96758 551 608 169 7 527 120 1 180 1052 6 5 12 4 0 
96863 524 612 166 5 455 119 2 187 1044 4 5 7 7 0 
96802 496 576 185 3 510 121 4 230 1051 10 2 7 3 0 
96772 531 559 208 3 516 129 4 188 1061 13 4 7 5 0 
96739 535 599 176 5 538 96 2 220 1075 6 1 5 3 0 
96828 541 590 181 3 497 108 4 191 1038 4 1 4 9 1 
96784 523 569 201 8 493 123 3 197 1082 4 1 4 8 0 
96812 543 577 156 3 500 131 2 173 1087 5 3 4 4 0 
96739 569 586 191 3 553 125 4 196 1017 5 2 5 5 0 
96782 529 567 156 0 505 132 3 213 1089 5 3 7 9 0 
96724 562 536 184 3 541 140 4 220 1067 1 3 8 7 0 
96795 521 597 146 7 500 129 5 202 1071 9 8 2 8 0 
96755 541 568 209 8 506 141 0 203 1049 4 5 3 8 0 
96803 491 574 191 3 551 140 5 200 1025 6 3 3 5 0 
96741 541 565 190 3 512 126 2 216 1085 4 2 5 8 0 
96811 522 575 163 0 504 146 3 200 1057 7 2 6 4 0 
96827 536 563 169 1 537 136 2 191 1015 6 2 6 9 0 
96763 555 601 165 3 449 119 4 217 1101 6 6 4 7 0 
96769 552 581 187 2 480 145 1 202 1066 9 0 3 3 0 
96726 532 579 167 4 532 138 4 181 1112 11 3 4 7 0 
96872 503 566 162 2 504 140 1 188 1043 6 5 5 3 0 
96798 491 607 160 6 491 137 5 184 1095 10 3 8 5 0 
96771 541 604 170 1 520 138 1 183 1046 9 2 8 6 0 
96751 528 618 173 4 526 145 0 181 1054 5 4 6 5 0 
96840 509 586 160 1 501 129 5 176 1080 3 0 5 5 0 
96774 503 554 203 3 542 103 3 199 1098 4 4 7 3 0 
96786 524 585 190 3 527 142 1 183 1037 6 3 7 6 0 
96693 554 606 177 5 513 128 1 214 1094 3 2 4 6 0 
96834 514 622 180 2 494 122 6 196 1011 4 5 3 7 0 
96769 513 572 188 1 556 132 4 210 1030 4 4 7 10 0 
96768 515 565 167 4 564 139 1 209 1050 10 0 5 3 0 
96746 583 570 144 4 515 135 2 185 1103 6 1 4 2 0 
96706 559 602 198 6 523 150 2 193 1040 4 6 7 4 0 
96812 578 530 174 10 509 127 5 187 1042 9 2 6 9 0 
96776 534 590 182 7 509 151 4 189 1042 5 4 3 4 0 
96776 484 584 179 3 529 149 4 213 1055 7 7 7 3 0 
96747 532 578 179 2 511 120 1 202 1106 5 6 7 4 0 
96795 511 571 152 5 539 123 3 223 1064 4 2 5 3 0 
96723 506 601 179 5 524 157 2 206 1075 4 6 7 4 1 
96750 539 650 180 4 519 108 0 180 1047 3 6 6 8 0 
96878 508 552 195 6 504 108 4 198 1022 7 2 8 8 0 
96755 541 592 157 3 527 130 2 212 1059 7 3 6 6 0 
96814 508 576 177 0 537 142 2 216 1002 8 1 7 10 0 
96719 529 580 176 7 530 129 2 205 1097 4 6 10 6 0 
96771 519 622 181 0 480 121 1 208 1077 7 2 8 3 0 
96742 554 584 185 3 515 121 1 209 1065 3 4 6 8 0 
96723 542 595 184 3 541 135 3 204 1051 4 2 7 6 0 
96656 513 599 181 5 562 138 1 209 1121 4 2 6 3 0 
96744 516 568 190 4 525 132 4 223 1073 4 2 5 10 0 
96735 516 598 183 3 539 114 0 184 1108 5 5 4 6 0 
96813 505 595 198 0 474 114 6 201 1071 7 3 7 6 0 
96720 534 646 191 4 485 126 6 226 1040 9 3 3 7 0 
96665 575 614 178 6 521 132 1 217 1073 4 0 7 7 0 
96807 536 570 155 8 506 126 0 198 1071 3 3 6 11 0 
96850 529 555 170 4 486 156 1 210 1018 6 8 4 3 0 
96778 557 546 174 6 520 132 1 200 1056 12 4 5 9 0 
96766 534 568 169 3 573 131 3 218 1014 7 1 6 6 1 
96735 558 569 182 6 548 125 3 179 1075 3 1 6 10 0 
96698 559 616 178 6 549 141 1 196 1034 6 4 7 5 0 
96770 484 589 174 1 571 146 2 228 1007 8 4 12 4 0 
96825 524 553 181 2 507 125 3 206 1055 5 4 6 4 0 
96717 590 575 160 5 506 123 3 213 1091 6 2 4 5 0 
96726 542 574 181 5 524 132 4 184 1101 5 5 8 9 0 
96791 531 586 178 3 520 132 3 235 1007 4 0 3 7 0 
96783 586 571 166 0 528 114 2 209 1016 8 4 7 6 0 
96746 533 606 176 2 503 131 3 223 1047 10 7 4 9 0 
96688 558 613 177 4 518 137 3 213 1073 4 3 3 6 0 
96730 559 595 159 3 524 118 3 201 1085 6 3 7 7 0 
96677 539 604 198 3 514 137 2 210 1099 2 5 5 5 0 
96729 535 599 177 5 518 116 1 221 1077 9 3 2 8 0 
96774 534 595 169 5 501 109 2 203 1091 6 3 1 7 0 
96730 525 624 172 5 510 125 3 214 1068 8 2 9 5 0 
96831 518 580 189 2 519 110 0 198 1037 4 3 6 3 0 
96751 516 610 157 3 519 147 2 218 1055 10 4 5 3 0 
96868 500 585 174 1 496 121 2 204 1034 8 1 4 2 0 
96709 569 607 190 5 523 131 2 176 1070 6 3 3 6 0 
96662 566 615 158 3 537 138 0 195 1105 10 3 4 4 0 
96704 587 599 175 5 495 132 3 220 1054 9 2 8 7 0 
96782 514 593 186 2 536 141 1 188 1035 9 4 3 5 1 
96771 513 613 176 5 484 141 2 209 1073 6 2 5 0 0 
96792 517 562 164 3 531 144 1 221 1046 5 3 5 6 0 
96681 544 575 188 6 545 135 2 180 1115 7 5 5 12 0 
96773 523 593 164 2 530 134 3 203 1061 4 0 7 3 0 
96778 547 562 179 1 515 146 4 210 1035 8 1 9 5 0 
96703 548 621 160 2 488 149 4 214 1082 9 4 6 10 0 
96689 555 596 176 2 545 126 6 198 1080 4 5 10 8 0 
96831 500 561 194 7 532 132 4 204 1009 6 1 11 8 0 
96813 578 577 178 3 494 139 2 179 1018 6 3 3 7 0 
96786 491 588 154 7 503 122 2 218 1103 9 4 6 6 1 
96681 534 623 184 2 519 139 5 195 1099 2 2 7 8 0 
96663 552 607 188 3 541 130 4 212 1077 8 2 9 4 0 
96740 521 595 159 1 497 135 0 213 1112 10 3 8 6 0 
96784 545 554 180 5 507 120 5 193 1082 8 2 8 7 0 
96726 553 616 174 4 529 120 4 207 1050 5 3 4 5 0 
96729 569 587 169 1 518 132 2 207 1072 2 2 4 6 0 
96741 525 586 195 4 496 121 1 214 1099 3 5 5 5 0 
96806 512 576 180 2 509 148 3 206 1036 8 2 5 7 0 
96652 545 639 173 2 550 138 7 188 1082 7 4 8 5 0 
96730 514 581 173 3 558 147 4 222 1054 3 2 4 5 0 
96743 521 605 155 3 538 117 3 193 1102 4 5 8 3 0 
96733 545 611 164 4 503 132 1 205 1079 5 2 8 8 0 
96811 501 567 175 4 491 138 5 194 1092 6 1 4 11 0 
96768 511 591 192 3 547 148 2 198 1018 5 4 7 5 1 
96739 543 559 187 2 524 126 1 221 1076 10 1 8 3 0 
96718 555 586 181 4 502 131 5 220 1076 9 1 5 7 0 
96718 565 641 177 6 480 151 1 218 1029 3 1 4 6 0 
96790 525 572 171 4 543 136 3 188 1042 8 7 6 5 0 
96855 508 542 173 1 527 143 7 219 996 9 4 5 11 0 
96794 572 549 164 6 510 132 5 227 1022 4 3 6 6 0 
96658 588 596 163 3 519 117 4 200 1125 10 2 5 9 1 
96701 569 575 172 3 522 140 8 197 1099 3 1 5 5 0 
96744 526 591 176 2 501 146 0 205 1087 5 3 2 12 0 
96749 528 627 161 4 527 141 3 184 1058 6 3 4 5 0 
96811 549 554 179 3 514 132 3 181 1048 8 5 8 5 0 
96737 563 645 176 1 497 127 4 185 1045 5 4 6 5 0 
96811 577 535 159 2 508 124 3 211 1048 4 3 5 10 0 
96838 538 581 193 5 489 111 0 214 1018 4 0 2 6 1 
96710 561 616 194 1 521 150 4 212 1016 4 4 6 1 0 
96828 529 586 184 2 499 128 2 203 1016 6 3 5 9 0 
96798 545 581 189 4 513 129 5 187 1027 7 2 7 6 0 
96697 559 593 177 3 537 119 5 188 1099 7 5 7 4 0 
96730 543 565 189 4 535 144 2 220 1051 5 4 3 5 0 
96786 496 572 181 4 535 144 4 223 1033 7 4 4 7 0 
96694 574 595 182 3 543 128 1 216 1046 4 0 9 5 0 
96802 509 590 168 1 507 137 0 187 1079 3 1 9 7 0 
96779 535 610 169 3 498 139 2 202 1041 5 5 6 6 0 
96779 528 577 172 5 525 126 1 201 1071 1 1 7 6 0 
96721 526 590 183 7 509 124 1 215 1105 8 4 2 5 0 
96655 573 603 192 5 518 137 4 228 1062 7 6 4 6 0 
96803 534 619 171 2 506 127 2 174 1043 7 2 7 3 0 
96756 590 623 188 5 488 132 5 191 1003 5 5 4 5 0 
96745 574 587 174 4 508 126 1 204 1059 5 1 5 7 0 
96828 539 552 178 4 471 142 5 187 1070 10 1 3 10 0 
96753 600 600 170 1 470 130 5 186 1060 11 3 6 5 0 
96736 603 567 179 4 514 136 3 201 1037 6 2 6 6 0 
96767 532 564 181 6 523 139 4 178 1086 4 3 7 6 0 
96780 530 625 180 3 503 141 2 185 1041 3 1 1 5 0 
96738 561 582 185 5 508 117 2 222 1056 7 1 4 12 0 
96782 472 602 189 0 549 133 3 185 1067 8 1 4 5 0 
96887 488 565 165 3 539 122 3 202 1011 3 4 3 5 0 
96839 523 561 157 7 494 131 6 222 1034 5 5 9 7 0 
96775 573 626 154 2 504 125 5 190 1024 4 5 5 8 0 
96777 582 615 162 4 519 119 2 174 1017 8 6 11 4 0 
96779 533 571 171 2 534 140 1 201 1045 7 9 5 2 0 
96851 526 613 174 2 473 135 4 187 1016 4 3 4 8 0 
96712 540 579 188 3 510 145 6 210 1082 6 3 9 7 0 
96786 536 539 194 5 489 157 1 204 1076 4 2 2 5 0 
96695 577 584 162 6 506 144 3 179 1124 6 3 6 5 0 
96759 568 570 200 2 479 138 3 204 1061 1 2 4 9 0 
96836 527 598 183 3 510 130 3 190 1004 3 3 5 5 0 
96720 547 611 191 5 498 147 4 184 1069 5 1 5 13 0 
96751 498 614 168 4 516 137 2 199 1096 6 3 4 2 0 
96699 547 580 175 3 524 139 2 210 1088 13 5 11 4 0 
96717 511 560 180 5 548 141 1 224 1092 6 3 9 3 0 
96729 536 591 180 0 529 134 3 197 1081 7 2 7 4 0 
96708 553 569 161 1 543 124 1 216 1115 2 3 1 3 0 
96816 505 579 176 1 537 115 1 217 1030 7 5 4 7 0 
96770 543 585 182 5 533 127 2 187 1048 5 1 2 10 0 
96603 604 603 199 1 538 127 2 207 1090 5 3 9 9 0 
96827 538 586 160 4 530 115 0 225 994 6 2 7 6 0 
96866 514 571 181 7 493 137 4 192 1018 6 3 4 4 0 
96779 509 594 168 2 518 125 4 191 1092 6 2 5 5 0 
96771 520 600 165 5 473 122 3 236 1085 6 2 7 5 0 
96854 543 553 189 0 513 116 1 197 1016 6 2 5 5 0 
96789 482 593 179 4 526 134 1 187 1081 9 3 5 7 0 
96766 491 649 182 7 512 117 3 223 1031 6 3 7 3 0 
96756 542 565 163 6 509 114 2 193 1128 5 6 6 4 1 
96835 515 571 171 6 511 125 2 203 1038 5 3 8 7 0 
96844 522 547 167 6 477 129 2 208 1083 3 0 9 3 0 
96700 566 600 170 4 511 118 6 243 1059 5 4 7 7 0 
96690 555 632 169 5 517 116 3 205 1088 7 4 4 5 0 
96799 519 563 177 3 503 138 4 207 1065 5 3 7 7 0 
96719 568 561 178 2 536 126 1 198 1084 10 5 5 7 0 
96770 566 605 182 5 500 124 2 192 1036 5 2 7 4 0 
96706 528 574 184 4 549 127 4 195 1110 8 4 2 5 0 
96748 573 566 175 3 562 129 1 169 1035 8 7 14 10 0 
96741 540 582 170 1 527 130 2 188 1102 6 0 5 6 0 
96810 516 553 186 2 491 121 4 207 1088 8 4 3 7 0 
96740 541 599 172 5 516 130 4 194 1075 7 3 5 9 0 
96752 532 570 185 1 551 121 1 216 1046 7 6 5 7 0 
96787 539 629 179 3 521 116 3 206 1005 1 2 7 2 0 
96617 582 588 185 3 522 135 2 218 1129 2 5 10 2 0 
96767 575 608 177 2 518 127 5 185 1018 4 4 6 4 0 
96797 543 607 165 9 508 111 4 183 1057 7 3 4 2 0 
96663 522 628 191 1 529 123 3 223 1096 6 2 7 6 0 
96714 533 623 191 8 503 142 0 216 1044 9 7 7 3 0 
96741 564 561 188 5 519 116 3 201 1068 10 7 8 8 1 
96737 517 564 165 4 557 141 2 196 1100 2 3 6 6 0 
96827 510 593 190 2 511 125 5 196 1011 4 7 9 10 0 
96710 550 590 189 2 508 141 1 207 1083 6 3 5 4 1 
96847 522 591 184 2 489 110 6 185 1049 2 4 5 4 0 
96796 537 608 178 2 445 146 4 194 1077 4 1 4 4 0 
96722 551 581 166 5 505 141 5 171 1139 2 1 4 7 0 
96739 550 577 183 0 523 110 4 199 1099 6 1 5 4 0 
96731 536 604 182 5 550 129 3 209 1036 4 3 1 7 0 
96721 542 570 186 4 535 135 3 194 1092 4 1 8 5 0 
96831 519 564 174 1 499 122 3 204 1060 7 3 9 4 0 
96843 564 554 176 7 524 121 2 168 1018 7 7 6 3 0 
96804 520 567 169 4 503 130 2 233 1049 6 4 7 2 0 
96834 550 560 181 2 511 139 2 175 1023 7 4 8 4 0 
96793 567 572 173 3 517 123 2 210 1013 7 5 8 7 0 
96905 518 584 186 4 499 138 3 184 964 3 4 4 4 0 
96775 538 616 183 2 478 133 1 215 1041 5 2 3 8 0 
96764 482 622 151 3 540 126 0 199 1090 5 4 5 9 0 
96680 557 599 188 3 518 123 4 212 1099 2 3 8 4 0 
96708 559 554 161 4 532 131 5 215 1112 3 5 7 4 0 
96708 540 572 171 3 533 131 3 207 1096 10 6 10 10 0 
96796 505 561 173 4 537 122 5 204 1077 3 0 3 10 0 
96765 558 581 190 0 500 141 2 187 1054 10 3 7 2 0 
96845 533 566 175 5 518 118 4 204 1016 5 3 3 5 0 
96635 523 623 176 4 595 126 2 164 1128 5 1 8 10 0 
96697 549 626 157 8 515 126 4 201 1094 11 2 6 4 0 
96771 562 608 171 3 538 102 2 167 1063 6 1 1 5 0 
96751 551 593 167 5 531 132 1 186 1065 5 2 5 6 0 
96746 545 626 183 3 519 129 1 184 1043 5 4 8 4 0 
96684 581 603 174 2 529 122 4 210 1075 6 3 4 3 0 
96776 485 562 171 3 535 146 4 233 1056 8 3 10 8 0 
96746 512 596 174 4 509 134 6 233 1068 4 5 5 4 0 
96749 543 584 154 5 536 120 1 231 1051 9 2 7 8 0 
96840 537 560 178 5 539 129 4 184 1003 3 2 9 7 0 
96762 523 600 193 3 514 135 4 208 1037 5 5 6 5 0 
96677 514 590 191 3 535 117 3 232 1119 5 4 7 3 0 
96818 551 543 195 3 489 124 2 198 1050 11 4 2 10 0 
96833 504 631 175 3 462 130 1 187 1061 3 4 2 4 0 
96802 564 568 173 1 513 140 5 183 1033 8 2 4 4 0 
96772 522 569 180 2 509 128 2 207 1088 10 3 3 5 0 
96737 534 594 155 4 545 127 7 217 1056 7 4 7 6 0 
96673 529 586 169 2 545 133 6 240 1090 12 6 8 1 0 
96819 524 564 168 4 481 127 0 195 1096 6 2 4 10 0 
96688 554 598 174 1 545 168 1 194 1055 7 4 6 5 0 
96730 530 629 157 4 553 118 2 200 1058 10 4 2 3 0 
96710 535 619 149 7 538 144 5 215 1058 4 3 2 11 0 
96757 533 590 177 3 524 119 5 194 1073 6 4 7 8 0 
96735 553 591 204 5 523 126 2 177 1068 4 3 6 3 0 
96699 585 564 153 3 527 132 2 203 1114 6 5 4 3 0 
96654 572 620 164 3 531 150 2 216 1067 8 4 4 5 0 
96838 515 574 200 0 495 113 1 180 1062 5 5 4 8 0 
96722 531 603 194 2 528 134 6 215 1048 5 5 4 3 0 
96728 578 592 189 3 531 123 3 184 1050 5 4 6 4 0 
96705 541 628 167 3 464 155 7 200 1111 3 7 2 7 0 
96642 537 614 189 5 550 132 3 209 1102 6 4 4 3 0 
96745 584 585 156 4 525 135 4 206 1030 10 4 7 5 0 
96730 593 599 183 5 511 134 3 209 1012 4 1 9 7 0 
96756 547 590 145 0 557 137 5 221 1024 2 6 7 3 0 
96774 507 567 155 5 514 127 2 204 1131 3 1 4 6 0 
96772 528 568 188 6 534 131 2 201 1049 9 4 2 6 0 
96734 535 604 184 2 512 135 1 200 1076 3 3 6 5 0 
96749 544 598 179 2 466 124 2 180 1132 11 2 2 9 0 
96657 594 566 175 0 488 153 4 191 1148 8 5 7 4 0 
96714 554 611 165 3 503 146 2 205 1077 10 1 4 5 0 
96732 579 577 161 3 533 132 3 186 1083 0 2 8 1 0 
96755 555 602 193 4 518 117 2 188 1049 7 2 4 4 0 
96758 504 595 195 3 523 123 2 194 1082 4 0 11 6 0 
96681 554 615 197 4 503 125 4 206 1087 6 5 6 7 0 
96852 545 608 187 5 446 142 1 193 1003 5 2 7 4 0 
96769 524 595 159 2 550 134 5 214 1023 7 7 6 5 0 
96806 531 614 171 2 513 119 0 216 1011 3 3 5 5 1 
96728 550 603 195 3 516 130 5 215 1037 8 2 2 6 0 
96744 562 601 178 5 525 111 1 182 1066 6 7 5 7 0 
96718 513 594 186 2 546 122 5 213 1077 7 3 10 4 0 
96789 563 576 162 0 563 128 0 183 1016 6 2 4 8 0 
96710 561 620 185 2 492 122 3 192 1092 8 3 5 5 0 
96725 537 621 174 2 507 137 1 184 1098 3 2 5 4 0 
96745 528 580 210 4 521 116 3 176 1096 8 1 5 7 0 
96645 536 621 208 3 514 139 3 203 1114 3 1 4 6 0 
96707 528 573 164 4 516 127 1 208 1150 4 0 10 8 0 
96783 530 600 194 6 505 115 3 173 1070 7 2 4 8 0 
96797 519 594 166 1 496 135 2 202 1064 10 3 7 4 0 
96824 560 579 184 2 473 134 6 213 1009 5 3 5 3 0 
96762 566 587 173 2 511 105 2 197 1073 7 4 4 7 0 
96726 572 568 182 5 517 135 0 207 1057 9 8 10 4 0 
96724 591 574 180 2 515 132 2 181 1082 6 1 6 4 0 
96722 550 622 179 4 484 142 1 203 1072 7 0 3 11 0 
96657 586 568 197 5 515 118 1 204 1129 6 5 3 6 0 
96713 550 599 179 1 546 120 3 199 1062 10 5 9 4 0 
96680 535 642 188 2 531 131 0 188 1080 9 3 5 6 0 
96739 526 581 192 3 558 138 2 190 1038 8 4 10 11 0 
96707 582 574 180 1 508 149 2 203 1066 8 3 11 6 0 
96859 505 574 170 3 499 138 2 191 1041 6 3 3 6 0 
96757 511 577 185 2 509 120 1 209 1108 8 2 5 6 0 
96716 525 635 158 4 527 131 2 214 1070 10 1 1 6 0 
96778 519 605 163 8 520 124 2 208 1050 4 3 9 7 0 
96748 587 555 171 2 499 148 3 213 1054 5 2 5 8 0 
96837 540 550 187 1 528 122 4 188 1025 8 2 2 6 0 
96664 530 604 200 7 538 111 5 231 1092 2 1 5 10 0 
96879 548 546 168 1 487 114 1 199 1035 8 4 6 4 0 
96707 549 587 182 3 508 129 4 217 1094 3 1 9 7 0 
96890 548 539 182 4 509 114 3 185 1008 3 1 8 6 0 
96658 564 599 165 4 513 140 1 220 1114 9 2 5 6 0 
96772 526 575 172 1 513 132 3 195 1088 7 1 11 4 0 
96730 541 599 175 2 524 120 3 216 1070 6 4 6 4 0 
96744 522 616 173 3 496 115 1 204 1097 6 3 13 7 0 
96746 537 602 169 1 550 113 4 199 1059 6 8 4 2 0 
96714 517 623 187 1 494 141 4 221 1075 9 4 7 3 0 
96778 519 613 162 9 501 150 5 211 1033 4 4 9 2 0 
96730 571 600 178 1 543 128 4 198 1031 5 2 6 3 0 
96701 571 569 174 3 498 128 1 214 1119 6 6 7 3 0 
96857 522 583 185 4 502 139 2 184 1008 2 4 5 3 0 
96697 549 603 193 5 536 138 2 218 1040 7 4 4 4 0 
96671 604 632 184 4 522 121 2 190 1046 7 3 6 8 0 
96718 555 579 175 6 481 168 2 219 1067 8 7 6 9 0 
96773 492 607 197 4 531 154 1 203 1014 5 8 5 6 0 
96710 553 580 196 5 517 151 1 185 1087 7 3 2 3 0 
96712 532 596 179 3 551 137 4 196 1072 3 1 9 5 0 
96739 553 587 191 4 535 134 2 183 1056 6 3 3 4 0 
96686 544 574 164 4 551 136 2 212 1104 12 0 6 5 0 
96835 505 600 175 4 508 109 3 204 1033 6 0 10 8 0 
96738 550 598 172 5 515 124 2 201 1067 10 6 7 5 0 
96784 557 590 160 3 477 120 1 207 1086 5 2 5 3 0 
96783 519 626 181 3 504 120 2 201 1032 4 7 10 8 0 
96647 572 595 188 2 545 119 2 231 1068 9 2 11 9 0 
96769 584 575 169 1 500 127 1 194 1065 3 4 5 3 0 
96795 543 579 180 1 530 136 0 163 1058 6 2 2 5 0 
96714 569 600 169 1 536 137 2 205 1047 4 4 6 6 0 
96745 544 582 169 7 527 123 2 212 1064 6 6 8 5 0 
96884 517 547 166 3 527 131 2 180 1026 6 4 4 3 0 
96787 557 588 152 2 545 122 2 205 1013 10 1 8 8 0 
96791 506 590 188 4 511 118 5 201 1067 7 2 6 4 0 
96792 525 610 185 3 524 124 4 198 1016 9 2 5 3 0 
96777 533 615 186 3 487 129 4 199 1039 9 5 5 9 0 
96715 568 602 152 7 532 126 0 194 1077 12 2 8 5 0 
96696 536 632 179 1 539 132 3 188 1067 9 2 11 5 0 
96780 542 569 165 2 521 135 8 200 1059 5 2 8 4 0 
96748 550 602 176 2 517 128 3 190 1067 3 2 4 8 0 
96753 527 593 178 3 489 140 3 211 1084 6 3 6 4 0 
96708 551 595 195 6 508 146 3 201 1073 5 4 2 3 0 
96716 566 597 166 2 541 135 1 200 1056 5 4 8 3 0 
96808 569 576 189 4 493 129 4 170 1037 9 3 8 1 0 
96699 523 599 188 3 551 132 3 218 1067 7 1 4 4 1 
96672 562 598 180 5 542 134 2 213 1077 4 1 4 6 0 
96785 532 610 188 3 502 122 2 191 1044 9 3 4 5 0 
96856 525 588 164 2 490 127 3 183 1043 6 5 4 4 0 
96760 555 562 172 3 519 148 4 179 1081 6 2 4 5 0 
96706 523 588 174 2 542 128 5 182 1131 5 1 8 5 0 
96731 548 620 172 2 519 127 4 189 1067 6 2 7 6 0 
96757 583 610 183 1 494 125 0 205 1018 6 4 6 8 0 
96799 562 595 184 3 444 150 4 200 1033 8 4 6 8 0 
96743 529 589 177 2 561 122 4 188 1063 4 4 6 8 0 
96831 530 597 177 6 503 105 3 196 1036 8 2 2 4 0 
96705 543 604 196 3 518 154 2 204 1046 5 7 8 5 0 
96737 554 615 181 4 521 110 2 195 1053 6 4 7 11 0 
96644 585 576 203 3 519 108 3 208 1129 9 1 11 1 0 
96772 561 617 178 2 503 120 3 191 1039 5 0 4 5 0 
96777 530 587 170 3 550 125 2 195 1032 5 6 8 10 0 
96695 544 586 174 6 511 144 5 196 1118 8 2 4 7 0 
96653 567 593 185 5 524 131 2 198 1115 8 5 10 4 0 
96734 566 611 180 1 559 137 4 185 1002 9 1 5 6 0 
96724 544 603 157 1 522 128 3 183 1110 6 2 8 9 0 
96818 560 594 176 6 477 126 1 197 1023 6 3 10 3 0 
96748 514 576 164 7 536 130 3 214 1090 3 4 8 3 0 
96776 536 581 165 2 521 138 0 182 1080 7 1 5 6 0 
96823 505 586 201 2 516 109 2 202 1032 7 4 6 5 0 
96687 540 550 171 1 562 140 4 212 1108 3 6 11 5 0 
96830 535 583 183 5 518 134 1 202 986 5 2 9 6 1 
96868 522 573 155 1 525 127 1 194 1025 1 2 3 3 0 
96791 494 612 157 4 509 135 2 215 1063 6 3 1 8 0 
96735 521 593 192 1 497 147 2 196 1094 9 4 3 6 0 
96797 536 595 163 8 512 128 4 182 1055 4 3 11 2 0 
96823 514 576 187 4 493 134 3 199 1049 7 4 5 2 0 
96609 552 606 203 3 570 145 5 202 1085 7 6 3 4 0 
96784 547 603 154 4 520 138 3 204 1027 4 3 6 3 0 
96744 527 564 184 8 540 128 1 205 1078 6 8 1 6 0 
96821 505 589 173 5 520 140 2 201 1027 4 6 4 3 0 
96840 534 536 154 3 521 137 2 211 1044 2 4 6 6 0 
96744 508 626 177 3 515 116 5 193 1093 6 4 4 6 0 
96685 546 617 196 4 485 132 3 216 1098 3 3 7 5 0 
96759 526 571 189 1 520 136 3 212 1064 4 3 8 4 0 
96819 526 577 160 3 520 118 3 210 1045 3 9 2 5 0 
96750 516 575 174 5 516 137 4 189 1119 5 3 7 0 0 
96661 562 597 173 4 541 131 5 178 1121 8 5 7 6 1 
96783 535 621 163 6 503 113 3 195 1052 5 6 7 8 0 
96674 554 623 198 4 499 138 3 188 1093 3 5 9 8 1 
96793 551 540 173 2 513 150 4 184 1060 5 5 13 7 0 
96829 515 604 174 5 464 135 2 200 1052 6 5 3 6 0 
96765 508 608 160 5 527 130 5 194 1077 6 2 7 6 0 
96757 554 618 143 2 520 143 0 205 1036 10 0 9 3 0 
96703 530 608 192 1 504 138 8 201 1099 6 4 3 3 0 
96751 515 592 195 3 489 137 0 214 1091 1 2 6 4 0 
96788 514 595 169 0 538 141 1 178 1055 9 3 3 6 0 
96695 564 626 172 7 549 132 6 180 1054 5 3 3 4 0 
96724 521 617 185 1 518 134 2 199 1081 6 6 5 1 0 
96784 531 558 184 1 518 142 2 203 1064 4 2 4 3 0 
96804 513 636 183 4 488 139 1 208 1000 6 7 3 8 0 
96687 544 624 165 4 513 135 1 220 1082 7 6 6 6 0 
96687 580 614 196 3 541 111 2 192 1059 4 2 4 5 0 
96798 536 590 198 1 500 123 4 190 1045 7 0 5 3 0 
96776 541 633 178 2 501 118 1 184 1051 5 2 3 5 0 
96742 546 622 181 2 542 117 4 200 1020 9 3 4 8 0 
96705 542 632 193 5 546 127 1 199 1021 9 8 6 6 0 
96757 546 588 162 2 513 137 1 199 1075 7 5 7 1 0 
96850 495 578 191 2 513 126 3 198 1016 11 3 6 8 0 
96759 548 580 206 3 509 141 1 211 1024 4 4 7 3 0 
96816 513 582 189 3 527 133 1 212 1000 5 3 8 8 0 
96697 568 612 173 5 489 124 1 207 1104 4 3 7 6 0 
96755 506 574 197 4 527 146 4 195 1069 8 0 9 6 0 
96758 550 592 186 2 480 135 3 171 1093 10 4 6 10 0 
96822 489 560 178 3 501 132 4 200 1090 8 5 2 5 1 
96623 569 570 164 2 546 146 4 213 1140 4 5 9 5 0 
96787 525 575 194 2 506 132 3 223 1037 7 0 3 6 0 
96826 491 592 205 8 500 119 1 212 1026 9 2 8 1 0 
96714 540 595 175 3 514 135 4 209 1089 6 5 6 5 0 
96759 537 570 191 1 522 117 1 201 1074 9 7 4 7 0 
96675 491 621 182 4 545 121 5 227 1108 4 3 4 10 0 
96751 566 560 151 3 505 139 8 222 1067 7 0 6 15 0 
96782 517 579 173 2 535 118 2 205 1070 2 4 9 2 0 
96739 502 612 201 1 516 128 2 208 1068 4 8 3 8 0 
96669 562 618 162 0 546 150 4 191 1072 6 5 8 7 0 
96750 518 583 189 4 597 122 4 187 1024 7 3 7 5 0 
96716 578 599 169 5 535 118 0 207 1051 7 5 7 3 0 
96703 543 603 190 6 520 116 4 194 1103 6 3 2 7 0 
96823 510 589 183 2 493 116 2 225 1037 7 3 5 5 0 
96721 549 591 196 3 502 135 6 207 1071 4 1 5 9 0 
96754 524 602 173 2 519 125 5 202 1073 4 3 6 8 0 
96772 556 605 141 5 514 119 2 196 1073 5 1 3 8 0 
96678 535 610 171 3 546 145 3 226 1052 6 3 8 14 0 
96729 558 595 201 1 539 118 3 196 1038 7 5 5 5 0 
96732 552 569 177 3 527 141 2 218 1055 5 4 6 8 1 
96812 525 573 195 1 494 136 2 229 1011 10 0 5 7 0 
96794 513 565 175 3 499 129 2 211 1096 4 1 4 4 0 
96682 520 598 181 3 493 133 4 201 1164 7 4 6 4 0 
96720 572 582 152 4 525 129 1 197 1102 2 1 6 7 0 
96738 507 585 198 6 555 141 2 203 1037 11 5 8 4 0 
96735 532 604 190 2 533 130 3 192 1062 4 2 5 6 0 
96742 577 555 192 1 519 122 1 195 1072 8 4 4 8 0 
96888 530 570 155 3 474 134 3 179 1046 5 1 4 8 0 
96792 532 590 223 2 461 126 0 189 1066 7 3 5 4 0 
96783 548 561 185 3 505 133 4 183 1074 5 4 8 4 0 
96812 484 613 166 0 500 111 2 223 1063 11 3 4 8 0 
96745 548 599 167 4 513 113 3 208 1076 5 11 5 3 0 
96750 497 569 175 4 579 126 2 209 1062 8 9 5 5 0 
96734 534 599 197 3 522 128 1 194 1067 6 2 8 5 0 
96781 588 592 185 6 487 111 3 199 1026 9 5 4 4 0 
96713 541 590 189 4 491 138 2 221 1097 5 2 5 2 0 
96838 521 589 175 4 473 118 1 189 1074 2 4 5 7 0 
96860 509 580 182 1 491 142 1 211 1007 6 1 3 6 0 
