96722 592 611 143 3 448 137 6 237 1082 6 5 4 4 0 
96836 598 568 107 2 459 133 7 233 1040 8 4 4 1 0 
96766 561 594 142 7 480 142 3 239 1045 4 3 7 7 0 
96797 578 593 118 1 469 124 2 247 1052 3 4 6 6 0 
96697 613 578 124 3 500 134 0 261 1071 4 3 4 8 0 
96686 584 596 145 7 473 114 2 239 1127 8 1 7 11 0 
96752 569 629 122 3 461 133 0 236 1073 10 3 5 4 0 
96836 559 596 114 6 474 131 1 226 1036 3 4 5 9 0 
96709 633 599 115 5 495 134 0 262 1030 3 2 6 7 0 
96731 614 598 129 5 473 139 2 237 1053 5 4 6 4 0 
96861 536 551 136 1 457 124 1 245 1068 7 4 5 4 0 
96706 599 601 139 1 493 133 3 271 1038 4 2 3 7 0 
96730 615 577 150 2 452 127 5 297 1027 9 1 3 5 0 
96734 605 595 137 4 424 129 3 254 1085 12 6 5 7 0 
96662 648 604 132 0 477 134 0 246 1083 4 5 4 1 0 
96796 596 584 100 2 484 117 0 261 1030 9 8 8 5 0 
96732 603 561 144 0 472 116 1 271 1078 3 3 6 9 1 
96740 544 594 135 4 474 107 5 260 1115 9 6 5 2 0 
96741 592 629 161 3 467 129 0 233 1032 3 0 4 6 0 
96842 583 613 127 3 441 117 0 257 994 5 4 5 9 0 
96775 574 599 133 4 503 132 3 247 1013 4 4 6 3 0 
96691 596 582 148 2 507 97 4 257 1094 3 6 7 6 0 
96781 549 560 130 2 472 122 4 268 1085 9 9 5 4 0 
96732 595 578 125 3 464 125 1 251 1103 8 3 5 7 0 
96808 586 584 134 6 444 151 6 238 1031 4 3 2 3 0 
96890 530 599 128 2 442 127 3 267 983 9 4 10 6 0 
96891 524 566 143 2 420 135 5 262 1027 12 4 4 5 0 
96782 574 568 122 2 463 140 4 249 1071 10 3 6 6 0 
96730 592 565 131 1 464 134 1 240 1125 5 3 5 4 0 
96880 570 578 125 2 455 111 1 244 1018 5 4 4 3 0 
96810 562 595 114 5 480 140 5 238 1033 7 0 3 8 0 
96736 603 606 136 0 486 131 2 252 1020 11 4 6 7 0 
96754 548 640 134 2 509 143 1 242 1013 6 2 4 2 0 
96831 590 541 126 1 469 124 3 253 1044 3 1 10 4 0 
96816 600 595 132 1 417 135 2 237 1053 4 5 2 1 0 
96723 579 599 149 1 490 143 2 255 1041 6 2 8 2 0 
96754 641 603 138 5 453 113 2 245 1031 7 1 2 5 0 
96723 589 632 144 5 462 137 1 251 1036 8 2 4 6 0 
96699 594 615 141 3 474 119 2 223 1108 5 4 7 6 0 
96807 592 562 136 4 467 133 4 236 1033 10 3 8 5 0 
96817 588 563 125 2 478 131 1 261 1009 6 4 7 8 0 
96771 613 585 133 2 468 119 2 240 1044 6 0 7 10 0 
96663 620 612 141 4 503 125 2 261 1048 6 3 5 7 0 
96820 599 566 136 3 479 115 3 248 1007 5 6 8 5 0 
96796 582 574 130 4 475 128 3 265 1027 3 3 8 2 0 
96740 583 579 131 3 462 126 0 268 1091 6 2 4 5 0 
96785 603 570 129 1 449 129 1 233 1076 7 2 10 5 0 
96748 608 575 127 3 469 145 3 284 1022 4 5 4 3 0 
96765 580 605 145 5 479 128 3 237 1034 4 3 5 7 0 
96742 618 621 134 3 458 133 0 250 1017 10 1 8 5 0 
96713 585 636 126 5 444 137 2 246 1083 9 0 8 6 0 
96824 542 569 120 3 471 124 3 259 1069 5 2 6 3 0 
96735 568 549 124 6 471 141 4 239 1136 7 8 4 8 0 
96621 614 639 122 4 474 145 6 235 1120 8 5 3 4 0 
96755 576 605 135 0 499 120 3 249 1040 4 2 6 6 0 
96729 618 601 143 3 467 133 3 214 1059 14 2 7 7 0 
96711 602 567 163 6 461 126 0 252 1087 11 4 7 3 0 
96733 568 615 143 1 495 141 1 247 1040 9 3 3 1 0 
96683 615 601 123 5 503 132 4 246 1065 9 5 6 3 0 
96776 561 625 140 5 462 133 1 226 1051 3 3 13 1 0 
96689 626 591 137 6 510 127 2 248 1046 4 5 6 3 0 
96796 562 604 130 4 492 134 5 239 1015 4 3 5 7 0 
96761 597 602 152 4 449 131 1 241 1038 10 4 7 3 0 
96750 626 585 131 8 447 123 3 275 1030 9 1 4 8 0 
96808 599 605 122 5 471 107 3 270 987 5 7 3 8 0 
96702 588 604 138 6 474 117 4 268 1078 8 3 6 4 0 
96777 574 580 127 2 457 142 0 252 1073 6 3 5 2 0 
96807 559 614 111 2 428 131 0 268 1064 1 3 8 4 0 
96727 558 589 119 3 510 127 2 264 1076 9 6 3 7 0 
96694 605 601 135 3 491 130 2 254 1066 6 2 6 5 0 
96714 631 549 136 2 513 139 0 241 1051 3 5 10 6 0 
96736 548 605 149 5 492 129 0 261 1053 7 1 6 8 0 
96719 610 615 116 2 493 128 4 219 1081 7 1 2 3 0 
96823 580 547 122 3 455 141 0 270 1034 10 3 5 7 0 
96679 602 622 117 1 455 137 1 252 1107 9 6 8 3 1 
96669 595 607 117 4 494 130 1 268 1083 9 3 9 11 0 
96830 558 551 107 3 465 115 3 234 1109 4 3 12 6 0 
96821 565 601 135 2 459 133 1 230 1039 4 1 4 5 0 
96721 590 594 130 2 484 133 4 261 1062 6 4 4 5 0 
96694 612 596 124 1 471 133 3 276 1076 2 1 4 7 0 
96737 553 588 130 4 506 134 3 257 1070 6 5 3 4 0 
96849 594 584 126 1 448 108 3 245 1019 8 4 9 2 0 
96716 573 619 118 5 463 138 3 294 1045 9 5 5 7 0 
96752 579 603 118 2 489 153 0 271 1013 4 2 8 6 0 
96761 582 580 103 5 483 137 4 227 1101 6 1 5 5 0 
96752 615 587 123 4 430 145 5 249 1066 7 6 7 4 0 
96738 581 631 141 4 494 129 1 228 1028 6 3 7 9 0 
96798 571 571 122 8 481 129 1 255 1050 6 4 1 3 0 
96816 599 561 128 4 446 140 2 237 1051 4 1 6 5 0 
96785 556 593 134 4 481 141 3 269 1002 11 5 8 8 0 
96772 602 593 129 7 450 123 2 268 1037 3 3 3 8 0 
96790 518 591 125 2 499 130 2 262 1067 7 2 4 1 0 
96749 600 591 145 4 446 126 2 232 1089 4 2 7 3 0 
96806 598 555 131 3 480 112 1 226 1067 5 3 4 8 1 
96722 584 570 139 1 487 127 2 249 1093 10 5 5 6 0 
96672 618 565 156 4 451 109 2 270 1133 6 4 4 6 0 
96839 569 593 144 1 464 132 4 225 1010 8 4 2 5 0 
96704 572 601 130 3 505 119 4 254 1086 6 5 6 5 0 
96830 551 617 120 3 446 139 1 231 1041 5 8 5 3 0 
96704 583 601 128 2 484 130 0 252 1097 3 6 4 6 0 
96838 581 577 124 5 490 137 2 238 982 7 3 6 10 0 
96739 603 617 142 4 448 146 1 250 1018 7 6 12 7 0 
96930 560 539 149 1 455 104 2 224 1021 5 4 4 2 0 
96775 543 582 151 2 488 134 2 243 1057 8 5 2 8 0 
96840 591 586 130 1 450 128 2 231 1025 5 0 5 6 0 
96686 591 601 133 3 480 142 6 251 1079 15 1 7 5 0 
96789 566 596 129 2 463 127 2 234 1072 8 2 5 5 0 
96691 602 605 131 6 506 123 3 249 1057 8 7 8 4 0 
96668 598 598 118 4 488 122 6 266 1115 7 4 2 4 0 
96733 616 593 130 4 468 126 2 248 1050 13 3 6 8 0 
96730 628 596 132 1 455 121 0 248 1069 3 3 9 5 0 
96746 566 602 129 4 468 119 1 231 1108 7 8 6 5 0 
96824 586 581 120 4 479 131 5 222 1031 6 4 5 2 0 
96789 568 624 133 0 468 146 2 264 981 8 5 8 4 0 
96849 584 564 140 3 448 124 2 227 1036 6 4 5 8 0 
96734 586 601 112 6 457 137 4 254 1089 7 3 7 3 0 
96754 579 604 148 0 501 133 1 230 1031 6 3 7 3 0 
96792 600 571 130 6 472 127 4 250 1034 4 2 4 4 0 
96834 562 558 123 6 479 122 2 252 1041 5 3 7 6 0 
96754 601 600 139 4 471 125 3 259 1027 6 3 1 7 0 
96813 598 535 128 7 480 138 1 232 1048 4 6 5 5 0 
96807 592 586 118 0 483 134 3 227 1032 4 5 5 4 0 
96786 600 569 123 0 471 126 2 238 1061 9 3 5 7 0 
96823 596 586 141 11 457 112 5 252 996 8 3 6 4 0 
96712 576 590 131 5 482 121 2 294 1064 10 0 5 8 0 
96779 570 561 141 1 481 116 4 250 1072 11 4 6 4 0 
96738 563 606 134 2 471 120 6 233 1096 11 8 7 5 0 
96764 580 570 150 3 475 122 5 233 1075 8 3 9 3 0 
96760 577 583 145 4 475 136 1 275 1027 4 3 5 5 0 
96695 578 587 128 4 451 127 1 272 1139 7 2 4 4 1 
96805 574 563 138 1 466 114 4 234 1088 6 1 2 3 1 
96745 573 604 117 0 483 120 3 248 1091 8 3 3 2 0 
96746 603 573 119 4 488 137 5 239 1058 9 7 7 5 0 
96748 580 594 121 6 456 140 1 256 1079 5 3 8 3 0 
96767 584 613 129 1 463 141 3 227 1040 15 1 10 6 0 
96823 593 603 122 4 458 132 2 235 1008 6 4 5 5 0 
96765 596 588 115 2 454 120 1 238 1096 11 3 5 6 0 
96766 583 606 162 7 476 138 2 232 1011 3 4 2 8 0 
96751 592 596 139 4 460 121 1 249 1066 10 3 5 3 0 
96790 586 576 125 1 477 149 1 255 1024 5 0 8 3 0 
96784 576 576 133 4 477 129 3 228 1066 5 1 10 7 1 
96774 590 597 140 3 477 117 0 245 1040 6 3 6 2 0 
96799 583 580 127 1 489 123 4 223 1055 4 2 5 5 0 
96745 592 593 122 1 482 125 1 227 1094 12 0 2 4 0 
96765 602 556 113 2 473 133 1 259 1075 6 4 5 6 0 
96827 579 548 111 3 496 120 3 262 1028 9 4 6 4 0 
96797 540 559 126 2 495 140 4 245 1078 3 1 5 5 0 
96724 604 588 139 6 464 122 1 271 1061 9 3 3 5 0 
96686 588 615 107 3 475 141 4 271 1085 9 6 6 4 0 
96718 582 618 132 2 485 125 1 256 1061 9 4 0 7 0 
96762 588 608 138 2 467 128 2 245 1042 3 5 6 4 0 
96615 631 594 136 2 483 143 3 250 1120 4 2 15 2 0 
96714 595 586 113 3 451 152 2 270 1092 11 1 3 7 0 
96718 564 600 146 5 483 124 3 283 1058 5 3 5 3 0 
96844 586 584 114 1 456 116 2 245 1027 9 3 9 4 0 
96663 661 585 126 4 478 119 6 259 1080 3 2 10 4 0 
96707 593 575 157 5 457 134 1 270 1077 7 5 5 7 0 
96639 630 592 124 4 508 152 1 261 1072 7 2 4 4 0 
96764 543 554 153 4 463 135 1 268 1100 5 3 4 3 0 
96826 606 562 112 0 455 132 3 242 1043 6 3 6 4 0 
96781 554 581 135 3 430 138 3 285 1075 5 1 7 2 0 
96725 610 592 110 7 484 122 3 240 1080 7 5 8 7 0 
96721 580 603 128 5 467 131 1 267 1079 9 1 5 3 0 
96726 601 591 121 6 483 141 1 249 1059 10 4 3 5 0 
96819 585 557 147 6 456 128 4 251 1030 5 1 6 5 0 
96757 613 563 128 2 514 123 3 246 1036 7 3 2 3 0 
96762 581 601 131 5 458 127 0 255 1052 11 5 9 3 0 
96661 612 553 131 2 490 136 4 270 1116 8 7 8 2 0 
96752 593 595 131 6 462 151 1 240 1041 11 6 6 5 0 
96751 595 591 135 1 455 143 4 257 1045 8 7 3 5 0 
96822 592 608 131 0 484 114 3 231 998 6 2 5 4 0 
96843 565 587 121 3 508 121 2 258 974 9 3 6 0 0 
96790 589 558 130 1 465 137 5 258 1039 5 5 12 6 0 
96749 580 596 142 4 467 128 2 255 1057 7 3 5 5 0 
96827 597 574 148 3 466 114 2 227 1012 9 9 4 8 0 
96882 591 569 112 4 449 131 0 233 1013 4 2 7 3 0 
96705 565 604 133 2 471 141 1 269 1092 2 7 4 4 0 
96739 591 604 127 1 444 138 3 255 1077 5 1 8 6 1 
96726 600 613 118 3 466 125 1 247 1079 9 1 7 5 0 
96762 564 579 126 5 481 147 2 256 1056 6 2 9 5 0 
96755 535 603 145 2 494 137 3 221 1085 6 6 2 6 0 
96724 630 591 140 2 483 125 3 280 999 10 2 8 3 0 
96750 605 609 135 0 477 131 1 262 1016 4 1 5 4 0 
96797 621 549 122 7 495 115 1 237 1031 8 6 7 4 0 
96674 586 610 126 5 472 127 2 278 1098 9 2 8 3 0 
96702 586 663 110 8 452 132 2 285 1039 6 3 9 3 0 
96702 635 593 137 1 467 140 2 240 1055 12 1 7 8 0 
96827 568 601 110 2 440 127 2 244 1065 5 2 6 1 0 
96686 587 588 137 7 508 130 1 219 1129 2 3 1 2 0 
96677 611 569 124 3 509 135 2 266 1085 3 6 8 2 0 
96784 590 568 139 1 440 147 2 247 1060 5 8 4 5 0 
96712 596 589 139 3 459 128 3 296 1054 8 2 6 5 0 
96723 559 591 134 3 477 143 2 261 1082 8 6 4 7 0 
96777 591 614 139 5 456 133 2 234 1028 7 4 6 4 0 
96795 618 594 109 3 457 104 2 246 1055 7 2 5 3 0 
96786 580 604 148 0 463 120 3 238 1038 8 3 3 6 0 
96810 550 618 112 5 458 128 5 232 1066 3 2 6 5 0 
96679 583 607 145 2 487 143 3 250 1077 11 3 5 5 0 
96741 568 593 128 3 459 143 4 251 1091 6 6 4 3 0 
96721 579 614 122 5 452 134 6 259 1086 6 8 3 4 1 
96770 607 600 122 4 462 138 2 241 1037 5 4 6 2 0 
96741 553 573 122 2 473 160 1 267 1095 4 1 3 5 0 
96758 593 625 114 4 479 124 1 243 1036 11 3 5 4 0 
96715 589 618 123 5 504 125 4 253 1045 10 1 6 2 0 
96783 572 610 139 0 447 135 3 243 1035 9 4 6 14 0 
96813 606 603 111 5 417 147 2 222 1045 11 5 7 6 0 
96757 545 619 125 3 456 139 3 258 1065 9 4 7 10 0 
96785 612 571 127 4 481 106 7 243 1035 14 4 8 3 0 
96767 597 601 139 3 438 126 2 238 1069 6 2 7 5 0 
96677 582 569 132 2 481 129 2 289 1115 10 2 6 4 0 
96781 550 570 141 6 462 129 1 257 1081 8 6 6 2 0 
96713 569 636 125 2 516 110 2 256 1049 12 2 5 3 0 
96659 587 607 124 9 467 144 3 268 1106 6 3 6 11 0 
96817 544 565 129 5 462 145 2 240 1078 4 1 7 1 0 
96824 590 562 146 1 464 131 5 240 1019 10 2 2 4 0 
96700 586 568 132 2 511 123 2 261 1103 2 3 3 4 0 
96834 610 577 123 7 420 110 0 227 1075 6 3 7 1 0 
96706 626 607 135 2 488 120 2 249 1047 7 3 5 3 0 
96857 523 593 145 9 477 118 1 216 1037 12 2 7 3 0 
96785 570 592 126 2 475 120 5 221 1086 2 4 5 7 0 
96649 603 609 143 2 495 156 4 244 1078 5 1 7 4 0 
96701 608 607 134 2 458 135 1 258 1064 6 9 10 7 0 
96770 574 591 135 6 496 152 2 205 1048 8 3 8 2 0 
96726 620 632 104 1 500 129 2 223 1041 4 7 3 8 0 
96778 572 587 146 3 461 114 5 233 1080 6 4 6 5 0 
96715 607 583 131 2 505 124 2 271 1041 4 2 8 5 0 
96768 622 541 121 6 456 138 3 209 1120 8 2 4 2 0 
96691 605 560 122 1 519 120 4 255 1107 11 1 2 2 0 
96706 591 607 135 1 472 127 0 268 1083 5 3 1 1 0 
96738 618 558 126 5 487 133 5 248 1066 6 3 5 2 0 
96675 573 601 137 2 524 122 4 274 1066 9 2 6 5 0 
96809 610 563 130 4 434 109 0 271 1051 2 7 6 4 0 
96743 598 608 118 1 454 125 6 264 1062 8 3 8 2 0 
96835 567 543 118 6 490 124 0 214 1083 2 2 6 10 0 
96864 559 554 119 3 480 127 1 258 1017 5 0 7 6 0 
96708 623 570 129 4 492 144 2 225 1083 5 2 9 4 0 
96799 594 602 137 3 439 129 0 216 1056 5 7 10 3 0 
96806 580 563 126 1 419 150 3 236 1090 8 3 8 7 0 
96780 563 592 134 2 479 141 4 261 1029 5 1 5 4 0 
96722 596 600 136 4 452 134 3 237 1096 8 0 6 6 0 
96748 547 588 133 1 506 139 5 269 1043 7 1 10 3 0 
96772 591 608 118 11 454 144 5 243 1031 7 4 2 10 0 
96728 567 602 131 2 467 130 3 267 1089 3 1 4 6 0 
96728 550 608 143 1 471 134 3 260 1084 5 4 5 4 0 
96681 584 625 130 2 479 132 1 251 1090 11 1 4 9 0 
96849 580 585 128 3 448 133 2 259 998 5 3 2 5 0 
96815 537 632 109 2 471 111 4 256 1040 7 4 9 3 0 
96716 613 587 138 6 518 138 2 230 1022 10 6 8 6 0 
96746 627 608 110 1 461 123 1 246 1052 11 1 6 7 0 
96720 607 606 131 4 494 129 5 255 1032 9 2 2 4 0 
96827 576 585 111 7 479 109 3 243 1041 8 1 2 8 0 
96745 640 590 121 5 482 148 3 238 1009 3 2 6 8 0 
96772 553 627 130 3 469 135 2 251 1033 12 3 5 5 0 
96788 602 552 120 4 453 136 6 247 1071 7 6 2 6 0 
96758 568 617 132 2 443 137 2 261 1061 7 3 4 5 0 
96680 602 593 106 3 481 142 2 247 1117 7 7 8 5 0 
96796 568 560 128 9 455 131 0 260 1065 6 4 8 10 0 
96786 577 629 112 5 464 117 9 252 1037 7 2 1 2 0 
96787 555 629 137 5 500 125 1 226 1022 6 2 2 3 0 
96822 537 614 119 1 467 114 2 225 1078 7 4 3 7 0 
96856 549 583 115 3 418 123 9 254 1065 9 3 6 7 0 
96782 552 619 129 2 481 138 4 252 1015 9 4 4 9 0 
96817 557 548 117 4 503 135 3 251 1044 7 5 4 5 0 
96714 549 608 128 2 497 149 4 263 1062 9 4 3 8 0 
96831 549 617 122 2 438 137 5 253 1025 9 3 6 2 1 
96812 578 613 127 1 464 130 4 226 1025 7 0 7 6 0 
96819 571 584 126 5 457 120 1 266 1025 11 5 7 3 0 
96790 613 613 128 1 429 130 2 246 1029 7 3 5 4 0 
96773 577 602 138 6 447 136 3 228 1064 10 4 5 7 0 
96749 600 581 132 8 471 154 2 234 1049 10 2 5 3 0 
96651 615 587 126 4 488 140 1 282 1086 8 4 7 1 0 
96807 572 598 143 5 487 114 2 255 1004 3 4 3 3 0 
96798 593 562 152 2 489 121 0 239 1023 10 2 6 3 0 
96749 592 570 111 4 450 120 1 284 1097 6 8 2 6 0 
96679 593 649 128 4 462 136 4 249 1073 6 6 7 4 0 
96727 588 590 136 2 469 138 3 258 1067 10 5 3 4 0 
96666 590 622 123 5 499 141 1 253 1078 9 4 4 5 0 
96721 630 571 141 3 474 110 2 282 1039 8 1 7 11 0 
96755 584 571 116 1 491 133 0 246 1077 12 6 7 1 0 
96839 600 581 115 2 474 101 4 229 1038 4 4 5 4 0 
96679 603 598 121 5 505 128 4 275 1063 4 4 5 6 0 
96788 574 600 138 6 440 115 3 257 1063 5 1 3 7 0 
96810 616 570 138 4 457 137 4 237 1005 9 4 3 6 0 
96672 612 580 149 7 443 146 3 281 1081 4 3 5 14 0 
96811 592 569 123 3 448 132 1 244 1052 4 5 7 9 0 
96853 558 584 146 4 467 123 1 232 1015 6 3 4 4 0 
96834 609 546 139 4 452 123 2 261 1010 5 6 6 3 0 
96761 553 567 138 4 490 136 1 240 1101 1 1 4 3 0 
96789 564 560 128 3 500 148 5 228 1054 9 1 5 6 0 
96789 602 558 141 4 454 112 0 256 1060 8 2 11 3 0 
96739 571 587 134 1 503 118 3 237 1085 6 4 5 7 0 
96730 572 614 136 2 455 120 1 264 1078 9 7 7 5 0 
96759 565 580 128 4 474 121 2 252 1089 7 2 6 11 0 
96728 607 597 150 3 458 137 3 233 1059 6 3 12 4 0 
96746 657 566 132 5 446 129 2 244 1053 5 6 4 5 0 
96788 569 583 124 2 515 119 2 234 1049 4 1 4 6 0 
96757 608 587 116 1 472 139 1 239 1054 4 7 6 9 0 
96788 567 582 149 3 477 123 2 234 1056 9 2 2 6 0 
96637 632 640 133 5 467 124 1 241 1099 6 4 9 2 0 
96799 579 560 141 3 449 115 2 251 1082 7 2 7 3 0 
96912 534 583 119 5 427 135 4 250 1009 7 4 7 4 0 
96780 554 583 115 1 468 126 5 255 1092 8 3 6 4 0 
96753 568 622 128 4 467 115 2 260 1066 6 3 3 3 0 
96770 553 587 121 0 469 137 5 251 1087 8 2 6 4 0 
96763 558 624 149 9 471 129 3 251 1026 4 1 6 6 0 
96743 591 579 137 3 458 127 4 244 1092 6 6 7 3 0 
96821 526 604 124 5 451 131 2 252 1068 6 3 3 4 0 
96774 595 586 133 4 460 135 3 244 1044 8 2 9 3 0 
96711 589 594 121 1 500 127 2 264 1072 6 4 3 6 0 
96643 649 613 131 6 452 129 5 276 1078 5 3 6 4 0 
96731 555 580 140 3 520 121 0 253 1074 8 2 9 4 0 
96662 562 597 146 5 487 139 4 252 1134 2 2 5 3 0 
96797 577 555 127 2 462 124 5 259 1076 6 2 3 5 0 
96666 578 603 138 3 497 126 6 295 1068 5 4 6 5 0 
96759 600 572 117 6 483 119 5 244 1077 5 2 2 9 0 
96847 559 533 133 3 458 110 5 249 1083 11 1 3 5 0 
96744 595 580 113 4 472 124 1 275 1072 3 2 10 5 0 
96855 553 600 110 1 472 135 1 233 1024 6 4 3 3 0 
96641 609 593 139 4 497 141 3 236 1113 5 0 6 13 0 
96752 578 645 127 2 462 123 1 245 1050 5 0 6 4 0 
96768 551 642 123 3 443 135 5 258 1053 6 4 6 3 0 
96798 576 543 112 2 472 139 1 251 1074 5 6 12 9 0 
96779 592 580 133 3 458 154 3 238 1050 2 2 2 4 0 
96803 586 586 114 0 451 118 0 230 1098 8 1 5 0 0 
96773 588 593 125 4 470 107 3 240 1071 12 5 2 7 0 
96654 612 589 128 6 444 143 3 266 1137 7 3 6 2 0 
96689 533 607 116 3 527 139 3 230 1128 8 5 9 3 0 
96697 525 601 141 5 517 114 3 258 1111 8 5 8 7 0 
96692 580 615 141 4 490 129 1 242 1087 3 4 9 3 0 
96725 577 592 103 5 458 133 1 232 1161 2 4 5 2 0 
96750 533 570 121 4 506 129 3 281 1077 6 4 8 8 0 
96767 591 575 148 4 490 120 3 245 1030 4 6 7 10 0 
96756 615 590 128 4 482 124 2 250 1026 7 5 6 5 0 
96777 634 543 119 5 493 118 6 243 1043 6 3 6 4 0 
96694 614 595 118 2 493 140 3 264 1061 6 2 7 1 0 
96752 578 586 142 1 481 123 3 242 1067 7 3 8 7 0 
96697 612 576 135 2 472 139 1 273 1074 6 3 5 5 0 
96795 555 594 116 0 506 134 0 246 1035 5 1 7 6 0 
96822 574 577 131 5 440 127 1 231 1072 7 1 5 7 0 
96644 589 584 164 3 487 154 5 240 1107 6 1 10 6 0 
96780 594 580 119 2 463 139 1 251 1052 10 0 5 4 0 
96586 632 613 132 2 495 135 2 285 1094 9 4 4 7 0 
96835 541 563 144 2 482 140 2 236 1032 6 5 5 7 0 
96767 572 584 105 2 508 130 1 252 1058 5 5 6 5 0 
96743 586 601 136 2 463 120 1 271 1057 4 5 6 5 0 
96774 570 551 132 1 481 124 4 258 1092 4 1 6 2 0 
96807 566 641 115 6 437 131 2 251 1029 8 1 3 3 0 
96798 551 559 140 5 458 125 3 248 1096 10 1 3 3 0 
96773 594 579 120 5 457 135 2 271 1045 8 2 4 5 0 
96796 579 581 114 1 464 148 1 261 1035 5 4 7 4 0 
96679 597 614 138 3 461 131 1 254 1096 6 6 7 7 0 
96798 558 631 126 2 451 121 1 249 1037 6 6 9 5 0 
96731 609 578 137 0 459 130 5 280 1054 7 2 5 3 0 
96767 570 572 144 5 443 134 5 268 1076 3 4 6 3 0 
96693 585 615 142 4 486 125 1 255 1069 11 5 2 7 0 
96756 586 569 130 5 452 144 4 243 1084 14 3 9 1 0 
96757 567 604 122 1 478 122 2 245 1084 9 3 3 3 0 
96707 555 573 135 1 485 131 4 262 1129 3 2 7 6 0 
96747 599 566 131 4 444 141 2 278 1070 9 3 5 1 0 
96793 584 590 121 4 475 116 2 235 1058 7 5 7 3 0 
96720 593 605 125 5 443 129 1 229 1127 4 4 8 7 0 
96768 598 577 137 2 463 118 0 237 1082 9 1 5 3 0 
96842 537 559 139 1 502 132 3 232 1039 6 5 0 3 0 
96747 650 583 135 4 470 132 2 233 1032 4 1 3 4 0 
96677 584 622 128 5 492 141 3 269 1059 6 4 8 2 0 
96772 586 627 127 2 399 121 3 231 1118 6 3 5 0 0 
96710 610 626 107 4 509 107 0 265 1033 13 4 5 7 0 
96677 621 606 132 4 464 134 1 259 1081 9 1 5 6 0 
96791 612 571 128 2 463 150 2 226 1034 6 4 4 6 1 
96743 599 625 138 2 442 133 2 242 1055 2 2 10 5 0 
96781 570 581 134 0 498 129 1 259 1026 7 3 7 4 0 
96743 596 567 122 2 503 120 1 268 1053 8 7 8 2 0 
96726 602 589 119 3 509 131 5 228 1070 11 0 4 3 0 
96821 588 588 117 2 522 121 2 231 984 11 3 3 7 0 
96797 582 589 129 3 463 141 5 215 1051 6 7 6 6 0 
96747 619 593 111 3 440 134 3 219 1111 7 3 9 1 0 
96855 556 595 132 6 427 134 1 226 1053 8 3 2 2 0 
96774 592 568 123 1 466 135 3 259 1055 7 3 7 7 0 
96796 589 582 135 4 444 122 6 248 1057 7 3 4 3 0 
96675 609 621 133 3 452 137 2 263 1090 6 1 4 4 0 
96795 598 615 116 2 457 124 1 237 1035 4 2 5 9 0 
96714 626 551 143 4 489 125 1 267 1060 10 3 2 5 0 
96603 628 652 129 3 475 125 3 251 1107 8 3 6 7 0 
96800 544 543 138 4 493 157 5 246 1056 3 1 6 4 0 
96752 579 563 133 5 490 144 4 238 1066 6 7 6 7 0 
96770 548 593 147 5 461 112 2 246 1095 9 3 3 6 0 
96632 645 600 124 5 478 141 5 229 1121 9 3 2 6 0 
96670 599 599 129 4 511 151 0 265 1047 9 4 5 7 0 
96704 625 589 118 2 466 119 3 254 1095 7 4 8 6 0 
96762 572 628 122 5 456 130 2 250 1050 6 3 4 10 0 
96754 609 572 117 5 458 157 2 265 1035 8 7 7 4 0 
96712 562 595 124 4 476 145 2 239 1124 4 4 6 3 0 
96774 579 584 128 3 480 157 3 260 1010 8 4 5 4 1 
96806 553 595 120 3 438 127 3 245 1084 9 6 9 2 0 
96762 587 585 132 2 517 135 5 237 1020 7 5 3 3 0 
96791 559 561 135 5 473 131 1 245 1083 6 5 2 2 1 
96833 553 629 126 3 478 122 1 248 988 6 0 7 6 0 
96637 620 611 163 3 467 133 0 252 1087 12 7 5 3 0 
96774 561 559 128 2 462 134 2 233 1122 11 4 6 2 0 
96821 575 559 119 2 450 122 5 259 1070 8 2 4 4 0 
96726 613 596 155 2 455 127 6 227 1075 4 4 3 7 0 
96721 628 625 141 1 458 130 5 233 1042 5 1 6 4 0 
96644 640 576 121 1 480 148 5 258 1104 3 6 6 8 0 
96714 562 589 120 7 513 121 3 266 1080 11 0 5 9 0 
96808 600 565 118 3 467 128 1 231 1056 9 3 4 7 0 
96832 579 559 125 2 460 124 1 230 1072 8 1 6 1 0 
96818 568 573 126 6 486 130 2 267 998 10 4 6 6 0 
96864 539 580 129 4 435 136 3 243 1045 8 4 5 5 0 
96744 606 599 131 4 494 115 3 244 1035 8 3 6 8 0 
96797 547 617 145 2 442 114 2 263 1057 5 2 4 3 0 
96746 584 592 128 5 484 133 3 217 1088 8 3 5 4 0 
96758 564 609 127 3 487 119 5 243 1058 8 8 9 2 0 
96716 561 608 154 2 465 140 5 273 1057 9 2 5 3 0 
96780 574 566 146 6 486 108 3 279 1032 10 1 7 2 0 
96739 603 578 124 5 452 143 2 263 1072 5 3 7 4 0 
96735 612 610 106 5 450 119 2 261 1077 7 2 6 8 0 
96769 573 562 129 5 476 122 3 229 1115 8 2 4 3 0 
96819 579 573 120 4 489 130 2 225 1040 5 2 8 4 0 
96788 579 587 117 6 435 121 1 271 1075 7 4 2 7 0 
96695 593 589 142 4 464 136 3 268 1075 6 7 13 5 0 
96697 609 568 119 3 470 139 0 275 1096 6 3 9 6 0 
96715 588 585 138 4 462 130 2 252 1093 12 7 4 8 0 
96712 610 610 110 3 488 120 2 258 1066 6 3 7 5 0 
96672 608 576 136 7 459 156 1 259 1105 8 0 9 4 0 
96757 612 587 152 6 429 138 4 224 1066 11 5 7 2 0 
96713 576 613 133 5 487 116 3 268 1064 4 6 5 6 1 
96756 604 600 134 2 447 130 2 233 1072 9 3 4 4 0 
96833 594 567 131 5 483 136 3 242 987 6 6 2 5 0 
96763 566 613 131 5 493 130 3 250 1035 4 4 1 2 0 
96800 549 561 136 2 485 134 3 260 1053 3 3 6 5 0 
96725 617 585 128 1 471 134 1 236 1080 5 5 6 6 0 
96773 641 599 139 6 415 107 5 257 1039 7 2 4 6 0 
96764 586 568 132 3 464 133 1 250 1071 9 4 8 7 0 
96780 585 590 140 5 474 118 1 229 1059 5 3 7 4 0 
96831 565 598 129 2 444 116 4 241 1056 3 2 5 4 0 
96751 622 569 129 1 466 124 2 261 1049 9 4 7 5 1 
96745 579 575 131 1 476 143 2 257 1081 4 1 3 2 0 
96794 595 608 137 5 455 114 4 230 1040 9 0 4 5 0 
96741 603 595 126 3 471 141 3 248 1052 8 2 4 2 1 
96724 596 600 131 3 504 110 1 242 1066 5 4 9 5 0 
96747 591 598 147 1 469 114 2 268 1037 8 2 8 8 0 
96741 590 611 131 4 459 124 3 263 1054 10 2 5 3 0 
96742 587 569 134 6 454 134 3 242 1101 7 7 7 7 0 
96660 632 608 134 5 468 135 2 228 1108 10 0 6 4 0 
96765 593 600 115 5 492 123 1 215 1070 7 3 4 7 0 
96910 562 596 115 3 418 115 0 257 1000 8 6 6 4 0 
96723 586 629 137 1 456 134 0 260 1051 8 3 7 5 0 
96775 582 592 129 3 447 132 3 259 1057 4 5 7 5 0 
96802 553 613 125 6 469 127 2 251 1037 6 1 4 4 0 
96672 611 581 137 3 501 123 4 257 1087 8 3 8 5 0 
96778 585 598 118 1 472 118 2 257 1050 5 4 4 8 0 
96801 603 539 113 9 512 142 5 239 1012 9 4 9 3 0 
96694 589 639 133 7 465 131 3 237 1077 10 4 6 5 0 
96751 586 586 135 3 451 148 6 251 1055 6 1 7 14 0 
96815 587 634 126 5 437 123 4 234 1019 6 0 5 5 0 
96782 562 589 142 0 435 119 4 271 1072 7 3 8 6 0 
96840 545 602 125 3 453 121 2 250 1038 6 7 5 3 0 
96778 558 639 145 4 461 130 2 222 1046 7 2 5 1 0 
96715 595 645 121 0 478 121 1 260 1044 5 2 5 8 0 
96801 538 575 136 0 460 136 0 283 1051 8 0 7 5 0 
96776 604 610 128 0 452 123 1 237 1053 4 1 6 5 0 
96784 535 619 119 3 462 130 2 215 1107 6 5 7 6 0 
96874 552 560 117 3 487 109 2 270 1003 5 5 9 4 0 
96798 586 589 122 4 463 122 1 242 1056 6 3 5 3 0 
96784 548 601 131 2 505 106 3 241 1053 7 3 8 8 0 
96812 585 574 124 2 437 125 4 259 1057 6 6 7 2 0 
96719 632 603 135 2 454 135 2 222 1078 4 5 5 4 0 
96720 584 577 145 3 498 128 2 263 1065 6 2 6 1 0 
96807 585 587 118 3 483 132 1 243 1009 15 4 9 4 0 
96724 601 575 138 9 507 135 3 229 1057 10 4 2 6 0 
96835 556 576 119 1 443 144 1 248 1053 8 5 6 5 0 
96705 600 585 121 7 465 130 2 246 1119 8 5 3 3 1 
96720 621 580 112 1 487 139 0 230 1083 9 4 9 5 0 
96658 611 633 151 4 459 134 3 275 1058 8 1 3 2 0 
96739 575 559 126 3 497 120 4 255 1101 10 4 0 7 0 
96731 611 585 149 5 484 134 3 236 1043 4 8 5 2 0 
96748 581 605 119 1 462 121 4 253 1088 5 2 5 6 0 
96778 620 613 114 2 445 108 1 241 1054 8 4 6 6 0 
96800 546 571 133 4 497 121 4 250 1051 7 4 5 7 0 
96738 617 598 139 2 463 131 1 254 1039 3 4 6 5 0 
96738 595 633 123 3 462 148 2 252 1022 9 3 6 4 0 
96815 626 562 121 4 483 120 0 239 1006 5 6 5 8 0 
96734 592 611 132 2 439 133 1 240 1088 6 7 6 9 0 
96774 594 587 123 5 459 118 3 259 1068 3 4 3 0 0 
96735 602 583 130 2 459 131 0 265 1068 7 4 8 6 0 
96724 614 571 127 2 472 124 3 267 1079 5 3 6 3 0 
96786 580 610 132 3 464 120 2 245 1043 5 4 5 1 0 
96767 601 564 132 4 492 141 1 250 1028 4 4 5 7 0 
96767 589 585 129 5 513 112 2 244 1034 6 3 10 1 0 
96731 608 612 129 2 460 139 3 247 1052 5 4 6 2 0 
96712 602 601 112 3 480 136 3 257 1075 11 2 3 3 0 
96735 625 609 110 5 471 115 6 242 1061 6 3 6 6 0 
96736 572 573 130 5 482 150 2 220 1105 11 6 4 4 0 
96640 599 615 144 2 497 131 2 230 1124 8 1 3 4 0 
96718 591 600 126 1 493 119 2 254 1068 7 3 10 8 0 
96804 590 616 126 3 461 105 0 258 1023 2 3 6 3 0 
96756 570 588 122 2 465 137 2 248 1092 10 1 6 1 0 
96769 579 592 135 4 493 136 1 240 1023 12 5 8 3 0 
96794 596 591 117 2 454 133 3 220 1069 6 2 6 7 0 
96884 567 546 119 2 474 123 3 255 1007 9 2 2 7 0 
