96680 840 477 151 1 452 128 5 223 1018 14 1 7 3 0 
96619 838 469 118 7 451 132 3 283 1057 12 4 3 4 0 
96660 850 489 124 4 463 118 4 253 1010 11 4 4 6 0 
96627 851 473 120 4 448 131 2 252 1066 17 3 1 5 0 
96615 852 485 123 6 457 116 3 266 1058 10 5 1 3 0 
96571 866 452 146 2 478 138 3 274 1046 15 2 4 3 0 
96609 874 488 148 3 470 129 2 237 1014 9 3 6 8 0 
96688 813 460 133 3 442 105 3 269 1068 9 1 2 4 0 
96583 817 496 127 1 469 137 3 257 1092 4 3 5 6 0 
96570 881 482 123 6 482 118 2 254 1052 20 4 1 5 0 
96554 856 498 137 5 498 119 5 249 1063 10 0 2 4 0 
96543 871 494 129 2 514 140 2 255 1027 9 2 6 6 0 
96566 887 471 128 4 452 131 1 257 1077 9 3 7 6 1 
96682 842 457 117 3 445 120 1 252 1064 5 3 1 8 0 
96611 887 484 137 2 474 131 5 236 1016 7 3 5 2 0 
96574 844 484 136 3 485 122 4 249 1073 13 5 5 3 0 
96629 871 430 145 6 448 128 2 259 1057 14 3 5 3 0 
96607 866 462 120 5 475 116 6 266 1056 8 3 7 3 0 
96713 816 459 118 4 460 113 3 278 1025 6 1 2 2 0 
96668 817 464 128 4 474 116 6 242 1058 12 1 7 3 0 
96668 816 496 124 1 439 129 5 237 1065 11 2 3 4 0 
96621 818 490 122 1 475 111 4 252 1089 6 3 7 1 0 
96454 892 518 119 4 448 146 7 282 1115 5 4 4 2 0 
96696 821 452 121 0 497 127 2 253 1010 6 5 5 5 0 
96604 864 438 104 4 481 147 7 268 1061 11 1 4 6 0 
96670 819 483 129 6 513 131 5 243 987 8 1 3 2 0 
96530 843 477 142 3 511 134 4 278 1057 11 2 5 3 0 
96651 805 439 109 4 492 141 2 256 1076 11 1 9 4 0 
96677 832 462 128 2 491 140 2 246 1000 6 5 5 4 0 
96584 853 468 130 5 483 142 4 247 1065 6 3 6 4 0 
96715 805 471 122 1 460 133 1 260 1016 9 3 2 2 0 
96524 869 464 131 4 492 136 4 243 1121 8 0 2 2 0 
96590 845 460 149 6 465 114 2 238 1117 9 1 1 3 0 
96612 822 500 128 5 488 137 6 234 1052 9 2 1 4 0 
96603 882 486 117 0 486 133 2 235 1034 6 1 4 11 0 
96651 816 469 138 1 467 122 1 238 1078 4 3 6 6 0 
96557 860 475 116 3 471 132 4 259 1110 9 2 1 1 0 
96635 787 515 128 3 468 128 3 265 1048 8 2 3 7 0 
96714 827 508 127 2 405 118 4 235 1033 14 2 3 8 0 
96676 830 468 131 4 446 122 5 236 1061 16 1 3 1 0 
96742 813 473 129 1 418 146 2 271 981 6 0 7 11 0 
96646 866 482 123 4 476 118 3 245 1014 10 5 6 2 0 
96608 868 449 144 1 499 130 1 247 1029 13 4 2 5 0 
96609 848 466 131 1 430 152 5 226 1104 18 3 6 1 0 
96656 874 455 138 5 466 150 3 227 1015 3 1 3 4 0 
96639 831 496 145 2 471 134 6 251 1002 8 2 7 6 0 
96571 830 471 107 3 474 153 2 303 1058 14 4 4 6 0 
96591 871 438 149 9 484 133 2 255 1047 9 5 2 5 0 
96661 819 461 124 4 489 141 2 268 1011 9 2 5 4 0 
96682 829 454 130 3 500 128 3 253 999 8 4 5 2 0 
96623 813 465 132 6 477 128 3 254 1074 4 6 9 6 0 
96694 789 418 138 4 488 120 2 228 1096 7 1 6 9 0 
96664 853 458 123 0 494 121 4 251 1010 10 2 7 3 0 
96580 911 474 127 3 443 115 4 278 1036 14 3 7 5 0 
96587 872 493 119 5 466 143 8 237 1056 5 1 4 4 0 
96649 836 500 137 5 434 132 5 236 1046 9 2 5 4 0 
96613 843 499 143 5 465 129 0 245 1036 9 3 6 4 0 
96723 821 481 118 5 455 107 4 231 1028 12 6 4 5 0 
96624 848 456 141 6 497 120 4 250 1031 9 3 5 6 0 
96659 845 474 132 1 448 134 0 228 1058 6 5 4 6 0 
96647 843 458 158 1 440 120 7 247 1061 9 3 3 3 0 
96552 864 450 135 5 446 157 1 269 1108 3 0 5 5 0 
96557 857 451 129 3 505 130 3 246 1100 5 3 5 6 0 
96554 842 473 121 6 479 117 6 248 1129 12 3 6 4 0 
96547 887 451 138 3 493 130 6 281 1043 11 4 2 4 0 
96670 833 449 133 2 484 127 1 252 1018 12 5 7 7 0 
96664 790 485 124 7 476 132 2 243 1055 8 5 5 4 0 
96574 879 486 128 5 460 131 2 274 1046 7 4 1 3 0 
96642 777 461 128 4 504 128 6 260 1062 15 3 4 6 0 
96626 819 466 113 5 459 124 3 262 1104 9 2 4 4 0 
96636 828 475 127 5 461 141 2 267 1033 12 6 4 3 0 
96599 852 465 137 7 484 145 1 242 1043 12 4 7 2 0 
96605 845 455 132 2 458 138 7 242 1093 13 3 3 4 0 
96622 850 493 126 4 463 113 6 266 1039 10 1 3 4 0 
96587 858 489 134 3 481 145 6 254 1030 6 1 5 1 0 
96612 840 513 129 4 450 139 4 255 1029 12 2 3 8 0 
96563 850 476 116 5 462 141 2 263 1104 6 1 6 5 0 
96640 817 463 117 3 481 138 5 268 1045 11 2 9 1 0 
96685 831 485 110 6 441 140 3 243 1035 6 2 8 5 0 
96631 859 480 143 4 439 143 2 262 1015 7 6 3 6 0 
96661 821 472 117 1 436 133 2 258 1062 14 5 10 8 0 
96633 810 476 139 5 465 133 3 243 1071 4 4 7 7 0 
96629 812 529 133 6 448 127 3 260 1026 13 2 7 5 0 
96571 799 449 139 3 464 156 6 255 1135 9 0 8 6 0 
96546 865 465 121 0 478 121 8 234 1132 10 3 8 9 0 
96603 853 468 99 1 471 131 3 247 1104 6 3 4 7 0 
96536 824 529 120 9 479 119 3 243 1111 10 4 8 5 0 
96544 851 513 132 5 467 133 4 240 1093 7 2 3 6 0 
96677 838 456 131 4 426 126 3 245 1071 11 5 5 2 0 
96576 836 483 128 3 490 120 6 267 1076 8 6 0 1 0 
96636 882 461 119 2 475 129 3 254 1015 11 2 7 4 0 
96652 853 467 123 1 476 135 2 230 1045 8 4 3 1 0 
96667 845 499 124 5 460 117 7 232 1024 10 2 5 3 0 
96578 827 491 115 2 478 124 4 264 1096 7 4 3 7 0 
96562 861 470 144 3 472 148 5 255 1063 9 3 2 3 0 
96695 838 452 136 4 441 137 1 252 1023 11 1 5 4 0 
96635 814 517 117 3 481 134 0 250 1021 13 3 4 7 1 
96584 889 460 131 3 463 117 2 236 1089 6 5 5 10 0 
96654 806 479 125 3 490 105 6 248 1070 6 1 6 1 0 
96668 789 440 119 6 437 121 3 272 1117 5 5 10 8 0 
96641 846 471 133 3 499 153 6 246 982 12 2 0 6 0 
96542 874 462 132 3 477 133 6 267 1083 10 4 4 3 0 
96544 836 446 150 5 513 130 5 258 1092 11 5 2 2 1 
96677 830 471 133 3 438 117 5 250 1057 7 3 7 2 0 
96613 834 462 124 6 485 135 2 248 1067 10 2 5 7 0 
96652 887 429 126 4 474 142 3 258 1009 6 2 1 7 0 
96684 830 433 135 2 460 153 1 259 1018 7 5 6 7 0 
96639 849 475 123 1 440 127 3 225 1089 16 1 5 7 0 
96636 832 445 151 4 489 106 3 241 1071 11 0 5 6 0 
96633 848 444 123 2 475 136 2 255 1061 9 2 5 5 0 
96637 801 486 119 6 464 146 2 247 1076 7 1 5 3 0 
96598 828 472 138 7 488 149 2 259 1038 15 3 1 2 0 
96715 827 448 116 3 458 125 3 227 1055 10 2 4 7 0 
96634 854 424 117 3 470 136 6 284 1049 10 0 9 3 1 
96720 793 512 130 2 442 136 5 233 1003 9 0 6 9 0 
96538 839 485 146 3 505 108 4 241 1106 15 3 4 3 0 
96596 809 502 127 2 499 132 1 235 1069 11 4 4 9 0 
96563 802 505 131 2 470 145 4 257 1098 14 2 3 4 0 
96539 828 493 138 2 501 132 8 240 1096 7 3 5 8 0 
96624 847 474 129 3 465 134 5 225 1078 6 2 3 5 0 
96587 816 476 117 5 510 143 4 254 1068 9 3 3 5 0 
96641 844 481 122 7 477 130 5 219 1050 12 2 4 6 0 
96659 846 446 131 3 483 133 5 241 1036 5 3 2 7 0 
96611 828 474 126 3 471 133 2 258 1074 9 5 3 3 0 
96553 880 481 123 4 476 121 5 271 1059 12 3 8 4 0 
96627 855 423 132 5 464 145 8 274 1046 8 6 6 1 0 
96689 839 447 131 5 454 123 1 247 1039 11 9 2 3 0 
96571 853 494 112 4 472 143 6 252 1068 12 5 2 6 0 
96621 816 461 143 6 461 120 3 259 1085 10 7 4 4 0 
96666 822 432 140 3 483 115 3 273 1034 19 2 2 6 0 
96590 805 471 120 7 517 138 4 232 1092 9 4 7 4 0 
96591 817 479 125 3 500 135 3 243 1082 10 3 4 5 0 
96586 883 463 109 3 464 120 4 273 1072 9 6 3 5 0 
96631 823 472 139 3 468 129 3 259 1051 8 2 5 7 0 
96572 816 445 140 9 456 129 2 276 1131 10 2 6 6 0 
96604 856 474 120 6 469 125 2 242 1078 11 3 5 5 0 
96657 852 457 138 7 455 110 4 225 1072 7 2 7 7 0 
96532 846 526 126 0 492 116 3 234 1098 11 6 5 5 0 
96572 848 473 123 3 496 122 2 281 1060 7 5 4 4 0 
96556 904 475 142 5 444 128 1 272 1053 8 5 3 4 0 
96590 873 475 136 2 471 127 4 239 1063 10 2 5 3 0 
96633 820 473 117 1 435 118 3 277 1091 11 4 8 7 2 
96650 831 480 112 4 499 130 5 234 1028 12 2 6 7 0 
96718 785 448 123 5 483 138 0 222 1056 11 4 4 3 0 
96614 837 475 134 4 498 130 4 261 1016 11 4 4 8 0 
96611 828 450 153 6 478 134 7 235 1082 4 3 5 4 0 
96554 843 444 153 5 484 124 1 259 1109 13 2 5 4 0 
96675 774 494 145 4 498 134 3 225 1036 5 1 3 3 0 
96693 802 487 137 2 467 122 2 253 1010 12 2 4 7 0 
96602 836 458 140 2 495 135 5 248 1069 6 1 0 3 0 
96627 832 455 116 2 474 146 4 260 1058 12 5 3 6 0 
96649 860 442 138 3 482 136 3 250 1013 11 3 5 5 0 
96641 867 464 142 3 488 113 2 232 1023 11 3 2 9 0 
96636 802 478 135 5 446 145 3 254 1072 9 4 5 6 0 
96633 852 471 96 5 457 131 4 250 1085 6 2 5 3 0 
96632 852 459 119 3 487 117 2 257 1048 7 3 8 6 0 
96592 870 506 124 3 466 119 6 249 1050 7 3 3 2 0 
96613 849 436 123 5 509 105 4 239 1100 9 3 3 2 0 
96600 816 505 136 1 470 114 7 275 1056 9 1 4 6 0 
96654 859 484 123 3 458 130 6 246 1013 9 7 1 7 0 
96606 834 508 120 5 476 136 4 232 1060 6 3 5 5 0 
96594 874 470 147 5 501 120 3 227 1040 5 5 4 5 0 
96652 831 458 128 4 521 112 2 254 1016 9 4 4 5 0 
96625 882 489 106 3 469 126 6 227 1044 12 4 4 3 0 
96515 854 506 139 4 502 122 2 241 1093 12 5 0 5 0 
96611 828 448 152 3 513 134 2 240 1036 20 5 5 3 0 
96701 808 456 143 4 454 127 5 242 1035 13 3 3 6 0 
96544 864 488 124 4 476 135 4 229 1107 9 6 8 2 0 
96626 859 437 131 4 479 123 2 232 1090 6 4 3 4 0 
96543 877 449 123 8 500 136 6 270 1063 13 1 6 5 0 
96712 824 434 142 8 435 114 5 252 1056 6 1 5 6 0 
96636 846 450 134 2 489 121 2 237 1064 10 4 3 2 0 
96612 816 521 128 2 452 130 2 245 1076 7 5 2 2 0 
96677 819 469 133 3 456 131 2 249 1042 10 1 3 5 0 
96487 877 502 123 2 456 152 4 243 1132 10 1 7 4 0 
96638 821 468 129 1 510 112 4 255 1043 8 3 5 3 0 
96643 834 475 149 2 472 126 2 260 1020 12 1 1 3 0 
96720 873 419 106 2 466 118 6 240 1030 10 3 4 3 0 
96578 867 492 137 3 456 143 3 262 1038 12 2 4 3 0 
96689 868 439 138 6 455 130 2 246 1005 8 4 4 6 0 
96653 861 471 144 4 435 138 6 202 1064 10 1 5 6 0 
96506 859 519 124 2 457 129 4 260 1110 15 5 3 7 0 
96605 838 513 128 3 458 154 5 237 1035 7 0 9 8 0 
96670 843 459 138 0 432 113 2 238 1072 14 2 12 5 0 
96735 853 469 133 5 428 95 6 227 1030 11 0 4 4 0 
96637 905 428 134 4 504 112 3 261 991 9 4 3 5 0 
96627 831 490 123 4 438 143 3 252 1067 11 0 4 7 0 
96548 884 498 129 6 415 105 3 272 1103 18 7 1 11 0 
96558 901 489 141 6 466 126 4 244 1045 3 6 6 5 0 
96700 779 461 136 4 486 137 3 250 1017 9 2 8 8 0 
96590 881 478 134 3 471 137 2 270 1017 6 1 4 6 0 
96532 828 498 155 2 481 132 2 239 1106 7 5 7 6 0 
96771 806 431 130 6 464 118 3 229 1024 8 0 5 5 0 
96627 890 460 111 4 456 138 0 250 1040 11 6 4 3 0 
96611 814 454 141 4 492 129 4 249 1088 7 0 3 4 0 
96647 835 460 129 4 488 120 3 238 1051 11 4 4 6 0 
96728 859 424 122 5 489 119 2 224 1001 14 5 6 2 0 
96608 850 490 121 5 435 104 1 277 1087 6 2 8 6 0 
96576 908 504 140 8 455 142 4 231 1005 13 2 9 3 0 
96588 846 505 144 5 472 140 4 236 1034 15 1 5 5 0 
96658 827 449 140 6 465 131 5 256 1045 4 4 4 6 0 
96537 849 514 130 4 471 149 2 242 1075 14 2 2 9 0 
96627 850 459 138 3 469 160 6 229 1038 7 1 5 8 0 
96513 880 479 120 1 476 137 3 302 1076 3 2 4 4 0 
96587 860 479 134 4 416 134 1 273 1094 10 0 4 4 0 
96651 816 456 133 2 474 125 3 226 1095 8 1 5 5 0 
96577 863 496 155 3 484 122 1 232 1042 5 4 8 8 0 
96574 904 450 121 3 462 143 1 268 1054 7 1 7 5 0 
96597 788 480 153 6 482 129 5 284 1051 11 4 7 3 0 
96561 855 480 140 4 457 135 2 267 1084 7 2 3 3 0 
96678 814 437 131 3 426 137 4 229 1120 7 3 6 5 0 
96635 847 447 138 5 470 125 4 252 1049 8 7 7 6 0 
96570 849 464 118 0 482 127 1 276 1088 12 3 4 6 0 
96707 815 435 122 3 482 130 3 224 1060 10 1 3 5 0 
96618 861 463 136 7 459 146 3 252 1029 7 2 8 9 0 
96616 875 486 123 1 453 135 3 233 1045 15 3 6 6 0 
96665 865 458 144 6 446 144 2 242 1013 9 0 2 4 0 
96509 883 469 157 3 439 132 5 258 1123 15 1 4 2 0 
96673 826 469 109 1 465 111 4 241 1076 17 3 3 2 0 
96658 836 474 124 8 488 128 4 230 1033 8 3 3 3 0 
96562 880 486 123 2 479 133 4 279 1032 13 1 5 1 0 
96635 871 454 121 2 475 125 6 249 1039 9 3 4 7 0 
96481 876 505 150 3 480 117 2 254 1106 7 4 6 9 0 
96604 809 471 132 5 501 136 0 252 1073 3 7 4 3 0 
96697 838 457 131 2 452 118 2 248 1032 12 2 3 6 0 
96667 837 438 117 2 485 131 8 234 1056 14 4 5 2 0 
96669 874 465 127 6 436 116 3 240 1040 11 2 6 5 0 
96709 844 456 129 2 473 100 1 248 1016 8 3 6 5 0 
96719 820 490 126 8 477 125 2 225 990 6 4 4 4 0 
96631 847 471 137 5 452 128 4 259 1035 15 5 4 7 0 
96615 843 510 112 5 443 132 0 254 1058 14 5 4 5 0 
96643 854 466 116 4 460 112 4 237 1077 14 3 4 6 0 
96603 834 455 122 2 478 138 2 265 1070 12 5 7 7 0 
96639 835 467 134 4 454 137 4 243 1064 8 2 7 2 0 
96520 904 475 128 6 452 144 6 254 1094 9 3 3 2 0 
96628 881 455 134 8 468 128 3 262 1012 9 2 5 5 0 
96577 901 454 135 6 494 122 3 248 1032 10 3 8 7 0 
96650 833 468 130 1 457 124 2 244 1065 11 3 5 7 0 
96628 827 490 133 6 486 113 6 253 1027 11 4 6 10 0 
96719 852 446 126 3 480 134 2 208 1006 9 3 8 4 0 
96683 796 474 135 4 479 130 5 216 1059 7 4 4 4 0 
96671 828 472 129 2 446 121 2 268 1038 10 3 3 7 0 
96682 831 463 129 4 443 131 4 255 1039 7 3 6 3 0 
96638 841 472 139 0 459 123 2 244 1056 12 2 4 8 0 
96638 818 463 142 4 469 114 7 260 1059 15 1 3 7 0 
96599 859 467 152 2 454 102 2 266 1082 6 1 4 4 0 
96647 826 469 116 4 435 107 3 258 1110 12 1 5 7 0 
96644 835 457 119 3 463 114 2 252 1091 9 2 7 2 0 
96662 820 449 104 5 494 129 7 253 1061 6 3 2 5 0 
96650 869 480 118 3 456 131 2 254 1015 14 1 5 2 0 
96584 825 464 140 1 499 144 4 267 1048 11 4 4 5 0 
96629 793 515 126 1 474 135 6 223 1075 12 2 3 6 0 
96592 875 449 148 3 487 121 2 243 1053 15 3 4 5 0 
96642 810 476 126 6 495 138 2 287 989 10 1 9 9 0 
96610 871 501 113 1 475 161 3 248 992 7 3 7 8 0 
96535 867 480 131 3 475 131 5 274 1074 13 2 3 7 0 
96487 866 509 115 2 482 145 3 260 1105 7 5 7 7 0 
96760 766 436 146 5 425 128 4 263 1050 6 2 4 5 0 
96499 880 492 141 6 488 128 4 278 1058 12 5 5 4 0 
96647 826 449 126 7 453 139 5 242 1085 10 3 2 6 0 
96708 815 472 119 2 441 122 4 247 1052 7 3 4 4 0 
96536 881 518 135 3 469 133 3 280 1016 8 1 9 8 0 
96572 905 466 130 1 485 119 6 270 1025 11 1 4 5 0 
96696 832 440 133 9 440 111 5 246 1074 8 3 3 0 0 
96603 851 430 117 5 465 120 7 277 1099 11 4 4 7 0 
96703 818 465 135 4 447 128 2 245 1028 13 1 5 6 0 
96628 864 456 133 2 463 136 0 251 1042 2 4 10 9 0 
96629 778 462 150 2 478 119 5 246 1111 7 2 7 4 0 
96649 845 476 130 5 455 149 0 237 1030 12 0 8 4 0 
96603 864 479 133 4 474 128 7 265 1026 7 3 3 4 0 
96648 790 451 137 10 450 127 8 243 1107 16 5 2 6 0 
96691 796 439 121 1 448 143 5 249 1084 11 2 5 5 0 
96697 775 470 137 5 492 125 3 240 1032 11 2 6 5 0 
96665 780 447 150 2 475 140 6 254 1065 6 3 2 5 0 
96677 848 452 152 6 475 128 4 235 1005 5 4 2 7 0 
96618 844 457 116 5 478 119 3 247 1092 10 2 5 4 0 
96587 875 471 135 5 497 125 3 256 1014 10 6 10 6 0 
96707 824 438 137 2 482 119 5 250 1018 7 4 4 3 0 
96745 840 430 134 4 471 127 2 216 1010 6 3 4 8 0 
96653 796 465 139 0 482 126 4 267 1048 7 4 4 5 0 
96649 825 473 130 1 489 117 5 224 1063 10 3 7 4 0 
96624 840 495 136 4 486 113 7 249 1027 10 1 5 3 0 
96632 816 494 131 5 463 146 10 253 1028 11 4 3 4 0 
96637 843 510 117 2 452 121 4 256 1044 8 1 2 3 0 
96621 875 443 125 5 431 144 2 241 1091 13 0 4 5 0 
96676 856 452 138 2 446 135 1 223 1050 9 3 4 5 0 
96643 836 459 135 0 426 129 4 265 1075 10 3 9 6 0 
96667 845 485 115 1 471 144 2 219 1041 2 4 1 3 0 
96647 804 469 124 2 493 131 1 263 1042 12 2 3 7 0 
96532 875 485 142 0 474 127 6 243 1101 8 4 0 3 0 
96551 870 500 127 3 449 139 8 258 1077 6 1 9 2 0 
96652 809 456 121 4 457 118 4 249 1108 13 2 3 4 0 
96550 876 505 129 0 447 137 3 247 1076 12 6 5 7 0 
96650 821 463 139 6 494 128 3 224 1052 8 3 7 2 0 
96660 791 449 130 3 477 143 3 252 1063 11 9 6 3 0 
96552 897 446 135 2 486 137 5 285 1036 7 2 7 3 0 
96676 792 490 130 4 454 118 6 237 1074 8 3 5 3 0 
96629 843 459 150 6 457 113 1 255 1063 12 2 4 6 0 
96724 832 450 111 8 451 119 5 212 1067 9 4 3 5 0 
96635 823 463 138 1 473 113 1 268 1064 12 2 6 1 0 
96561 843 450 130 4 510 136 6 237 1092 5 3 11 11 1 
96576 806 496 133 4 511 146 5 264 1040 4 4 5 6 0 
96683 830 463 133 3 472 117 2 235 1041 7 3 3 8 0 
96654 825 459 133 6 490 113 3 239 1047 19 0 5 7 0 
96664 809 464 132 2 477 121 0 248 1060 13 2 5 3 0 
96595 823 431 122 3 502 139 4 289 1068 13 2 5 4 0 
96570 820 497 136 6 476 125 5 257 1086 6 2 8 6 0 
96579 834 496 139 4 483 146 1 258 1037 10 3 5 5 0 
96585 834 460 120 4 492 119 3 242 1117 9 3 7 5 0 
96626 831 480 123 3 463 116 5 270 1066 12 0 2 3 0 
96650 844 485 103 4 503 139 4 227 1028 7 3 2 1 0 
96597 880 500 131 5 447 117 2 241 1058 6 3 4 9 0 
96635 858 455 131 3 483 118 4 253 1048 4 1 5 2 0 
96610 864 472 122 7 462 141 6 238 1057 9 1 7 4 0 
96642 854 459 127 3 460 125 4 244 1057 12 3 6 4 0 
96669 828 450 146 3 482 112 3 279 1013 3 5 3 4 0 
96712 840 446 127 4 467 121 5 231 1030 5 2 5 5 0 
96601 848 439 131 4 451 133 4 270 1095 7 5 5 7 0 
96598 833 489 153 2 461 123 5 236 1084 6 1 4 5 0 
96667 874 428 131 2 471 119 3 254 1035 9 2 2 3 0 
96603 842 479 136 5 447 114 4 285 1065 8 2 5 5 0 
96686 830 499 125 2 429 116 3 245 1041 12 1 2 9 0 
96576 851 508 109 8 484 120 6 236 1083 13 1 0 5 0 
96537 861 513 140 2 468 132 5 242 1072 13 2 5 8 0 
96549 894 482 146 4 460 132 3 277 1029 11 3 3 6 1 
96741 830 462 122 5 443 115 6 231 1026 9 3 3 4 0 
96671 824 463 141 6 452 115 2 235 1072 9 3 5 2 0 
96596 870 457 109 2 494 140 3 238 1069 10 1 5 5 1 
96675 784 470 137 1 464 143 2 257 1049 11 1 3 3 0 
96656 829 433 132 1 468 123 3 255 1082 6 2 5 5 0 
96642 834 451 122 7 463 118 2 269 1076 7 1 2 6 0 
96656 799 448 131 7 501 114 5 239 1074 5 5 10 5 1 
96514 804 527 162 5 479 130 4 255 1100 9 0 7 4 0 
96676 829 445 121 1 451 117 4 259 1072 12 2 5 6 0 
96559 823 479 138 7 508 125 3 252 1081 11 4 6 4 0 
96709 845 465 131 3 437 107 7 241 1035 11 1 3 5 0 
96639 837 476 122 5 454 129 4 263 1057 5 2 3 4 0 
96623 861 493 106 2 459 125 2 250 1056 9 2 5 7 0 
96598 856 498 123 2 467 140 4 250 1046 4 0 6 6 0 
96625 879 473 123 5 457 131 3 235 1054 6 2 1 6 0 
96661 808 465 128 5 448 108 6 240 1102 13 3 7 6 0 
96640 839 434 125 3 484 132 6 243 1076 9 0 5 4 0 
96636 790 495 140 3 429 128 4 275 1083 9 3 3 2 0 
96640 831 454 126 2 495 141 1 263 1027 10 2 2 6 0 
96510 895 488 152 1 466 141 3 274 1043 6 3 11 7 0 
96671 845 471 97 7 461 127 0 253 1049 6 3 6 4 0 
96632 808 446 130 2 470 120 5 258 1101 9 5 7 6 1 
96646 847 476 120 11 469 134 4 232 1046 5 2 2 6 0 
96664 848 489 109 2 450 117 7 241 1051 9 5 4 4 0 
96569 811 493 117 2 478 131 4 267 1101 11 7 3 6 0 
96683 851 450 123 2 480 132 4 225 1027 6 4 6 7 0 
96587 843 458 129 3 454 151 4 248 1104 8 1 6 4 0 
96637 846 422 132 2 500 121 5 273 1037 11 3 8 3 0 
96604 893 479 124 3 460 118 1 240 1058 6 3 3 8 0 
96629 840 473 130 3 479 134 2 245 1042 14 4 1 4 0 
96572 863 468 136 9 439 131 3 301 1062 7 5 1 3 0 
96653 848 446 104 6 451 130 4 254 1082 12 3 4 3 0 
96568 818 466 132 5 468 132 3 252 1128 14 3 3 8 0 
96623 890 456 138 2 449 121 1 246 1050 9 6 4 5 0 
96718 823 443 128 2 466 96 7 265 1031 6 5 6 4 0 
96753 854 419 126 3 446 126 2 241 1003 13 2 8 4 0 
96503 831 442 128 2 537 143 1 289 1099 13 0 8 4 0 
96727 833 472 121 4 454 122 4 245 998 6 3 10 1 0 
96556 843 511 115 2 470 129 3 259 1092 8 3 3 6 0 
96831 803 416 109 3 445 120 2 231 1023 6 1 3 6 1 
96578 828 489 133 2 452 139 4 272 1080 12 1 8 2 0 
96523 853 489 145 2 477 131 5 262 1087 10 4 9 3 0 
96697 848 466 138 2 460 147 6 260 962 9 1 3 1 0 
96645 856 447 131 2 449 143 3 245 1060 7 3 4 5 0 
96541 875 464 131 2 482 139 2 246 1092 11 5 5 5 0 
96628 796 503 142 4 492 137 4 245 1037 5 2 2 3 0 
96455 895 468 120 4 482 135 2 262 1163 9 1 4 0 0 
96581 838 503 140 4 467 126 2 277 1039 11 3 5 4 0 
96599 833 446 143 2 500 131 7 249 1064 13 5 4 4 0 
96567 870 478 137 9 504 153 5 215 1043 10 2 5 2 0 
96648 840 501 142 4 501 115 3 243 986 8 2 4 3 0 
96718 837 448 124 6 453 119 3 232 1037 6 5 6 5 1 
96671 885 414 134 6 458 130 7 231 1043 9 2 6 4 0 
96709 770 496 124 1 449 140 4 260 1023 13 2 5 4 0 
96558 874 485 124 2 476 112 5 255 1095 5 1 6 2 0 
96540 858 495 158 2 483 132 3 233 1072 9 3 9 3 0 
96644 841 465 98 3 467 113 7 260 1076 13 2 5 5 1 
96625 855 468 149 2 457 149 7 247 1027 8 2 1 3 0 
96566 885 438 114 0 483 120 5 248 1125 8 0 1 7 0 
96596 842 454 112 2 525 128 5 245 1070 6 2 8 5 0 
96619 829 562 115 4 430 120 7 233 1058 13 1 6 3 0 
96588 840 490 124 1 462 145 1 277 1056 4 5 1 6 0 
96583 888 492 122 4 458 130 7 259 1038 12 2 2 3 0 
96571 855 489 130 6 484 135 2 259 1052 4 3 8 2 0 
96601 859 433 142 1 477 139 3 232 1087 8 7 5 6 0 
96651 865 433 112 3 448 125 5 255 1069 15 7 7 5 0 
96573 854 456 136 5 465 122 3 254 1115 5 2 5 5 0 
96613 803 504 136 5 484 137 8 230 1053 14 3 4 6 0 
96671 812 457 132 2 480 107 6 257 1065 5 0 2 4 0 
96710 804 487 128 6 443 134 2 238 1034 7 0 2 5 0 
96565 875 467 116 1 475 140 3 248 1099 4 1 3 3 0 
96642 827 462 112 8 471 121 2 229 1100 11 2 7 6 0 
96539 866 437 138 3 492 135 3 271 1100 4 2 8 2 0 
96688 832 460 115 3 443 128 1 264 1046 6 5 4 5 0 
96576 828 476 126 3 494 132 5 232 1113 5 3 3 4 0 
96633 808 478 144 5 501 117 6 251 1039 11 1 4 2 0 
96609 828 510 129 4 470 121 8 262 1042 7 3 4 3 0 
96549 916 490 108 4 474 110 3 240 1088 8 4 3 3 0 
96505 881 503 150 7 478 123 3 249 1073 9 7 7 5 0 
96615 891 441 129 5 471 124 2 228 1072 7 1 8 6 0 
96624 821 486 138 4 429 119 2 260 1097 13 0 3 4 0 
96487 887 471 132 2 472 135 2 251 1139 8 3 8 3 0 
96661 832 461 132 5 447 134 2 261 1047 8 1 7 2 0 
96567 882 467 128 5 473 119 1 249 1086 11 1 4 7 0 
96583 860 478 129 3 459 135 1 256 1078 11 1 5 1 0 
96675 808 472 119 4 433 136 1 261 1062 14 5 4 6 0 
96636 893 424 127 4 467 139 4 231 1051 10 4 7 3 0 
96704 792 477 125 4 468 120 3 275 1007 12 2 3 8 0 
96509 875 445 121 5 518 146 4 250 1109 7 2 4 5 0 
96524 890 489 144 1 449 126 4 264 1090 5 3 4 7 0 
96625 884 493 110 3 471 127 2 227 1033 12 1 6 6 0 
96621 846 470 142 4 451 112 2 263 1069 7 5 2 5 1 
96569 870 504 137 2 459 131 6 261 1041 11 2 3 4 0 
96603 800 473 149 3 508 139 1 254 1058 7 2 1 2 0 
96557 816 478 143 6 503 139 5 245 1081 12 2 7 6 0 
96613 847 459 131 1 467 133 1 244 1076 15 3 6 4 0 
96478 858 509 128 3 523 118 8 275 1077 12 1 5 5 0 
96687 820 441 142 6 454 148 4 246 1032 7 1 7 5 0 
96688 820 471 122 4 458 110 3 258 1053 6 2 3 2 0 
96577 855 505 125 3 468 119 4 241 1084 7 6 4 2 0 
96658 820 481 133 5 453 117 7 259 1039 15 3 5 5 0 
96611 859 463 130 3 472 131 3 236 1079 3 2 6 2 0 
96576 911 473 134 3 472 127 2 228 1051 10 3 7 3 0 
96596 877 464 126 3 495 110 2 246 1062 3 4 6 6 0 
96697 817 485 107 4 472 120 2 239 1028 11 0 7 10 1 
96570 889 419 148 9 493 140 4 277 1030 7 2 5 7 0 
96554 875 479 150 1 474 139 3 234 1067 15 4 1 4 0 
96550 835 504 156 6 496 135 6 278 1012 7 6 6 3 0 
96552 863 450 140 1 506 130 4 223 1105 12 8 5 1 0 
96634 817 482 114 5 470 129 4 254 1063 12 5 5 6 0 
96551 825 451 138 7 509 135 2 247 1114 10 1 6 4 0 
96642 861 493 141 3 475 123 1 240 999 12 2 4 4 0 
96632 852 439 154 2 484 125 2 228 1059 6 3 5 9 0 
96564 839 500 143 4 503 119 4 237 1072 7 1 4 3 0 
96739 808 480 115 2 449 122 0 234 1026 13 4 3 5 0 
96569 828 472 133 3 468 134 3 264 1103 10 5 2 6 0 
96589 852 433 133 4 487 111 4 261 1104 9 3 5 5 0 
96547 854 459 130 5 487 156 6 252 1078 12 6 4 4 0 
96608 823 465 129 4 461 148 4 248 1082 16 3 3 6 0 
96583 857 469 114 2 526 142 3 234 1053 8 1 4 4 0 
96581 891 437 134 5 486 109 2 274 1059 6 4 5 7 0 
96525 913 478 146 3 446 127 3 251 1083 14 0 7 4 0 
96615 857 487 125 2 468 122 5 264 1026 15 2 5 7 0 
96594 833 463 134 3 476 125 3 269 1076 7 4 8 5 0 
96673 854 465 140 1 476 121 3 242 999 12 2 8 4 0 
96612 840 454 126 2 491 141 3 272 1050 2 3 2 2 0 
96570 867 516 139 3 458 135 3 255 1032 8 4 5 5 0 
96717 845 457 112 11 457 114 0 235 1031 6 3 8 4 0 
96626 821 444 145 2 469 146 1 258 1064 13 3 2 6 0 
96683 825 449 128 4 475 118 6 275 1014 9 4 3 7 0 
96631 821 480 119 3 468 144 4 268 1044 5 3 2 8 0 
96536 835 486 125 4 492 115 4 264 1126 6 2 2 3 0 
96516 881 492 142 6 462 121 3 246 1115 7 3 4 2 0 
96622 848 470 93 4 482 120 2 283 1058 6 3 5 4 0 
96706 815 476 128 3 442 128 4 248 1031 8 1 8 2 0 
96577 860 458 126 6 488 136 7 284 1034 15 5 2 1 1 
96714 821 460 114 3 450 123 4 246 1047 6 1 5 6 0 
96560 849 516 126 4 465 128 4 258 1068 8 5 5 4 0 
96685 824 461 123 5 461 142 2 253 1025 7 4 5 3 0 
96680 852 436 130 3 467 124 0 232 1059 5 3 5 4 0 
96659 803 498 123 4 449 127 1 249 1058 10 4 10 5 0 
96547 872 493 146 0 444 123 2 259 1083 17 3 4 7 0 
96653 824 458 107 4 462 155 7 241 1066 8 4 4 7 0 
96566 824 499 149 2 481 134 3 245 1075 7 5 6 4 0 
96665 831 489 128 2 452 112 11 237 1052 4 5 3 9 0 
96723 802 455 129 5 447 104 9 230 1071 9 3 7 6 0 
96592 809 486 128 4 500 134 5 243 1072 11 4 8 4 0 
96682 797 439 133 2 467 129 4 253 1070 10 3 4 7 0 
96598 840 498 141 2 463 112 2 251 1072 10 1 6 4 0 
96635 859 482 131 1 472 126 3 226 1045 6 4 5 5 0 
96518 869 459 133 4 537 128 4 263 1069 6 0 6 4 0 
96603 845 486 127 9 470 138 3 245 1053 6 4 3 8 0 
96669 814 460 121 5 461 137 1 270 1045 10 1 3 3 0 
96496 895 525 129 2 467 123 7 257 1080 9 3 4 3 0 
96628 884 468 120 1 432 124 2 275 1047 5 4 3 7 0 
96625 852 470 151 2 457 152 4 250 1016 10 3 3 5 0 
96673 807 494 135 6 466 128 5 230 1033 11 1 6 5 0 
96665 809 437 143 4 439 113 4 233 1126 12 3 6 6 0 
96583 856 464 137 5 470 124 4 257 1086 7 3 2 2 0 
96802 779 462 119 1 424 136 0 244 1019 6 0 6 2 0 
96547 828 458 144 9 503 141 2 252 1096 11 1 8 0 0 
96674 805 482 114 4 448 124 1 239 1088 6 4 6 5 0 
96582 859 468 132 4 527 117 2 240 1045 9 1 7 7 0 
96531 881 494 125 7 472 131 3 263 1075 10 1 3 4 0 
96719 775 434 118 6 498 122 5 242 1061 11 4 4 1 0 
96640 862 473 116 3 449 112 3 249 1067 10 2 7 7 0 
96596 812 505 128 5 511 115 5 247 1046 15 3 3 9 0 
96641 816 493 145 1 440 124 4 238 1073 9 4 4 8 0 
96676 830 452 124 6 473 130 4 240 1046 7 2 7 3 0 
96596 842 469 123 8 467 114 4 269 1080 11 6 6 5 0 
96647 811 477 119 3 477 122 6 267 1052 8 1 6 4 0 
96622 846 457 141 9 489 105 5 266 1039 10 1 6 4 0 
96517 871 515 142 6 469 144 4 236 1063 15 7 2 9 0 
96585 828 490 159 2 481 126 4 269 1028 18 3 4 3 0 
96588 832 487 141 6 461 132 4 245 1083 9 3 6 3 0 
