96738 699 467 171 3 521 138 3 206 1028 12 2 7 5 0 
96659 784 468 160 4 537 120 3 231 1013 7 3 4 7 0 
96611 751 472 179 3 557 133 2 180 1092 7 1 2 10 0 
96754 740 444 171 2 504 145 2 179 1040 5 9 5 0 0 
96545 788 464 182 2 546 154 5 217 1078 7 3 6 3 0 
96710 718 475 166 1 483 145 3 205 1075 10 1 3 5 0 
96765 697 457 166 0 520 135 6 212 1021 8 1 5 7 0 
96709 742 454 183 1 490 116 6 239 1042 7 3 5 3 0 
96725 736 455 195 2 507 119 6 212 1018 11 5 6 3 0 
96550 798 504 167 3 547 125 3 195 1081 14 1 3 9 0 
96545 787 501 174 6 522 135 4 186 1117 9 3 9 2 0 
96720 757 440 184 5 513 119 5 200 1027 9 4 8 9 0 
96747 735 461 175 2 523 131 2 184 1021 5 4 4 6 0 
96763 749 459 169 5 505 112 2 191 1026 7 3 4 5 0 
96649 746 458 186 7 516 135 3 216 1067 7 2 3 5 0 
96664 734 457 141 3 552 124 1 203 1100 6 5 9 1 0 
96676 744 477 188 4 486 126 3 192 1074 13 2 10 5 0 
96712 687 478 189 5 521 160 3 189 1040 6 1 4 5 0 
96731 741 499 154 3 486 137 4 192 1034 9 1 3 6 0 
96592 704 501 189 5 506 132 4 215 1133 4 5 4 5 1 
96675 750 462 167 0 529 139 1 229 1032 4 3 4 5 0 
96716 713 446 194 2 524 127 4 208 1040 6 4 7 9 0 
96714 696 465 159 7 538 134 3 218 1045 5 3 7 6 0 
96637 743 486 185 5 529 123 3 228 1037 7 4 8 5 0 
96651 733 496 174 2 534 129 1 205 1057 5 1 6 6 0 
96566 810 471 193 2 526 115 7 210 1073 16 1 3 7 0 
96640 736 478 168 2 520 141 2 219 1071 9 5 4 5 0 
96702 774 454 201 2 526 122 3 198 991 12 5 4 6 0 
96644 708 475 186 2 501 136 3 203 1114 12 5 4 7 0 
96765 723 474 163 5 501 129 1 168 1051 6 3 6 5 0 
96640 729 469 186 3 511 143 5 191 1105 7 3 5 3 0 
96685 746 479 160 0 491 120 4 223 1076 7 1 4 4 0 
96720 694 462 171 3 543 122 0 212 1052 4 5 5 7 0 
96698 738 466 165 2 502 128 5 196 1083 9 0 5 3 0 
96599 778 492 177 1 537 135 0 179 1084 6 3 4 5 0 
96639 764 453 200 2 547 137 3 208 1026 12 3 3 3 0 
96701 794 469 168 4 489 118 3 201 1029 5 6 4 9 0 
96628 780 492 167 3 576 131 4 187 1011 10 4 5 2 0 
96701 745 499 186 4 510 142 3 192 985 8 5 8 12 0 
96735 713 476 182 3 471 144 3 209 1045 5 6 3 5 0 
96623 764 439 182 6 532 131 3 208 1086 11 3 4 8 0 
96617 760 451 196 2 519 148 4 227 1061 5 2 4 4 0 
96742 774 472 167 2 504 113 8 190 1013 8 1 1 5 0 
96759 760 459 187 4 508 139 3 176 987 6 2 2 8 0 
96715 724 458 162 3 525 130 1 211 1049 11 1 5 5 0 
96636 744 464 185 5 541 150 2 197 1054 12 2 4 4 0 
96716 743 463 163 2 520 128 3 193 1052 9 2 1 5 0 
96566 750 503 166 3 547 161 0 205 1078 5 3 3 10 0 
96641 718 456 176 4 508 142 4 207 1130 6 2 4 2 0 
96628 765 472 157 1 547 130 2 227 1054 6 3 6 2 0 
96658 719 454 175 3 532 138 3 202 1093 8 4 1 10 0 
96855 673 462 170 7 469 128 3 193 1015 14 4 3 4 0 
96706 704 448 201 5 512 132 3 217 1044 14 3 5 6 0 
96714 745 452 162 6 497 134 0 210 1052 12 4 2 10 0 
96588 743 492 186 4 497 155 1 226 1090 6 4 2 6 0 
96615 742 483 178 4 511 135 4 215 1098 4 3 4 4 0 
96694 728 465 185 6 506 139 5 215 1033 7 5 4 8 0 
96575 810 456 167 0 527 140 1 203 1100 6 4 6 5 0 
96567 794 477 173 5 517 130 7 217 1092 8 7 0 6 0 
96699 755 495 154 4 563 109 3 204 997 7 1 3 6 0 
96682 703 491 175 3 515 119 4 210 1077 14 0 2 5 0 
96740 741 495 173 1 490 114 6 196 1017 12 3 6 6 0 
96661 749 455 178 2 501 128 1 212 1099 5 2 2 5 0 
96611 717 463 174 2 556 148 4 192 1109 8 6 3 7 0 
96660 740 473 176 3 520 138 7 190 1070 9 3 3 8 0 
96639 741 472 163 2 499 140 4 200 1114 10 2 5 9 0 
96776 716 459 150 3 526 131 3 191 1029 8 1 1 6 0 
96516 761 519 180 5 528 162 3 195 1105 13 2 6 5 0 
96675 726 475 210 2 521 113 2 212 1046 7 3 3 5 0 
96681 748 471 168 6 528 112 0 178 1093 4 1 2 8 0 
96702 710 486 169 3 526 105 2 200 1082 7 1 5 2 0 
96608 737 476 163 2 539 142 6 235 1066 10 7 4 5 0 
96676 758 464 186 3 511 119 3 196 1070 6 1 4 3 0 
96748 720 441 170 6 528 146 0 174 1051 7 3 3 3 0 
96628 776 457 160 3 523 131 2 208 1086 11 4 3 8 0 
96747 717 458 155 4 488 138 7 195 1077 7 3 1 3 0 
96679 739 455 164 5 553 130 2 190 1066 6 0 3 8 0 
96573 745 502 188 6 533 138 5 214 1083 8 2 0 3 0 
96540 778 521 166 3 533 137 1 195 1106 9 1 5 5 0 
96784 734 464 180 3 491 140 4 188 993 9 1 4 5 0 
96671 742 482 181 3 526 131 3 201 1042 5 3 5 5 0 
96560 712 494 193 3 561 121 1 197 1135 13 1 5 4 0 
96641 758 473 174 4 524 118 5 208 1074 11 2 5 3 0 
96711 730 479 155 5 525 133 5 188 1047 6 4 3 9 0 
96622 769 454 193 1 515 138 4 208 1080 4 1 5 6 0 
96699 772 461 167 4 497 122 2 206 1047 12 4 3 4 0 
96752 674 508 182 1 458 135 2 201 1075 2 5 2 3 0 
96675 752 497 191 3 482 139 5 197 1033 12 1 10 3 0 
96602 795 490 165 4 524 117 3 200 1077 8 2 10 3 0 
96537 766 506 182 4 560 125 2 217 1075 8 2 4 12 0 
96593 729 491 190 1 551 137 0 212 1066 10 5 9 6 0 
96681 743 481 158 4 502 122 3 200 1093 8 1 4 0 0 
96549 754 487 212 4 544 130 4 211 1078 8 3 11 5 0 
96688 691 489 176 2 522 128 6 220 1063 7 2 1 5 0 
96684 767 469 175 3 540 125 0 216 1004 4 3 6 4 0 
96664 698 457 200 5 507 132 5 225 1086 9 2 7 3 0 
96736 720 439 194 3 519 140 3 190 1042 6 2 6 0 0 
96620 743 525 143 1 504 125 6 225 1084 8 5 3 8 0 
96700 745 467 172 2 479 137 2 193 1083 8 3 4 5 0 
96626 738 450 177 10 540 130 5 205 1096 12 4 2 5 0 
96647 774 457 174 3 519 133 6 206 1067 3 1 3 7 0 
96625 795 493 164 3 509 133 3 187 1066 9 2 3 8 0 
96613 768 423 174 6 572 114 3 222 1087 5 8 2 3 0 
96694 736 446 175 0 539 133 1 207 1048 8 3 6 4 0 
96606 743 482 173 4 557 161 2 227 1017 8 4 8 8 0 
96716 721 481 172 4 505 119 4 206 1051 4 3 7 7 0 
96701 754 476 174 6 496 142 3 202 1032 3 1 8 2 0 
96788 712 452 192 2 505 131 1 201 997 11 2 4 2 0 
96658 724 466 195 4 541 122 4 198 1074 2 5 4 3 0 
96708 719 487 158 6 486 131 7 200 1078 6 3 6 5 0 
96695 745 469 157 4 541 138 2 192 1031 10 2 7 7 0 
96712 732 471 192 2 523 128 1 198 1017 9 2 6 7 0 
96661 738 490 201 2 536 129 2 181 1035 5 3 7 10 0 
96630 789 461 156 3 489 148 2 233 1070 9 3 2 4 1 
96677 789 443 186 5 504 115 3 209 1050 5 2 6 6 0 
96765 677 460 173 1 476 125 5 211 1089 7 2 4 5 0 
96579 796 484 172 3 565 128 5 212 1035 9 5 3 4 0 
96720 723 470 178 6 505 139 2 191 1040 12 1 5 8 0 
96660 744 459 172 5 511 107 4 219 1095 12 3 5 4 0 
96769 727 453 188 4 511 129 4 190 1004 4 2 8 7 0 
96557 785 470 189 3 518 141 3 221 1087 11 3 7 5 0 
96672 748 469 185 3 521 147 3 199 1028 9 2 6 8 0 
96677 776 463 164 3 491 131 3 207 1067 8 2 3 5 0 
96676 759 467 181 6 508 130 5 215 1032 11 1 5 4 0 
96680 716 476 179 6 534 128 2 175 1083 14 3 0 4 0 
96668 719 499 193 2 533 123 2 197 1045 9 2 4 4 0 
96753 718 459 159 4 490 144 2 196 1059 4 2 2 8 0 
96680 758 490 149 3 526 128 7 221 1019 6 1 4 8 0 
96709 734 457 159 4 501 144 2 210 1059 10 7 2 2 0 
96622 773 470 201 6 519 153 1 197 1037 11 2 6 2 0 
96686 720 500 159 2 542 123 1 201 1037 8 4 10 7 0 
96689 738 453 168 3 502 116 4 196 1109 10 2 2 8 0 
96604 774 467 184 2 517 122 1 213 1091 8 2 6 9 0 
96686 791 481 167 3 499 115 2 183 1055 8 3 2 5 0 
96675 687 442 183 1 528 140 5 225 1091 8 2 5 8 0 
96628 753 503 191 4 518 122 2 197 1062 8 1 4 7 0 
96606 747 482 180 5 572 123 6 233 1029 4 3 6 4 0 
96754 662 441 192 2 482 136 6 220 1081 10 2 7 5 0 
96597 749 508 180 4 546 126 3 186 1076 13 4 5 3 0 
96569 770 468 175 1 560 152 1 187 1098 7 2 8 2 0 
96642 720 487 158 5 517 130 3 208 1117 6 1 3 3 0 
96736 743 452 164 5 558 106 2 173 1044 6 2 3 6 0 
96710 760 466 150 3 558 107 4 182 1035 6 3 3 13 0 
96707 750 449 172 6 534 118 5 190 1050 5 3 4 7 0 
96650 716 443 209 5 545 136 5 207 1063 11 5 1 4 0 
96724 688 481 168 3 498 116 3 206 1091 4 4 9 5 0 
96737 726 482 179 1 502 132 3 173 1043 11 3 1 7 0 
96640 773 502 175 2 494 125 6 204 1060 8 3 5 3 0 
96634 766 495 211 1 504 110 5 186 1073 8 2 4 1 0 
96632 747 482 169 7 550 126 3 217 1048 10 4 1 4 0 
96747 716 491 194 3 493 116 2 194 1026 10 2 1 5 0 
96719 729 478 163 2 496 153 0 184 1055 5 4 3 9 0 
96712 729 450 165 6 540 130 3 177 1065 7 1 6 8 1 
96687 699 505 166 3 514 122 1 211 1066 12 0 6 8 0 
96648 774 490 161 5 514 125 2 223 1036 9 1 2 10 0 
96643 723 490 178 5 530 125 3 215 1057 18 5 2 6 0 
96742 707 451 162 2 512 130 2 187 1080 7 4 6 8 0 
96590 767 457 170 6 563 122 3 193 1098 10 4 8 9 0 
96668 733 525 183 4 515 121 3 195 1033 4 3 9 4 0 
96672 728 482 195 6 533 110 7 217 1030 9 2 5 4 0 
96651 749 481 164 3 461 137 5 203 1130 6 2 5 3 0 
96643 718 495 178 1 544 136 3 227 1041 7 2 3 2 0 
96718 745 465 181 5 505 128 5 190 1035 8 2 4 9 0 
96714 729 463 177 0 527 117 1 193 1055 13 2 2 7 0 
96610 747 524 166 0 542 112 8 214 1052 5 4 8 8 0 
96653 728 498 176 4 524 124 1 191 1076 11 5 4 5 0 
96655 686 477 182 0 534 145 2 228 1070 11 4 3 3 0 
96596 767 440 167 0 525 133 3 225 1124 9 3 4 4 0 
96729 681 499 165 4 511 151 5 186 1052 6 1 1 9 0 
96626 769 472 164 5 508 127 2 222 1080 7 6 6 6 0 
96632 762 478 189 3 512 134 7 218 1039 12 6 6 2 0 
96688 743 458 160 5 515 120 2 213 1084 3 4 2 3 0 
96640 776 468 170 8 509 136 1 210 1057 10 2 8 5 0 
96652 721 470 165 2 514 149 2 212 1092 8 2 6 5 0 
96632 748 443 162 9 528 145 7 195 1106 12 3 8 2 0 
96678 737 454 166 6 508 136 3 209 1075 10 3 9 6 0 
96728 720 497 155 2 501 135 6 209 1033 6 0 2 6 0 
96695 762 446 170 3 504 118 5 191 1082 8 4 3 9 0 
96607 757 479 177 5 537 125 2 195 1090 11 0 4 11 0 
96614 758 506 182 8 537 130 1 220 1023 8 4 4 5 0 
96684 757 485 176 4 521 135 5 190 1024 6 2 2 9 0 
96749 707 452 183 7 502 126 1 208 1049 5 2 3 6 0 
96669 701 500 186 4 541 140 2 192 1043 6 5 4 7 0 
96648 682 504 206 3 522 144 4 222 1040 9 5 6 5 0 
96677 733 499 186 6 535 133 4 180 1021 8 4 9 5 0 
96536 747 491 172 1 587 133 6 237 1067 7 4 4 8 0 
96692 729 476 191 2 514 141 5 198 1034 7 2 3 6 0 
96809 725 477 150 2 489 129 4 226 963 12 4 3 6 1 
96604 740 460 186 6 536 119 7 221 1096 10 3 7 5 0 
96690 731 469 184 4 508 141 4 184 1064 10 1 2 8 0 
96725 731 460 165 2 484 133 6 184 1092 5 1 8 4 0 
96640 730 474 160 6 496 132 3 227 1113 10 2 2 5 0 
96643 791 462 186 2 511 128 2 218 1041 6 1 4 5 0 
96548 725 499 206 4 546 137 2 222 1083 11 5 6 6 0 
96624 748 476 162 5 557 131 2 186 1080 9 3 9 8 0 
96693 704 486 156 5 505 144 4 196 1082 3 5 8 9 0 
96677 701 464 166 2 530 136 5 192 1121 1 1 1 3 0 
96659 724 464 174 4 532 142 2 216 1064 5 0 5 9 0 
96738 775 463 173 2 465 134 4 188 1037 5 8 4 4 0 
96687 760 437 169 6 529 145 1 225 1024 7 2 4 4 0 
96669 770 471 155 3 522 149 2 182 1057 5 4 4 7 0 
96720 759 447 170 6 499 121 7 201 1048 6 8 5 3 0 
96632 761 473 175 1 547 108 5 222 1056 12 5 2 1 0 
96653 684 481 163 2 533 139 1 237 1084 11 2 6 4 0 
96663 711 501 182 3 505 126 3 203 1083 11 2 5 2 0 
96654 748 462 193 2 503 140 6 207 1062 10 2 5 6 0 
96592 746 491 189 4 530 138 4 171 1115 8 2 4 6 0 
96640 709 477 196 2 510 145 5 214 1088 8 2 2 2 0 
96542 801 491 179 5 516 132 5 199 1100 11 1 8 10 0 
96636 796 429 195 4 517 119 3 219 1063 7 2 3 6 1 
96664 729 472 190 7 514 128 3 220 1060 3 1 5 4 0 
96699 750 475 185 5 512 129 3 202 1022 6 4 4 4 0 
96643 718 510 155 4 520 133 2 198 1091 11 3 7 5 0 
96719 762 409 182 2 517 115 4 196 1080 6 1 4 3 0 
96760 721 425 187 6 539 98 0 185 1059 6 2 10 2 0 
96697 749 473 184 1 517 127 5 199 1030 9 3 4 2 0 
96651 781 493 184 3 506 112 4 187 1050 7 5 8 9 0 
96653 756 496 170 3 509 132 3 209 1046 6 2 10 5 0 
96796 747 436 165 5 478 97 1 185 1072 6 1 2 9 0 
96741 729 445 177 2 476 144 7 215 1042 8 1 4 9 0 
96729 725 462 171 1 516 141 4 192 1042 4 1 1 10 1 
96712 771 473 168 1 529 122 3 228 969 6 3 7 8 0 
96560 791 504 179 6 515 141 3 212 1070 6 1 7 5 0 
96686 728 501 187 4 522 130 4 163 1048 9 4 8 6 0 
96741 719 465 170 1 529 107 5 211 1034 7 1 4 6 0 
96757 691 484 167 3 493 125 2 191 1064 9 4 5 5 0 
96748 722 453 182 8 520 118 1 201 1019 16 0 4 8 0 
96670 789 455 178 2 519 132 4 211 1020 6 1 6 7 0 
96748 732 448 171 4 505 123 5 189 1056 6 3 3 7 0 
96698 745 457 171 7 548 119 3 198 1038 6 3 2 5 0 
96567 764 493 186 0 573 115 1 193 1089 13 3 1 2 0 
96668 768 483 166 4 496 129 2 220 1043 4 2 7 8 0 
96621 775 464 178 4 583 131 3 206 1020 5 0 1 9 0 
96636 789 442 176 4 507 143 3 197 1084 6 3 4 6 0 
96687 766 449 170 2 499 132 5 193 1079 6 3 6 3 0 
96726 746 460 184 3 483 126 2 197 1049 11 3 5 5 0 
96630 745 490 182 6 544 123 4 211 1040 10 1 7 7 0 
96568 793 449 193 3 516 139 1 213 1100 9 5 5 6 0 
96627 786 447 180 2 518 144 2 219 1057 6 3 6 3 0 
96692 750 484 167 4 524 114 4 185 1056 9 1 6 4 0 
96671 761 471 203 1 479 140 0 193 1060 5 3 6 7 0 
96601 783 483 200 6 515 129 4 201 1061 5 0 7 5 0 
96693 749 463 194 3 492 132 2 176 1070 13 2 6 5 0 
96708 735 479 188 3 508 152 4 189 1016 10 0 3 5 0 
96689 726 488 159 7 541 117 2 203 1046 11 4 4 3 0 
96682 745 463 188 0 518 128 1 211 1047 1 3 3 9 1 
96706 715 477 184 3 506 133 1 201 1052 6 2 9 5 0 
96661 768 492 159 9 496 156 3 181 1054 8 5 3 5 0 
96733 754 456 159 2 495 126 1 194 1061 10 0 3 6 0 
96631 765 471 187 3 516 138 3 214 1049 11 3 5 4 0 
96604 758 468 187 1 504 130 0 231 1098 8 3 5 3 0 
96596 750 461 189 3 563 116 6 234 1060 7 4 7 4 0 
96605 758 468 190 0 541 129 3 191 1086 14 5 6 4 0 
96733 716 445 185 5 512 113 4 177 1088 8 4 5 5 0 
96721 774 438 162 6 524 132 6 206 1008 13 1 6 3 0 
96592 776 528 177 3 490 143 3 185 1088 3 1 4 7 0 
96703 741 465 153 0 533 136 3 203 1050 3 1 3 6 0 
96725 751 493 165 3 510 142 3 196 982 9 6 9 6 0 
96598 790 480 188 1 549 121 2 201 1052 7 0 6 5 0 
96621 736 493 192 5 524 126 3 216 1059 8 4 9 4 0 
96685 765 443 173 2 530 128 2 187 1069 6 2 3 5 0 
96674 701 497 176 3 511 116 2 191 1117 4 1 3 4 0 
96629 755 459 198 4 513 133 4 192 1088 6 4 9 6 0 
96576 784 469 145 4 542 137 1 217 1103 13 4 2 3 0 
96669 691 502 191 1 499 131 1 189 1105 8 2 7 4 0 
96601 805 465 182 3 505 144 2 204 1070 7 4 0 8 0 
96652 796 432 187 4 535 139 9 190 1039 5 4 2 6 0 
96714 757 470 167 3 505 147 4 187 1027 8 1 7 3 0 
96628 748 466 187 2 530 151 5 183 1079 9 4 5 3 0 
96650 799 466 178 3 496 115 6 201 1061 15 1 1 8 0 
96664 738 500 168 3 523 136 3 202 1048 3 2 5 5 0 
96632 743 503 191 2 497 124 1 201 1073 15 3 6 9 0 
96648 788 475 184 4 495 111 1 208 1069 4 2 6 5 0 
96701 726 452 186 8 503 131 3 213 1054 10 3 4 6 0 
96587 787 465 203 5 526 133 4 198 1072 7 3 6 4 0 
96566 767 464 189 5 535 133 5 211 1104 9 1 5 6 0 
96688 765 453 159 2 488 126 3 203 1096 6 0 2 9 0 
96758 753 437 156 4 492 132 3 187 1056 11 4 3 4 0 
96662 724 455 161 6 528 150 1 199 1095 12 2 2 3 0 
96658 762 502 170 7 489 133 6 198 1059 4 4 3 5 0 
96673 784 456 159 4 517 135 4 194 1058 6 4 4 2 0 
96662 777 458 182 4 516 134 2 189 1058 5 3 6 4 0 
96745 762 461 192 3 474 123 2 189 1031 7 2 2 7 0 
96642 725 499 175 4 534 113 4 215 1073 4 3 2 7 0 
96545 786 483 186 4 549 138 3 214 1070 7 3 8 4 0 
96719 755 451 174 2 504 123 1 193 1051 12 3 5 7 0 
96671 709 494 168 2 516 132 4 202 1073 11 4 10 4 0 
96698 738 474 157 4 486 136 4 203 1079 10 0 7 4 0 
96665 728 443 190 1 543 117 1 179 1106 12 4 6 5 0 
96598 777 485 183 4 503 137 1 199 1083 7 3 14 6 0 
96639 684 503 165 2 543 124 2 228 1090 9 3 3 5 0 
96743 727 463 170 5 517 130 4 222 997 6 3 5 8 0 
96720 733 488 161 1 489 119 2 239 1029 6 0 5 7 1 
96651 752 482 197 2 528 124 4 197 1043 7 0 7 5 1 
96701 730 436 179 6 533 117 3 197 1072 8 3 9 6 0 
96756 716 469 190 3 497 138 2 221 985 6 3 5 9 0 
96598 768 464 185 1 537 129 4 208 1092 6 0 4 4 0 
96646 796 450 183 4 505 133 8 203 1051 8 6 3 4 0 
96667 745 491 168 5 534 153 4 180 1031 8 2 5 7 0 
96738 716 451 149 1 509 129 2 217 1064 7 2 9 6 0 
96724 722 457 185 5 502 124 3 191 1074 7 1 2 3 0 
96697 746 484 187 5 488 115 7 198 1048 13 1 6 5 0 
96602 724 431 167 8 589 112 1 230 1120 5 5 5 1 0 
96687 727 472 161 6 509 121 3 201 1086 11 4 6 6 0 
96699 727 436 190 5 515 121 7 213 1062 9 0 10 6 0 
96633 810 480 171 7 531 126 3 194 1031 5 4 3 2 0 
96702 720 428 167 5 513 123 7 217 1103 7 3 3 2 0 
96851 702 478 151 2 470 127 5 178 1020 5 4 3 4 0 
96663 758 450 185 4 532 142 2 196 1053 7 1 5 2 0 
96642 778 471 161 3 486 133 2 223 1075 7 5 7 6 1 
96590 785 473 178 0 539 119 4 220 1074 5 3 3 6 1 
96685 770 433 180 1 520 127 4 222 1036 5 3 6 8 0 
96705 718 481 184 7 495 133 5 199 1044 16 1 6 6 0 
96758 755 441 171 2 501 125 5 223 993 8 3 6 9 0 
96666 798 432 154 5 536 156 5 166 1066 7 2 5 2 0 
96712 747 496 176 4 509 124 2 193 1018 8 2 7 2 0 
96762 696 434 176 7 493 119 4 194 1090 6 7 6 6 0 
96681 744 460 155 3 546 135 4 207 1042 6 4 7 6 0 
96739 737 453 187 4 505 117 3 190 1049 6 2 6 2 0 
96646 743 496 164 3 523 140 5 200 1057 11 3 3 6 0 
96687 768 487 167 3 538 129 1 201 1001 9 1 3 5 0 
96689 735 477 170 4 507 121 4 220 1046 8 3 9 7 0 
96705 727 445 160 2 519 145 4 202 1075 3 1 5 7 0 
96672 727 504 175 1 496 141 8 196 1061 9 2 5 3 0 
96647 716 444 161 3 496 139 5 247 1123 8 2 3 6 0 
96662 781 490 186 2 503 129 1 196 1031 7 4 5 3 0 
96672 726 471 186 7 517 132 4 212 1058 4 3 4 4 0 
96678 751 447 166 2 538 127 7 199 1061 9 1 8 6 0 
96638 737 458 162 3 534 133 4 216 1101 8 3 2 1 0 
96687 712 485 179 6 502 128 1 191 1092 5 2 6 4 0 
96726 722 467 168 7 492 152 2 204 1037 7 4 8 4 0 
96766 717 444 187 3 498 97 5 208 1057 6 4 5 3 0 
96732 748 451 185 6 518 119 2 198 1024 9 3 0 5 0 
96663 755 457 189 1 516 120 1 212 1067 7 3 5 3 1 
96660 710 484 191 5 533 128 4 208 1061 8 2 4 2 0 
96820 701 452 170 5 522 138 2 178 994 6 0 6 6 0 
96625 756 433 167 10 515 141 2 209 1121 9 5 1 6 0 
96702 744 474 170 6 534 132 2 184 1017 13 4 5 13 0 
96772 746 496 171 1 473 118 3 210 981 8 3 9 9 0 
96720 723 453 164 9 510 154 4 203 1038 5 2 6 9 0 
96637 769 465 166 2 491 136 3 204 1106 10 3 3 5 0 
96711 730 477 164 2 519 120 2 204 1049 10 2 3 7 0 
96705 736 458 192 3 517 121 2 210 1041 9 0 5 0 1 
96666 740 434 168 3 551 121 2 204 1086 10 3 7 5 0 
96748 743 502 182 2 472 128 4 193 1014 1 0 6 5 0 
96597 748 509 166 7 505 150 1 193 1109 6 1 3 5 0 
96604 751 473 186 6 544 145 2 220 1051 2 2 7 7 0 
96641 736 462 188 3 536 122 4 194 1090 9 3 6 6 0 
96696 738 474 194 2 508 112 4 237 1021 4 2 2 6 0 
96805 707 453 169 4 506 123 5 195 1020 6 1 3 3 0 
96636 688 459 192 4 536 137 5 209 1118 9 1 2 4 0 
96635 771 494 178 3 480 137 4 190 1092 8 0 2 6 0 
96604 757 474 166 8 566 119 3 176 1102 7 2 5 11 0 
96724 759 435 181 4 520 96 4 200 1055 8 2 6 6 0 
96620 731 482 169 3 531 150 2 203 1083 9 5 7 5 0 
96623 772 475 199 3 531 127 4 195 1053 5 3 6 4 0 
96694 743 444 194 5 514 151 7 216 1007 5 2 7 11 0 
96705 767 463 182 6 476 121 3 196 1055 13 5 4 4 0 
96656 806 448 169 2 523 148 1 196 1034 5 2 6 4 0 
96645 747 450 169 4 553 140 0 181 1096 5 0 5 5 0 
96710 692 468 190 8 491 120 3 202 1091 11 3 2 9 0 
96650 755 479 201 2 498 125 2 189 1086 2 1 6 4 0 
96674 750 458 191 5 524 136 5 204 1033 6 5 4 5 0 
96690 714 474 170 3 490 129 5 195 1110 4 2 7 7 0 
96641 774 462 179 3 489 152 1 212 1069 4 4 3 7 0 
96636 704 488 187 3 519 110 1 235 1093 11 0 7 6 0 
96669 723 457 176 2 509 138 7 202 1097 10 2 5 3 0 
96648 707 456 186 7 554 137 1 186 1095 10 2 9 2 0 
96507 782 483 193 3 553 139 1 200 1113 11 3 5 7 0 
96632 795 482 176 5 527 125 2 188 1055 7 1 2 3 0 
96687 717 466 190 2 480 121 3 222 1090 10 1 5 6 0 
96693 717 503 168 2 531 129 3 199 1035 6 3 5 6 0 
96782 646 437 170 4 507 131 3 240 1058 9 2 3 8 0 
96765 694 438 170 3 502 122 3 200 1077 8 3 10 5 0 
96712 772 492 143 3 504 133 1 193 1026 6 3 7 5 0 
96583 786 496 191 2 543 128 1 188 1070 4 4 3 1 0 
96742 700 464 169 4 513 111 6 169 1107 7 2 2 4 0 
96679 752 490 176 6 559 122 0 180 1005 14 4 5 8 0 
96599 774 475 182 6 512 124 1 204 1103 9 0 7 4 0 
96729 728 478 173 1 517 143 2 170 1042 6 3 1 7 0 
96699 791 451 153 1 486 130 1 193 1070 10 4 8 3 0 
96579 737 453 178 5 565 129 4 209 1118 11 6 4 2 0 
96652 703 473 188 7 529 137 3 206 1077 11 2 6 6 0 
96667 750 475 178 4 502 125 4 197 1076 7 4 4 7 0 
96675 707 480 165 2 506 146 3 201 1095 9 3 4 4 0 
96522 786 501 185 3 571 111 4 201 1090 7 3 5 11 0 
96583 802 489 168 1 518 137 6 215 1069 2 2 5 3 0 
96640 734 486 184 3 523 139 1 201 1066 8 2 10 3 0 
96730 739 433 165 2 504 141 3 213 1050 6 4 2 8 0 
96682 699 481 172 2 550 137 3 207 1049 6 4 7 1 0 
96686 714 507 182 7 508 125 4 222 1034 2 2 3 4 0 
96528 763 497 186 6 549 154 4 219 1072 10 4 3 5 0 
96558 750 485 168 3 548 128 6 204 1121 15 2 5 7 0 
96694 718 438 164 3 579 123 1 210 1053 3 2 4 8 0 
96712 727 478 158 4 541 125 6 189 1038 9 3 6 4 0 
96656 719 489 178 3 508 125 2 218 1083 6 6 2 5 0 
96667 736 462 181 4 501 137 1 204 1084 6 6 5 6 0 
96645 727 487 169 2 493 133 3 222 1105 4 3 3 4 0 
96684 718 482 171 7 491 131 6 203 1089 7 2 3 6 0 
96627 768 497 180 6 531 113 5 192 1055 6 5 3 12 0 
96602 772 467 199 2 495 145 2 206 1085 8 4 6 7 0 
96656 751 484 179 2 525 131 6 202 1041 6 2 7 8 0 
96688 708 448 173 7 523 129 3 200 1095 9 4 4 9 0 
96604 737 478 193 2 517 129 3 235 1084 10 2 5 1 0 
96731 681 481 188 6 490 119 4 199 1078 12 2 6 3 0 
96615 769 494 169 1 507 116 5 206 1085 12 4 8 9 0 
96589 728 496 183 7 529 114 6 213 1121 5 0 3 6 0 
96740 720 480 193 4 481 117 5 219 1020 11 2 2 6 0 
96708 713 502 182 3 474 105 7 184 1103 9 2 6 2 0 
96698 740 481 174 6 489 125 5 213 1047 13 2 3 4 0 
96605 768 446 172 1 538 123 7 204 1112 12 2 5 5 0 
96712 715 471 189 1 513 134 2 198 1043 10 2 4 6 0 
96773 724 451 168 8 507 115 2 183 1052 6 2 7 2 0 
96636 751 476 153 3 490 125 4 239 1097 14 0 3 9 0 
96656 776 479 150 0 474 154 2 206 1083 9 1 3 6 1 
96771 706 441 160 1 478 134 2 222 1065 7 3 4 5 1 
96660 725 493 156 5 548 118 7 178 1090 5 4 3 8 0 
96683 712 505 179 1 503 145 1 184 1063 8 4 7 5 0 
96767 709 455 160 3 502 135 3 201 1045 10 2 3 5 0 
96594 792 477 212 2 515 128 2 189 1063 14 1 5 6 0 
96668 704 485 163 4 526 122 4 196 1113 5 1 3 5 1 
96685 749 493 185 3 495 122 5 197 1051 3 1 9 2 0 
96539 737 495 159 10 541 130 3 232 1136 5 1 1 11 0 
96617 742 501 204 4 512 125 1 236 1033 12 1 4 8 0 
96704 719 463 147 7 525 138 3 191 1094 1 2 1 5 0 
96746 700 491 175 5 503 124 4 215 1018 7 3 4 5 0 
96635 747 470 193 5 542 125 3 192 1067 13 1 4 3 0 
96660 730 457 188 3 519 123 6 227 1064 11 2 3 7 0 
96656 765 468 197 4 518 113 2 213 1048 8 0 3 5 0 
96621 741 474 185 5 503 141 3 191 1112 10 4 4 6 0 
96645 773 461 178 2 500 122 6 217 1069 9 4 7 7 0 
96652 746 484 200 5 504 125 4 195 1071 8 1 4 1 0 
96730 730 457 214 4 495 148 3 196 1001 7 3 8 4 0 
96720 707 448 177 2 503 140 3 225 1057 10 1 2 5 0 
96685 697 510 171 3 523 112 5 213 1061 7 1 7 5 0 
96742 711 437 169 3 525 131 1 191 1063 10 6 5 6 0 
96697 721 462 170 2 528 137 4 194 1062 11 1 5 6 0 
96656 711 431 188 7 533 133 3 189 1127 7 4 6 5 0 
96716 731 462 178 3 516 125 3 192 1046 10 8 3 7 0 
96650 765 478 174 6 537 118 2 190 1061 6 2 5 6 0 
96722 731 478 188 1 484 125 2 187 1063 4 2 2 11 0 
96731 672 465 164 4 551 132 3 208 1050 6 4 5 5 0 
96670 734 499 186 6 508 127 3 181 1059 6 4 7 10 0 
96760 748 458 151 4 485 140 4 207 1024 7 1 3 8 0 
96536 753 495 195 3 539 130 3 203 1116 9 4 7 7 0 
96725 708 446 191 5 524 139 4 187 1057 4 3 3 4 0 
96674 752 491 183 5 489 132 6 216 1031 9 2 7 3 0 
96722 696 454 181 3 516 138 2 183 1081 9 3 5 7 0 
96668 791 463 178 1 481 105 4 228 1065 7 1 2 6 0 
96699 756 460 172 2 492 128 4 199 1061 10 3 3 11 0 
96561 782 438 198 5 520 138 4 195 1136 7 6 3 7 0 
96703 751 482 201 6 490 125 3 192 1027 7 1 6 6 0 
96673 740 481 173 1 509 127 6 200 1076 6 1 4 3 0 
96666 755 499 180 6 486 106 6 179 1096 6 2 7 6 0 
96644 724 490 174 2 525 119 3 207 1091 5 3 8 5 0 
96761 741 473 172 3 505 124 5 183 1012 8 2 5 6 0 
96740 735 453 188 4 528 129 3 175 1028 9 4 3 1 0 
96628 752 467 173 1 523 149 1 212 1070 9 3 5 7 0 
96761 720 454 184 3 511 116 5 206 1021 8 0 5 6 0 
96604 729 506 182 2 557 129 3 202 1069 6 2 4 5 0 
96714 729 460 172 4 547 132 4 175 1046 4 5 5 3 0 
96768 706 452 133 3 511 118 3 168 1120 5 4 4 5 0 
96715 704 480 185 6 526 131 2 178 1058 8 1 1 5 0 
96756 743 455 169 3 553 115 3 175 1017 6 1 2 2 0 
96681 724 486 184 2 489 135 1 208 1070 6 6 3 5 0 
96712 739 466 177 2 516 139 3 203 1017 12 3 9 2 0 
96594 766 490 196 2 555 125 4 177 1065 11 3 5 7 0 
96661 783 467 172 4 526 120 3 208 1034 9 0 5 8 0 
96623 758 482 184 3 547 123 2 197 1063 8 2 3 5 0 
96717 747 467 171 2 523 126 2 207 1016 7 3 4 8 0 
96589 784 499 204 8 495 133 6 193 1069 6 1 6 7 0 
96603 823 482 187 3 508 135 3 190 1045 6 4 7 4 0 
96675 766 470 174 3 483 118 2 201 1093 7 0 6 2 0 
96745 739 440 185 1 480 110 4 213 1064 5 4 4 6 0 
96699 759 503 161 3 517 127 9 185 1019 7 1 4 6 0 
96653 742 488 173 3 496 138 2 210 1075 13 1 4 2 0 
96733 724 466 182 1 498 108 5 184 1076 8 6 3 5 1 
96634 738 495 176 1 532 135 4 194 1072 4 5 5 5 0 
96631 787 517 190 5 537 125 7 185 1003 5 0 4 4 0 
96686 724 493 164 4 545 133 5 191 1035 7 2 7 4 0 
96649 755 500 190 3 536 139 4 195 1012 10 1 2 4 0 
96705 737 450 168 0 534 123 8 202 1052 7 0 7 7 0 
96731 787 460 172 2 508 134 4 183 1003 7 0 5 4 0 
96748 766 475 179 2 485 119 6 177 1024 5 5 4 5 0 
96669 760 474 184 3 501 132 4 207 1043 8 4 3 8 0 
96703 718 488 196 5 480 144 3 204 1040 5 4 8 2 0 
96690 755 434 185 4 514 141 2 202 1056 6 2 3 6 0 
96669 707 453 183 1 541 124 2 209 1097 5 4 2 3 0 
96677 767 456 197 1 519 120 2 172 1064 3 6 4 12 0 
96650 750 454 186 5 504 132 1 205 1100 3 4 2 4 0 
96690 726 429 181 5 541 140 2 206 1059 9 2 2 8 0 
96679 731 479 190 2 519 123 3 209 1046 10 0 7 2 0 
96566 800 488 178 2 538 129 7 233 1037 3 2 8 9 0 
96680 725 455 177 3 526 123 0 219 1071 12 4 3 2 0 
96719 762 470 155 5 508 124 4 196 1038 8 1 5 5 0 
96674 746 488 185 3 531 117 4 214 1018 11 0 3 6 0 
96615 740 476 183 3 553 126 4 200 1075 9 3 10 3 0 
96714 715 470 182 2 468 137 1 225 1063 11 4 6 2 0 
96641 721 470 172 4 553 138 4 203 1067 9 4 5 8 1 
96681 783 485 183 5 513 141 4 193 987 4 5 9 7 0 
