96582 844 436 150 1 488 115 8 256 1097 10 1 5 7 0 
96500 789 520 146 3 530 133 3 244 1104 8 7 7 6 0 
96643 848 489 125 5 438 136 6 262 1022 12 6 3 5 0 
96621 833 462 158 8 495 111 2 267 1025 4 4 5 5 0 
96607 824 465 134 1 489 137 5 241 1076 13 2 3 3 0 
96738 819 453 146 3 416 126 1 233 1037 12 6 6 4 0 
96571 846 457 153 1 494 135 4 251 1060 15 3 3 7 0 
96674 814 465 126 3 471 117 2 227 1079 10 4 3 5 0 
96520 884 465 129 1 511 136 6 230 1100 7 1 7 3 0 
96653 793 438 141 5 509 116 2 248 1073 14 2 1 5 0 
96564 820 480 152 6 497 129 6 241 1079 6 4 8 8 0 
96673 804 466 136 4 481 122 4 230 1056 9 2 9 4 0 
96767 804 418 157 3 468 134 2 235 1001 4 4 1 2 0 
96632 804 467 132 4 501 124 3 240 1069 12 5 3 4 0 
96674 844 485 125 2 455 131 1 227 1037 6 2 6 5 0 
96539 837 478 148 2 504 118 3 244 1099 13 4 2 9 0 
96548 867 465 137 5 497 119 1 266 1065 6 4 7 13 0 
96759 793 459 144 1 471 144 7 200 997 7 6 6 6 0 
96601 784 464 123 4 518 132 3 279 1062 11 6 3 10 0 
96688 818 458 140 1 484 137 0 232 1017 10 1 7 7 0 
96609 817 475 143 5 481 135 9 223 1080 9 4 5 5 0 
96625 792 454 160 5 484 114 2 247 1091 15 2 4 5 0 
96687 758 465 147 5 500 128 4 230 1051 8 1 7 9 0 
96626 791 472 179 6 514 98 4 256 1030 12 4 3 5 0 
96560 807 500 150 6 453 128 5 256 1111 11 4 3 6 0 
96746 813 445 139 4 471 132 2 232 1002 6 0 4 4 0 
96579 886 481 154 5 463 134 0 242 1040 7 5 1 3 0 
96689 787 436 150 4 475 129 2 241 1068 7 3 4 5 0 
96556 826 485 146 3 505 139 4 265 1054 6 3 6 2 0 
96586 834 469 138 3 475 126 7 260 1091 7 0 1 3 0 
96641 872 468 147 2 497 117 1 212 1021 9 3 6 3 1 
96705 765 455 109 3 530 122 2 216 1074 8 0 4 7 0 
96620 826 485 137 1 515 134 0 244 1024 4 1 2 7 0 
96638 791 478 142 3 486 132 5 260 1040 13 1 5 6 0 
96492 823 485 167 2 511 134 6 255 1098 12 3 8 4 0 
96718 800 491 140 2 474 126 3 242 980 9 2 5 8 0 
96614 796 480 139 2 531 118 2 253 1047 5 2 2 9 0 
96725 779 486 136 7 474 110 3 231 1028 10 5 2 4 0 
96613 782 493 145 2 476 125 4 240 1098 13 1 4 4 0 
96555 854 474 133 3 471 124 7 255 1098 9 6 7 4 0 
96694 800 503 140 3 434 138 2 247 1016 13 0 3 7 0 
96596 831 459 130 3 504 139 4 245 1067 12 4 2 4 0 
96630 806 451 144 5 479 126 5 236 1101 9 2 3 3 0 
96637 828 460 135 2 498 142 0 264 1012 11 3 6 2 0 
96603 824 459 129 5 485 151 9 250 1069 5 2 6 3 0 
96596 837 468 134 2 502 137 2 241 1068 5 3 4 1 0 
96540 846 509 150 5 510 121 7 232 1064 5 3 7 1 0 
96589 781 439 146 3 492 116 2 232 1177 11 4 6 2 0 
96557 833 491 146 5 484 139 5 242 1076 10 3 3 6 0 
96595 848 486 150 4 470 115 3 258 1048 8 3 6 6 0 
96593 830 465 154 4 510 128 2 247 1049 7 2 4 4 1 
96641 813 498 131 6 505 126 6 247 1008 6 3 8 2 0 
96605 817 464 137 6 509 122 2 233 1077 13 1 5 9 0 
96648 819 455 127 4 478 118 4 239 1088 8 4 6 2 0 
96653 824 445 146 6 482 126 2 235 1059 8 2 8 4 0 
96902 741 416 127 5 419 128 3 218 1020 9 3 5 4 0 
96681 810 477 128 4 490 126 1 247 1016 11 2 4 3 0 
96581 825 488 157 6 480 126 3 263 1052 6 1 6 6 0 
96632 851 480 137 2 488 106 1 216 1063 6 5 6 7 0 
96538 887 453 139 5 492 125 7 249 1084 7 2 5 7 0 
96634 836 467 128 4 488 122 4 224 1073 11 2 6 1 0 
96575 857 484 155 4 474 140 2 229 1055 8 4 8 5 0 
96676 836 473 159 6 456 112 3 249 1012 6 2 5 5 0 
96606 826 467 122 4 491 122 1 253 1091 11 0 1 5 0 
96732 798 460 124 5 504 117 2 229 1008 9 2 4 6 0 
96648 826 491 141 3 478 114 5 219 1049 9 5 5 7 0 
96619 811 448 124 3 515 135 3 237 1087 6 4 4 4 0 
96632 781 502 138 2 474 125 2 252 1071 8 3 5 5 0 
96631 826 507 129 5 476 109 5 246 1050 5 4 4 3 0 
96605 797 522 155 6 482 125 3 272 1014 8 4 2 5 0 
96695 804 439 165 5 488 120 3 228 1022 13 3 9 6 0 
96658 865 481 150 3 449 123 2 226 1023 11 1 5 3 0 
96676 816 485 139 3 475 140 4 234 1011 7 4 4 2 0 
96633 808 490 117 1 478 131 6 224 1088 12 4 1 7 0 
96737 793 468 140 7 456 122 8 241 1007 10 4 4 3 0 
96580 815 496 157 1 521 128 2 214 1072 5 2 3 4 0 
96623 844 447 140 4 496 109 5 235 1071 14 2 3 7 0 
96606 804 476 141 3 510 116 2 234 1087 10 3 3 5 0 
96633 850 443 159 5 501 121 2 226 1037 10 3 6 4 0 
96637 769 484 162 2 462 148 4 243 1066 11 3 4 5 0 
96640 782 498 118 1 505 158 3 234 1035 9 4 9 4 0 
96494 818 496 135 2 487 139 7 262 1133 14 5 3 5 0 
96568 863 462 135 4 501 130 2 236 1076 14 3 4 2 0 
96675 817 518 156 3 462 119 8 204 1014 6 5 11 2 0 
96559 822 488 141 4 499 119 4 233 1111 5 5 4 6 0 
96685 792 442 156 6 473 133 5 230 1050 16 2 7 3 0 
96628 767 486 130 3 496 156 3 243 1067 13 2 1 5 0 
96643 839 460 151 5 478 129 3 244 1027 9 2 1 9 0 
96677 782 437 127 6 478 123 4 251 1091 8 0 13 3 0 
96647 799 481 138 6 468 129 2 238 1067 13 3 3 6 0 
96633 836 437 176 3 457 121 10 247 1060 7 3 5 5 0 
96600 831 511 126 4 475 134 2 260 1043 3 2 7 2 0 
96634 802 468 145 0 491 126 6 253 1049 11 5 5 5 0 
96622 841 449 125 2 494 110 4 244 1088 8 6 2 5 0 
96635 813 516 134 4 483 118 4 239 1032 7 4 7 4 0 
96506 854 499 125 7 471 115 5 252 1143 7 4 7 5 0 
96658 821 485 130 2 465 128 5 255 1032 10 2 3 4 0 
96701 758 464 149 5 456 136 5 253 1050 11 3 4 5 0 
96597 798 444 144 3 517 129 3 248 1096 5 6 7 3 0 
96625 808 489 126 5 507 126 5 239 1048 11 4 2 5 0 
96579 816 492 162 4 478 143 2 241 1059 6 3 12 3 0 
96591 844 485 152 4 475 125 5 226 1070 12 2 5 4 0 
96636 799 458 135 4 483 135 5 236 1088 9 0 6 5 1 
96581 823 452 164 3 493 136 7 249 1064 12 6 6 4 0 
96607 824 436 146 4 524 120 3 247 1075 10 1 0 3 0 
96660 805 457 127 2 465 143 4 254 1061 10 2 6 4 0 
96616 763 464 148 7 518 124 8 263 1074 7 1 4 3 0 
96625 835 441 123 2 479 149 7 225 1093 11 2 4 4 0 
96554 834 475 143 1 511 135 6 219 1104 6 2 6 4 0 
96631 813 505 146 3 489 133 2 258 1002 8 2 4 4 0 
96634 862 481 134 1 458 135 4 205 1060 11 5 4 6 0 
96699 809 447 165 7 465 109 1 237 1041 10 4 3 3 0 
96751 766 457 141 4 475 119 1 242 1031 3 1 3 6 0 
96600 778 489 138 7 491 132 1 256 1086 8 2 5 7 0 
96718 817 474 140 2 433 122 7 234 1031 10 4 4 4 0 
96614 832 497 127 3 471 136 2 230 1069 8 4 3 4 0 
96635 828 451 148 3 477 126 6 218 1090 6 3 6 3 0 
96712 857 444 142 5 451 128 0 243 1001 7 0 4 5 1 
96551 842 446 156 3 489 118 5 250 1128 5 2 3 2 0 
96664 796 464 140 2 473 149 3 233 1055 7 5 6 3 0 
96677 829 459 146 3 492 112 4 251 1013 8 0 3 3 0 
96606 844 465 151 2 476 133 2 250 1055 8 2 4 2 0 
96653 778 463 146 2 484 117 5 251 1078 7 5 6 5 0 
96602 807 493 132 4 509 158 5 221 1044 12 8 1 4 0 
96667 829 452 143 5 450 135 0 248 1050 7 6 4 4 0 
96747 779 470 116 2 476 113 3 248 1022 11 3 6 4 0 
96579 826 454 122 4 498 146 6 254 1089 11 4 3 4 0 
96666 766 433 155 5 492 141 4 227 1091 7 1 6 6 0 
96613 896 464 151 5 508 113 5 247 972 9 4 5 7 1 
96648 853 465 140 0 446 122 3 258 1044 5 4 6 6 0 
96580 861 461 124 3 479 135 2 226 1099 13 4 6 7 0 
96594 820 477 151 5 514 114 6 255 1042 6 3 8 5 0 
96542 788 470 146 3 511 136 4 240 1140 11 0 4 5 0 
96634 822 451 127 6 517 128 3 246 1046 7 4 4 5 0 
96565 837 496 132 4 496 132 3 227 1086 8 7 5 2 0 
96683 788 473 137 3 477 117 3 249 1051 8 3 5 3 0 
96645 833 468 140 2 495 122 5 242 1026 10 2 4 6 0 
96580 825 481 149 3 491 132 3 266 1045 11 4 5 5 0 
96732 811 440 149 6 465 141 4 205 1029 6 1 6 5 0 
96610 861 443 135 2 478 138 3 233 1076 7 3 3 8 0 
96633 815 453 161 6 474 140 4 230 1060 9 2 7 6 0 
96701 798 480 147 2 470 128 0 239 1016 13 0 6 0 0 
96633 849 449 119 4 487 141 5 248 1037 13 2 4 9 0 
96621 824 488 137 3 479 119 5 247 1045 12 5 4 11 0 
96561 863 481 137 5 457 140 2 249 1085 10 1 1 8 0 
96632 832 458 153 2 473 115 3 235 1077 10 5 2 3 0 
96585 830 479 137 2 510 147 5 259 1023 8 4 3 8 0 
96601 826 446 150 4 475 133 4 267 1070 10 2 9 2 1 
96648 813 506 140 3 513 132 3 243 983 8 4 3 1 0 
96709 759 486 137 2 473 140 0 222 1052 3 4 9 4 0 
96662 787 479 125 1 496 147 2 248 1033 10 2 6 2 0 
96675 839 471 133 4 449 119 1 221 1066 5 0 11 6 0 
96658 821 455 140 4 474 132 5 244 1046 8 4 5 4 0 
96559 821 495 134 5 491 124 5 278 1075 6 0 3 4 0 
96685 815 451 139 6 497 136 6 240 1006 12 4 1 2 0 
96577 848 448 126 2 509 151 0 248 1070 10 2 4 5 0 
96585 809 481 146 4 464 142 2 257 1084 12 3 6 5 0 
96658 852 445 158 2 446 128 1 244 1044 7 2 6 7 0 
96631 789 479 135 8 500 136 5 214 1086 8 3 4 2 0 
96590 883 463 144 3 490 118 3 255 1032 9 0 5 5 0 
96616 832 447 148 3 500 129 5 235 1064 7 4 7 3 0 
96530 777 521 143 2 461 139 1 258 1142 8 7 4 7 0 
96618 801 502 158 4 465 143 5 223 1058 9 3 5 6 0 
96558 857 477 157 2 455 112 2 249 1101 7 6 9 8 0 
96663 848 449 129 2 474 129 7 241 1043 5 2 5 3 0 
96689 836 457 134 1 476 100 7 240 1039 8 2 2 9 0 
96632 815 464 166 1 449 107 2 246 1087 12 3 2 14 0 
96736 777 464 136 5 489 144 4 218 1005 7 5 6 4 0 
96623 792 460 135 6 500 124 2 259 1072 15 2 4 6 0 
96595 789 476 141 5 485 112 9 256 1107 13 3 5 4 0 
96693 774 489 132 4 507 142 3 218 1013 12 3 3 7 0 
96645 793 478 148 4 493 132 2 225 1060 7 3 4 6 0 
96678 807 495 135 2 458 130 1 253 1018 13 4 2 4 0 
96671 808 487 135 3 483 130 4 246 1016 7 2 3 5 0 
96567 834 476 161 3 494 119 2 239 1084 9 1 5 6 0 
96585 875 488 129 1 476 104 6 237 1084 7 1 7 0 0 
96577 801 468 134 5 508 137 4 244 1098 10 4 6 4 0 
96628 807 476 154 3 482 122 4 235 1072 7 1 5 4 0 
96680 813 508 138 4 476 114 2 257 992 8 4 2 2 0 
96645 812 463 121 4 471 148 4 225 1092 7 2 2 3 1 
96588 823 456 135 4 515 134 4 234 1084 9 6 2 6 0 
96613 835 459 132 1 513 133 1 222 1071 7 3 7 3 0 
96600 817 468 145 5 494 149 4 250 1043 10 1 7 7 0 
96661 813 478 122 3 458 143 1 203 1098 6 5 6 3 0 
96582 801 494 140 2 466 130 7 233 1108 14 6 11 6 0 
96584 864 441 132 6 503 134 2 248 1060 10 1 6 9 0 
96649 840 461 161 2 496 135 3 237 991 14 2 3 6 0 
96555 824 462 157 4 481 125 2 252 1115 8 6 4 5 0 
96670 799 451 128 2 466 135 3 250 1077 11 1 2 5 0 
96709 741 472 144 4 490 138 3 238 1038 9 5 4 5 0 
96741 777 451 148 4 473 147 3 208 1027 7 2 5 7 0 
96624 796 514 144 1 480 148 2 231 1038 11 3 8 0 0 
96628 835 455 144 1 464 130 5 241 1074 8 2 7 6 0 
96639 797 447 161 4 422 126 5 260 1115 8 4 5 7 0 
96574 778 497 142 2 513 140 6 228 1109 6 1 2 1 1 
96683 842 474 134 3 477 110 2 226 1028 11 0 2 8 0 
96615 824 471 150 2 475 131 3 257 1050 11 2 5 4 0 
96577 845 472 132 3 505 147 3 237 1052 16 3 4 4 0 
96594 810 498 155 1 467 123 5 244 1083 7 4 5 4 0 
96707 779 458 147 5 482 117 4 231 1045 7 5 10 3 0 
96579 848 470 140 4 487 127 1 263 1061 10 2 3 5 0 
96615 846 467 120 10 483 136 4 268 1025 18 4 0 4 0 
96685 813 428 153 4 469 131 2 258 1030 11 3 6 7 0 
96583 848 484 150 3 465 137 1 247 1067 4 1 4 6 0 
96654 807 466 141 1 506 130 3 234 1042 7 0 7 2 0 
96668 843 445 163 3 456 112 3 238 1049 7 3 5 5 0 
96690 780 466 150 1 463 114 2 254 1055 12 3 6 4 0 
96593 856 479 141 4 479 112 3 255 1050 7 7 9 5 0 
96598 835 452 149 2 489 124 5 224 1102 8 4 3 5 0 
96547 830 495 156 2 483 137 4 240 1081 12 2 5 6 0 
96696 768 474 149 2 495 121 3 226 1037 10 5 9 5 0 
96639 790 469 142 2 487 111 5 243 1098 4 1 3 6 0 
96661 840 457 152 0 468 112 3 228 1063 5 3 4 4 0 
96649 803 472 156 4 474 120 3 231 1069 5 4 5 5 0 
96571 830 485 129 2 495 119 2 256 1083 10 4 5 9 0 
96632 766 477 163 4 457 123 2 250 1098 11 4 3 10 0 
96665 855 489 148 3 461 114 4 224 1017 6 3 6 5 0 
96624 822 480 167 5 471 127 5 209 1069 10 4 4 3 0 
96648 823 473 157 4 423 126 6 233 1077 14 4 7 5 0 
96591 860 485 135 6 492 127 1 240 1050 3 1 7 2 0 
96660 804 459 138 2 480 123 4 228 1076 10 6 6 4 0 
96706 825 465 144 3 481 135 1 240 986 4 2 5 3 0 
96551 834 478 147 4 463 112 3 256 1135 9 1 1 6 0 
96638 826 500 131 1 485 109 2 223 1070 7 3 4 1 0 
96598 838 460 146 5 480 146 1 269 1034 8 3 9 3 0 
96641 765 490 134 5 498 138 8 229 1075 10 2 1 4 0 
96673 765 466 143 5 491 147 5 239 1049 5 3 4 5 0 
96652 805 486 131 7 480 109 6 220 1077 9 4 8 6 0 
96665 809 461 140 5 478 132 1 239 1054 6 3 5 2 0 
96641 767 503 161 6 489 119 3 250 1045 9 5 1 1 0 
96622 814 444 125 7 472 148 0 246 1096 12 4 4 6 0 
96603 819 485 138 4 520 117 6 237 1046 12 3 5 5 0 
96608 822 494 137 5 468 123 7 241 1078 5 3 4 5 0 
96534 858 473 120 5 499 128 2 252 1104 10 0 7 8 0 
96625 825 443 108 5 487 136 6 232 1109 9 4 7 4 0 
96716 780 436 144 6 489 132 3 233 1042 10 1 5 3 0 
96602 840 476 141 0 455 139 5 263 1059 10 2 3 5 0 
96628 842 460 131 8 495 111 2 256 1050 8 4 2 3 0 
96592 867 490 139 2 467 142 5 227 1052 11 1 4 1 0 
96537 818 449 149 2 517 133 0 272 1101 12 1 5 4 0 
96660 810 442 130 4 449 147 4 230 1097 15 2 4 6 0 
96611 812 462 156 4 506 117 5 254 1054 5 2 6 6 0 
96504 812 481 157 6 485 136 7 245 1147 3 9 7 1 0 
96687 793 504 135 2 442 137 8 216 1055 10 1 8 2 0 
96553 811 498 148 3 533 113 5 249 1061 7 4 4 11 0 
96608 778 463 142 1 520 129 4 234 1100 9 3 6 3 0 
96627 793 469 135 4 456 129 2 241 1119 7 5 7 6 0 
96609 840 455 148 5 493 135 4 235 1058 6 1 5 6 0 
96630 792 488 163 4 456 131 4 254 1056 6 4 4 8 0 
96554 799 482 168 7 515 120 2 239 1098 8 0 1 7 0 
96668 824 465 128 3 486 109 6 228 1060 11 1 3 8 0 
96608 816 468 162 5 484 132 7 250 1050 6 5 5 2 0 
96700 857 434 114 2 479 128 2 220 1048 6 3 1 6 0 
96738 806 436 131 2 481 139 3 214 1023 10 6 5 6 0 
96554 846 470 145 5 466 144 5 241 1100 11 6 3 4 0 
96608 841 477 152 2 442 145 2 232 1078 8 0 3 10 0 
96627 844 443 151 5 463 116 2 235 1099 5 2 5 3 0 
96595 818 483 177 4 481 145 6 258 1011 9 1 6 6 0 
96628 803 485 136 2 506 128 4 222 1066 14 2 3 1 0 
96628 863 444 156 4 440 119 0 253 1064 8 7 7 7 0 
96513 903 455 155 3 492 133 3 258 1071 6 3 3 2 0 
96670 786 474 148 4 466 121 7 248 1064 3 4 1 4 0 
96619 823 461 150 6 463 118 4 255 1080 11 3 6 1 0 
96723 762 480 129 1 478 123 3 243 1038 8 1 3 8 0 
96685 779 470 145 2 488 136 5 240 1028 3 5 8 6 0 
96597 787 456 140 3 508 121 6 241 1127 1 4 5 4 0 
96524 853 484 122 1 502 135 4 259 1094 9 8 3 2 0 
96632 798 537 135 4 468 128 1 269 1001 14 1 7 5 0 
96651 830 472 148 4 451 126 2 206 1087 13 0 5 5 0 
96616 858 476 135 5 491 138 3 227 1026 13 3 8 1 0 
96674 809 467 154 7 486 141 5 221 1018 7 2 2 7 0 
96584 817 501 146 5 471 146 7 254 1035 13 2 8 11 0 
96617 857 474 135 1 501 146 7 206 1037 9 4 2 4 0 
96653 815 456 139 3 484 128 2 215 1088 7 2 4 4 0 
96583 829 475 141 7 492 138 5 211 1101 7 5 3 3 0 
96633 779 462 140 3 481 113 5 243 1118 10 3 5 5 0 
96585 854 466 146 2 491 131 8 239 1063 3 2 10 0 0 
96611 820 475 156 1 515 129 4 229 1037 6 5 5 6 1 
96615 849 461 134 5 489 128 4 218 1078 12 0 2 5 0 
96644 813 433 139 3 484 147 2 254 1057 12 3 6 3 0 
96596 795 501 153 3 452 155 7 225 1080 12 7 4 10 0 
96641 868 471 145 5 436 130 4 240 1037 9 2 5 7 0 
96614 840 477 137 3 501 127 5 221 1057 9 2 2 5 0 
96627 841 454 143 6 503 124 3 228 1055 5 5 2 4 0 
96648 802 467 138 3 508 135 7 226 1038 9 6 5 8 0 
96651 821 485 127 3 453 143 6 213 1070 11 4 7 6 0 
96716 806 474 127 4 472 132 4 209 1039 7 0 5 4 1 
96551 880 472 163 2 509 141 6 235 1025 8 2 2 4 0 
96557 807 475 156 7 529 140 4 238 1074 4 2 3 4 0 
96576 889 460 150 3 484 120 2 227 1065 9 2 8 5 0 
96561 872 448 163 4 459 148 0 263 1058 11 6 3 4 0 
96691 787 503 139 8 471 127 1 253 1003 7 2 5 3 0 
96625 819 456 126 9 494 142 6 228 1068 14 3 5 5 0 
96605 803 477 152 3 484 141 4 251 1052 11 1 6 10 0 
96748 776 484 140 3 411 136 6 248 1027 9 2 3 7 0 
96632 824 446 118 3 501 149 1 255 1053 4 2 7 5 0 
96699 804 482 150 5 440 125 1 216 1059 10 3 4 2 0 
96622 777 446 157 0 459 148 5 257 1107 10 5 2 5 0 
96632 805 464 134 1 510 120 2 217 1098 9 0 4 4 0 
96625 836 473 155 6 509 126 4 252 994 12 4 2 2 0 
96639 813 505 139 3 448 127 4 227 1074 8 1 5 7 0 
96688 761 468 147 5 465 125 3 241 1078 7 2 4 6 0 
96537 856 469 132 6 475 131 2 245 1119 13 5 5 5 0 
96596 811 506 154 7 471 120 4 244 1061 7 3 9 7 0 
96641 848 444 131 5 499 143 1 243 1018 12 3 4 8 0 
96585 888 459 147 3 484 127 3 246 1046 6 0 2 4 0 
96530 803 515 136 5 505 146 2 229 1107 10 4 5 3 0 
96604 800 476 152 6 499 123 4 239 1073 13 2 5 4 0 
96696 794 481 129 2 495 135 3 208 1034 10 2 10 1 0 
96567 803 489 150 5 491 132 2 243 1097 12 2 2 5 0 
96636 839 467 124 7 484 120 1 237 1066 8 2 5 4 0 
96697 814 493 158 5 441 113 6 215 1033 11 5 7 2 0 
96746 735 522 138 5 487 128 3 221 999 9 2 3 2 0 
96698 782 457 139 4 490 114 4 261 1032 10 2 4 3 0 
96629 821 477 160 3 474 135 5 244 1036 8 2 5 1 0 
96613 851 468 137 4 518 119 2 233 1036 7 3 4 5 0 
96621 810 499 134 8 503 129 3 218 1050 9 3 7 6 0 
96617 815 483 147 9 489 147 3 252 1015 10 2 8 3 0 
96564 827 488 140 4 506 115 4 251 1087 6 2 3 3 0 
96586 810 524 158 2 464 131 2 251 1056 6 0 6 4 0 
96639 838 492 134 5 497 118 6 239 1011 6 3 8 4 0 
96690 790 427 172 3 484 132 3 253 1028 5 2 6 5 0 
96587 808 501 139 0 488 110 4 257 1093 7 2 2 2 0 
96690 799 502 126 2 441 137 3 231 1050 7 1 8 3 0 
96654 834 450 138 1 492 127 4 224 1061 2 3 4 6 0 
96547 843 516 136 3 504 130 2 218 1084 6 1 4 6 0 
96646 848 469 150 5 481 128 5 202 1046 7 0 5 8 0 
96569 831 455 152 3 492 123 3 270 1087 9 3 1 2 0 
96700 792 482 134 3 471 118 2 238 1038 10 2 7 3 0 
96615 845 495 155 3 444 137 3 233 1051 8 3 0 8 0 
96573 830 459 149 1 502 132 5 221 1109 6 2 5 6 0 
96595 818 524 134 4 457 137 3 244 1067 10 2 2 3 0 
96597 820 503 136 2 482 129 1 246 1067 9 3 3 2 0 
96601 807 474 138 3 478 122 2 253 1101 12 1 3 5 0 
96626 815 506 138 1 516 147 3 221 1009 9 1 5 3 0 
96592 839 505 144 2 493 124 2 251 1027 10 3 6 2 0 
96536 803 489 156 2 507 105 4 257 1118 12 1 4 6 0 
96594 835 522 139 3 486 139 2 241 1018 9 5 3 4 0 
96608 797 461 145 2 483 136 5 251 1076 15 4 6 11 0 
96683 754 439 143 3 498 111 5 265 1076 6 6 7 4 0 
96589 866 500 128 6 500 127 1 259 1006 7 3 5 3 0 
96708 787 457 133 6 494 113 3 243 1040 7 3 4 2 0 
96628 774 425 165 3 498 162 0 241 1086 6 3 2 7 0 
96556 836 489 151 5 501 131 3 224 1085 9 1 5 4 0 
96755 766 461 132 6 460 126 4 220 1051 10 2 3 4 0 
96675 777 518 158 2 456 145 7 214 1024 10 4 3 7 0 
96645 810 487 136 7 482 121 6 214 1070 8 1 6 7 0 
96534 815 491 141 2 485 131 2 255 1122 8 5 6 3 0 
96622 820 483 134 3 498 137 3 242 1042 3 2 6 5 0 
96710 811 459 167 1 450 105 1 233 1037 17 2 3 4 0 
96661 784 489 135 3 475 119 1 235 1076 8 1 3 10 0 
96699 861 466 117 4 448 139 5 217 1027 6 2 6 3 0 
96610 800 429 153 5 456 137 1 252 1124 16 3 3 11 0 
96580 823 453 140 4 510 153 6 256 1047 10 3 9 6 0 
96701 827 475 122 2 470 124 1 235 1020 7 2 5 9 0 
96703 744 505 136 1 520 138 2 245 984 8 4 4 6 0 
96549 840 457 162 5 503 138 3 244 1072 13 7 5 2 0 
96690 775 465 145 3 443 138 8 238 1071 9 5 8 2 0 
96576 836 477 135 4 509 121 4 250 1066 6 5 4 7 0 
96602 824 483 120 2 514 160 6 235 1030 13 1 3 7 0 
96600 824 518 122 6 478 143 3 248 1028 13 4 5 8 0 
96619 864 475 141 3 469 121 2 245 1040 12 2 3 4 0 
96760 776 472 142 4 438 141 3 236 1006 12 0 6 4 0 
96673 763 437 149 2 482 133 3 232 1107 6 5 4 4 0 
96653 842 493 122 3 511 121 2 222 1011 12 2 4 2 0 
96606 856 476 142 4 478 128 3 240 1048 8 3 3 5 0 
96573 853 491 129 4 487 137 4 214 1084 16 2 2 4 0 
96608 796 507 154 2 486 132 3 257 1027 14 5 6 3 0 
96616 816 484 132 2 494 139 4 228 1065 11 3 5 1 0 
96616 794 485 156 2 494 120 0 252 1067 6 0 5 3 0 
96703 826 443 143 3 489 126 4 237 1014 4 1 4 3 0 
96622 836 460 125 4 506 135 3 234 1051 11 3 4 6 0 
96609 807 482 141 3 501 121 2 247 1070 11 1 3 2 0 
96624 806 524 136 3 498 140 4 230 1009 9 5 7 5 0 
96695 811 464 125 2 468 131 3 249 1024 15 3 5 5 0 
96657 807 472 124 5 484 121 6 240 1054 18 5 3 4 0 
96530 850 477 162 0 516 126 6 249 1068 4 2 7 3 0 
96559 852 483 120 4 483 130 8 236 1100 10 6 3 6 0 
96616 880 506 151 2 459 122 1 218 1025 8 4 5 3 0 
96692 802 474 122 5 444 137 5 274 1027 8 1 4 5 0 
96643 807 501 154 4 479 126 4 217 1046 3 2 6 7 1 
96751 813 442 132 5 504 118 0 215 999 8 1 6 6 0 
96531 851 496 111 1 488 134 4 251 1108 12 3 5 5 0 
96645 810 451 129 6 470 139 2 242 1082 9 5 3 7 0 
96697 797 469 126 2 481 129 6 243 1035 7 2 4 2 0 
96626 804 493 136 3 488 118 3 226 1082 8 3 4 6 0 
96637 835 489 141 3 458 129 2 249 1032 8 9 4 4 0 
96590 815 490 153 5 494 134 3 209 1079 13 2 8 5 0 
96601 820 456 151 6 486 145 5 227 1086 10 1 4 2 0 
96683 833 469 127 10 462 120 3 217 1056 10 3 5 2 0 
96628 817 433 154 2 490 125 5 216 1107 7 3 8 5 0 
96668 809 465 136 3 473 129 2 237 1060 9 1 4 4 0 
96558 840 500 154 5 473 119 3 220 1106 7 5 6 4 0 
96658 814 447 144 5 465 108 7 255 1079 4 1 7 6 0 
96552 852 480 153 0 482 117 5 255 1092 3 2 3 4 0 
96567 807 486 154 3 457 121 3 259 1121 14 1 5 2 0 
96461 861 534 160 7 500 118 2 246 1081 10 2 7 10 1 
96602 806 494 138 6 491 148 4 239 1051 6 6 5 4 0 
96696 802 487 133 3 426 133 9 239 1052 9 5 3 3 0 
96559 804 516 143 3 507 118 0 243 1092 6 2 1 6 0 
96660 842 466 145 4 446 119 5 232 1066 7 4 4 0 0 
96564 827 464 153 3 504 149 8 238 1065 15 1 7 2 0 
96598 856 434 142 4 496 114 1 259 1068 14 0 9 5 0 
96613 799 480 135 6 469 137 6 218 1106 13 3 10 5 0 
96604 805 501 155 3 473 128 5 225 1079 9 3 2 8 0 
96701 795 403 137 6 495 143 3 217 1079 8 4 6 3 0 
96611 841 494 159 3 470 127 3 238 1037 10 2 4 1 0 
96628 807 480 156 3 487 128 4 231 1064 4 2 2 4 0 
96614 789 441 147 3 479 136 5 230 1142 7 0 4 3 0 
96650 802 456 133 2 489 129 4 240 1077 8 5 4 1 0 
96582 814 500 143 2 527 112 6 264 1026 10 4 6 4 0 
96481 844 518 144 5 487 142 3 221 1133 2 3 11 6 0 
96661 813 463 134 2 493 136 2 249 1030 9 0 7 1 0 
96618 835 487 135 3 480 132 3 252 1036 8 3 4 4 0 
96521 836 463 153 3 516 134 5 275 1075 9 2 1 7 0 
96613 799 463 126 2 509 134 5 243 1080 13 1 6 6 0 
96691 767 460 151 7 462 137 6 225 1072 11 3 5 3 0 
96556 844 499 132 7 507 130 3 244 1061 4 3 3 7 0 
96654 836 493 130 2 477 124 4 224 1039 7 3 3 4 0 
96622 779 517 134 3 518 130 3 232 1041 9 2 7 3 0 
96632 783 491 138 4 490 132 4 218 1082 9 3 6 8 0 
96744 765 466 146 3 454 128 3 232 1038 8 2 4 7 0 
96675 789 450 144 4 469 126 7 234 1074 13 1 2 12 0 
96709 776 467 143 5 446 143 4 229 1048 12 5 8 5 0 
96618 838 444 141 5 449 125 1 271 1082 14 3 4 5 0 
96605 856 468 112 0 524 124 4 244 1045 10 2 3 3 0 
96579 820 477 153 6 512 131 0 245 1060 4 3 5 5 0 
96668 805 478 121 3 462 145 3 230 1071 4 4 4 2 0 
96661 816 475 135 3 478 125 5 245 1033 9 7 5 3 0 
96554 805 497 132 8 466 158 3 244 1115 7 4 5 2 0 
96636 798 453 141 6 501 117 4 250 1079 8 0 6 1 0 
96516 847 497 134 1 488 146 3 242 1104 12 0 3 7 0 
96552 838 499 138 2 476 131 2 252 1077 14 2 12 5 0 
96657 791 447 150 4 519 125 6 233 1053 5 3 3 4 0 
96647 821 459 140 5 454 116 1 226 1108 8 3 6 6 0 
96613 812 472 160 2 451 139 1 250 1084 6 5 3 2 0 
96614 824 488 146 6 494 105 4 228 1072 11 0 4 4 0 
96717 778 478 124 0 454 156 5 224 1042 9 4 5 4 0 
96699 820 433 134 7 421 116 4 242 1100 11 4 6 3 0 
96564 845 477 149 0 496 129 3 254 1064 12 1 2 4 0 
96687 751 435 157 5 518 124 2 246 1053 10 2 4 6 0 
96580 791 480 136 4 498 136 3 279 1070 12 5 4 2 0 
96512 897 465 150 0 494 145 9 247 1060 7 2 3 9 0 
96656 843 467 133 4 479 123 2 232 1042 8 3 6 2 0 
96754 776 457 125 6 475 111 3 255 1011 12 4 7 4 0 
96642 831 455 141 3 486 127 3 257 1034 6 1 7 7 0 
96729 812 454 133 3 456 121 4 258 1012 5 1 7 5 0 
96583 814 489 132 2 511 136 2 254 1058 8 3 4 4 0 
96599 814 452 158 3 499 132 4 232 1083 9 3 2 10 0 
96697 795 452 115 3 484 141 3 255 1028 11 3 5 8 0 
96588 803 488 131 3 508 129 5 257 1069 11 1 1 6 0 
96638 791 487 132 8 498 129 3 229 1063 6 2 8 6 0 
96588 839 470 141 4 484 153 1 251 1042 10 4 6 7 0 
96657 818 500 139 1 461 115 3 245 1046 6 2 3 4 0 
96630 829 471 134 2 496 148 4 238 1023 9 6 5 5 0 
96639 817 465 139 1 498 132 1 249 1046 3 2 3 5 0 
96653 828 442 145 3 480 125 1 244 1057 10 2 3 7 0 
96623 795 457 151 1 485 122 6 258 1081 7 3 5 6 0 
96569 802 461 140 4 536 139 4 247 1069 17 4 4 4 0 
96656 889 435 134 3 493 116 0 243 1010 7 4 5 5 0 
96600 801 499 133 8 480 127 4 243 1079 12 3 2 9 0 
96693 793 432 128 2 484 122 6 257 1063 8 5 2 5 0 
96653 790 486 128 3 476 139 3 259 1031 14 4 8 6 0 
96659 768 508 153 1 469 105 1 259 1061 5 3 3 5 0 
96659 866 485 166 5 477 129 6 214 971 7 2 7 6 0 
96685 809 437 154 2 430 123 4 236 1090 13 4 7 6 0 
96599 837 483 131 4 471 111 3 261 1081 4 3 5 7 0 
96557 795 460 144 2 506 138 5 241 1128 11 1 6 6 0 
96634 799 463 119 6 466 154 6 230 1102 12 1 4 4 0 
96628 801 465 127 3 478 131 2 236 1109 12 0 3 4 1 
96611 815 480 132 4 513 125 2 226 1068 7 3 7 7 0 
96632 829 463 155 1 494 123 3 246 1035 6 2 5 6 0 
96642 799 532 140 3 485 108 2 242 1024 8 5 6 4 0 
96513 804 517 153 3 524 143 2 232 1090 9 4 5 1 0 
96552 851 476 140 6 517 131 1 251 1059 7 4 2 3 0 
96586 820 477 112 6 507 137 5 224 1109 10 1 4 2 0 
96602 828 486 136 1 491 136 5 246 1045 10 3 3 8 0 
96474 815 498 148 5 505 131 3 254 1136 13 5 6 7 0 
96635 844 467 136 2 474 106 4 251 1060 10 2 6 3 0 
96562 837 484 138 8 494 143 6 218 1094 4 1 7 4 0 
96669 836 440 151 5 465 147 5 231 1032 7 3 3 6 0 
96646 820 491 142 2 452 126 2 249 1059 2 2 1 6 0 
96705 790 501 131 3 466 123 2 228 1032 8 4 5 2 0 
96645 767 456 127 4 555 126 7 231 1064 6 2 5 5 0 
96656 815 483 143 4 462 116 7 237 1064 6 2 3 2 0 
96480 844 499 162 8 524 134 4 256 1065 10 1 6 7 0 
96590 853 488 139 3 476 130 4 247 1044 11 5 3 7 0 
96582 878 447 140 4 475 165 5 216 1060 12 1 4 11 0 
96655 809 460 131 2 484 131 2 236 1064 11 3 7 5 0 
96608 810 504 148 3 472 125 4 225 1087 6 3 2 3 0 
96577 844 442 138 4 516 120 4 255 1074 10 3 3 10 0 
96564 831 480 149 1 470 129 6 268 1073 13 4 9 3 0 
96719 840 423 132 0 463 115 3 237 1044 7 3 9 5 0 
96576 810 492 158 4 505 133 5 235 1059 6 0 8 9 0 
96560 783 466 148 3 478 151 4 261 1124 11 4 2 5 0 
96630 800 455 173 5 511 126 7 222 1053 5 4 7 2 0 
96590 793 485 153 2 521 155 4 255 1023 7 2 5 5 0 
96619 813 460 152 1 513 119 3 235 1057 11 5 6 6 0 
96569 879 468 124 4 515 135 6 255 1020 13 4 5 3 0 
96603 851 434 157 2 489 148 8 270 1011 10 4 7 5 1 
