96756 734 446 172 4 511 123 2 192 1041 6 2 4 7 0 
96718 696 479 201 3 514 120 3 210 1036 7 1 6 6 0 
96656 711 501 175 4 524 133 3 190 1086 7 2 3 5 0 
96633 748 466 211 3 519 127 4 199 1064 9 3 7 6 1 
96681 711 459 182 1 566 126 4 194 1053 7 4 5 7 0 
96704 665 481 193 6 504 139 5 184 1095 11 3 3 7 0 
96790 708 443 194 4 505 115 4 215 1002 6 5 3 6 0 
96675 711 487 188 3 520 135 4 196 1070 4 2 4 1 0 
96654 721 501 191 6 511 146 4 194 1051 7 3 7 4 0 
96652 725 476 168 2 545 127 1 184 1098 9 3 6 4 0 
96758 693 468 193 6 520 106 4 166 1069 6 2 5 3 1 
96580 739 492 203 3 522 144 1 186 1106 8 4 7 5 0 
96688 763 448 187 6 523 125 4 179 1063 3 4 2 5 0 
96637 714 429 212 2 536 137 4 198 1114 5 3 3 6 0 
96640 753 500 186 3 538 105 3 196 1049 11 4 2 10 0 
96692 763 462 186 6 522 137 3 196 1013 8 0 4 7 1 
96689 707 483 218 8 527 141 3 195 1011 6 2 3 7 0 
96612 713 490 198 4 538 119 5 197 1101 7 3 2 11 0 
96735 711 463 159 5 498 118 2 217 1071 9 0 6 6 0 
96629 697 504 203 3 554 140 5 223 1016 9 3 7 7 0 
96717 676 453 183 4 554 134 3 206 1053 10 0 5 2 0 
96692 654 506 176 4 513 130 4 211 1088 10 3 4 5 0 
96787 694 486 207 2 504 127 7 181 983 4 4 6 8 0 
96635 769 454 183 3 543 119 1 194 1077 8 3 5 6 0 
96636 750 457 191 2 577 130 3 182 1048 9 2 4 9 0 
96617 751 491 198 5 553 123 7 198 1035 8 6 5 3 0 
96692 731 464 187 7 539 115 1 189 1051 7 5 11 1 0 
96709 707 464 168 4 524 116 4 186 1100 8 1 4 5 0 
96673 719 444 212 4 539 111 4 194 1072 9 4 7 8 0 
96745 691 438 165 2 553 138 0 203 1049 5 2 6 3 0 
96664 725 471 205 7 529 145 3 178 1055 11 1 4 2 0 
96748 680 455 186 4 548 135 5 182 1044 5 2 3 3 0 
96670 725 444 202 4 499 127 7 188 1115 8 4 4 3 0 
96648 782 490 155 5 530 127 3 183 1060 9 1 1 6 0 
96708 708 447 189 2 552 126 4 195 1045 9 1 7 7 0 
96662 729 508 189 3 533 144 4 158 1053 11 0 1 5 0 
96689 762 489 220 1 492 138 5 185 1008 6 1 3 1 0 
96650 688 496 205 3 528 124 2 177 1093 14 4 10 6 0 
96737 716 477 170 2 518 141 4 178 1036 7 3 5 6 0 
96733 667 485 198 4 502 124 2 179 1076 8 5 7 10 0 
96666 746 467 204 2 536 143 2 184 1024 7 3 2 14 0 
96719 750 447 214 1 540 113 5 187 1007 4 3 3 7 0 
96802 686 432 200 4 538 142 1 176 998 9 2 4 6 0 
96806 659 437 195 0 513 131 2 189 1046 7 2 4 9 0 
96637 768 477 181 5 527 122 4 180 1076 11 0 4 8 0 
96654 724 480 179 1 552 122 5 184 1082 8 3 0 6 0 
96623 695 444 178 2 560 144 5 195 1141 5 0 4 4 0 
96657 715 477 192 4 520 127 2 221 1057 14 5 2 7 0 
96732 685 494 198 5 509 135 3 178 1046 7 5 0 3 0 
96677 703 468 179 1 564 158 5 185 1042 3 5 4 6 0 
96791 712 436 212 0 520 127 4 171 1013 2 3 5 4 0 
96651 721 483 206 3 512 135 3 210 1061 5 3 2 5 0 
96766 686 485 179 1 518 130 4 186 1023 12 3 3 4 0 
96627 683 482 211 2 539 118 9 172 1134 10 0 7 6 0 
96695 687 473 174 8 536 128 6 223 1053 5 3 4 5 0 
96813 741 478 178 2 498 136 1 196 934 6 4 4 9 0 
96678 722 455 164 6 553 137 4 216 1046 6 3 3 7 0 
96631 734 505 173 6 542 121 3 170 1097 10 3 2 3 0 
96616 690 473 188 9 555 126 3 208 1101 14 4 5 8 0 
96738 721 454 157 6 511 128 7 188 1067 13 3 5 2 0 
96728 688 484 201 3 524 124 2 194 1034 5 3 3 7 0 
96751 685 437 190 2 550 136 1 203 1024 7 2 3 9 0 
96774 736 439 175 4 513 124 5 175 1033 7 6 5 4 0 
96684 749 501 173 3 523 126 3 198 1027 9 0 3 1 0 
96691 702 443 207 4 561 133 4 214 1019 8 2 5 7 0 
96559 734 465 203 2 565 116 3 209 1126 9 1 5 3 0 
96752 726 458 177 3 525 114 3 191 1028 7 5 7 4 0 
96647 737 501 181 4 538 124 8 184 1054 8 5 5 4 0 
96803 696 476 179 2 515 123 5 206 977 9 3 1 5 0 
96661 693 462 219 4 551 128 4 222 1040 7 0 4 5 0 
96664 698 467 191 5 535 140 8 201 1073 8 4 3 3 0 
96694 704 473 187 3 531 125 3 196 1067 8 2 0 7 0 
96708 724 428 192 3 544 119 4 199 1056 11 1 5 6 0 
96666 724 494 204 4 524 110 2 193 1053 11 2 6 7 0 
96775 684 472 174 6 513 141 5 160 1057 5 1 6 1 0 
96625 724 461 191 4 542 127 5 213 1091 5 3 3 6 0 
96758 682 477 174 1 538 120 3 189 1044 5 2 3 4 0 
96709 722 495 193 0 493 127 3 189 1054 7 2 5 1 0 
96677 719 470 180 3 538 142 2 193 1055 7 1 7 6 0 
96701 681 462 199 6 537 128 4 194 1070 6 3 7 2 0 
96651 714 501 195 3 528 125 2 194 1059 6 3 6 12 1 
96625 741 436 185 2 553 132 4 218 1084 7 4 6 3 0 
96620 740 526 205 3 508 139 5 180 1048 12 2 4 8 0 
96659 729 491 183 2 545 128 6 187 1040 9 0 10 11 0 
96789 670 475 170 2 513 141 4 186 1030 7 1 4 8 0 
96617 723 489 206 6 546 133 3 204 1054 2 5 8 4 0 
96749 685 467 194 0 514 124 1 179 1066 3 4 8 6 0 
96669 722 497 164 3 543 131 5 183 1059 9 3 4 8 0 
96697 714 440 186 2 530 148 4 180 1079 9 2 2 7 0 
96622 678 515 196 4 534 105 6 197 1113 10 3 7 10 0 
96598 757 479 181 3 549 140 1 223 1045 7 4 9 3 1 
96648 745 482 173 2 540 153 3 186 1049 6 1 8 4 0 
96759 716 454 178 4 491 134 5 185 1052 11 2 4 5 0 
96832 728 409 181 6 474 125 4 190 1032 6 1 7 5 0 
96670 715 439 208 4 516 135 2 198 1088 10 2 7 6 0 
96721 702 490 181 5 521 137 3 204 1005 13 7 4 7 0 
96684 716 468 193 4 544 131 1 211 1027 9 1 4 7 0 
96698 744 473 201 3 483 120 5 185 1067 9 3 6 3 0 
96664 708 497 201 2 537 121 5 182 1068 8 1 2 4 0 
96770 679 479 182 1 557 134 1 196 988 3 5 3 2 0 
96764 680 460 185 2 511 118 3 181 1076 5 2 4 9 0 
96715 696 473 178 3 546 146 4 176 1045 3 3 4 8 0 
96687 737 484 185 1 520 141 1 200 1021 11 1 5 6 0 
96631 750 440 201 7 563 136 2 194 1060 5 2 4 5 0 
96676 701 471 204 5 523 112 3 164 1123 5 2 7 4 0 
96678 699 482 188 3 503 124 5 215 1084 7 0 9 3 0 
96628 702 492 175 4 536 139 7 203 1090 9 4 7 4 0 
96668 689 513 178 3 484 128 0 195 1119 10 4 3 6 0 
96695 701 489 209 3 505 126 3 188 1058 10 2 6 5 0 
96675 714 474 165 5 537 122 4 205 1082 6 3 4 4 0 
96615 722 497 183 2 512 135 5 206 1101 11 3 5 3 0 
96709 742 426 177 2 538 128 2 197 1062 10 2 1 4 0 
96755 697 477 170 3 554 110 3 190 1012 10 5 6 8 0 
96665 720 461 202 2 560 114 1 204 1050 6 7 2 6 0 
96747 672 508 175 4 526 138 3 184 1014 10 2 8 9 0 
96725 677 481 205 4 511 134 1 193 1052 5 3 4 5 0 
96673 727 451 202 3 535 137 3 197 1058 2 1 4 7 0 
96653 733 475 176 1 529 123 3 202 1090 3 1 5 6 0 
96801 700 456 173 5 514 104 3 197 1038 4 1 2 2 0 
96670 732 471 181 3 524 109 5 196 1091 2 3 6 7 0 
96660 720 473 203 5 536 130 4 192 1058 8 3 3 5 0 
96696 710 442 206 6 551 129 1 184 1050 8 2 9 6 0 
96708 707 512 175 2 534 121 7 179 1031 7 3 10 4 0 
96718 703 478 200 7 530 117 4 181 1038 10 7 2 5 0 
96725 694 455 196 4 514 123 4 169 1101 8 0 3 4 0 
96724 674 504 176 6 509 142 2 180 1064 6 3 5 5 0 
96662 750 451 159 3 557 123 4 183 1085 9 1 4 7 2 
96682 684 512 192 4 552 113 2 205 1036 5 7 2 4 0 
96756 713 468 179 3 508 139 2 188 1024 7 1 4 8 0 
96587 702 543 176 2 535 113 4 202 1116 6 1 4 9 0 
96685 716 490 181 5 534 124 7 211 1028 4 2 7 6 0 
96674 699 458 212 5 515 122 7 221 1054 17 3 5 8 0 
96735 734 432 201 2 511 139 1 195 1033 10 1 1 5 0 
96701 719 448 172 6 539 141 2 169 1082 10 2 7 2 0 
96653 742 470 190 3 529 123 5 183 1070 15 2 9 6 0 
96637 702 485 214 6 545 140 7 180 1070 5 4 2 2 1 
96734 708 430 212 2 509 135 1 154 1093 9 1 7 5 0 
96639 682 468 222 4 568 133 5 188 1064 9 4 12 2 0 
96658 727 481 191 6 539 116 5 201 1057 8 2 5 4 0 
96709 697 486 183 2 502 129 1 184 1087 7 2 5 6 0 
96610 753 518 168 3 512 120 2 191 1101 12 2 3 5 0 
96609 744 501 186 5 574 137 2 198 1026 9 1 3 5 0 
96722 718 412 215 3 543 117 5 181 1066 7 1 6 4 0 
96706 707 474 186 7 535 128 3 191 1038 12 1 7 5 0 
96615 735 481 198 2 524 143 2 184 1099 6 1 4 6 0 
96564 751 491 194 4 527 126 1 187 1139 4 2 7 3 0 
96606 749 460 205 2 575 127 2 174 1077 6 4 4 9 0 
96634 747 465 239 7 567 142 3 167 1006 10 1 5 7 0 
96688 733 463 189 4 481 134 3 179 1101 9 3 5 8 0 
96645 781 453 176 5 510 124 7 184 1090 13 3 4 5 0 
96629 695 495 181 5 533 148 3 192 1103 7 1 3 5 0 
96700 768 459 174 3 552 132 4 216 972 8 2 4 6 0 
96695 688 472 190 2 507 132 2 194 1089 10 7 3 9 0 
96725 699 458 203 2 523 116 6 186 1065 5 6 0 6 0 
96713 722 441 205 4 502 130 3 181 1085 6 2 3 3 0 
96649 699 529 186 1 517 133 4 196 1068 6 2 5 5 0 
96827 631 442 190 6 535 131 3 182 1033 9 2 5 3 1 
96662 724 463 188 5 518 149 6 190 1083 2 1 4 5 0 
96725 727 462 185 3 526 156 1 190 999 6 5 7 8 0 
96680 749 494 185 4 525 143 5 184 1012 8 5 1 5 0 
96748 655 510 176 2 497 144 3 184 1064 4 6 3 4 0 
96689 699 502 185 2 549 125 2 189 1037 8 2 3 8 0 
96705 703 471 188 4 541 118 2 212 1040 7 2 6 1 0 
96734 706 471 166 2 508 135 5 187 1068 10 1 5 2 0 
96727 677 476 197 1 515 125 5 195 1060 7 3 6 6 0 
96711 677 470 170 3 556 144 2 201 1039 6 5 7 9 0 
96572 777 484 210 4 535 130 2 197 1072 5 2 4 6 0 
96677 727 455 197 6 528 110 6 200 1074 7 0 7 6 0 
96716 725 476 179 2 522 135 2 165 1062 5 0 8 3 0 
96626 719 502 188 4 511 134 0 212 1090 6 1 3 4 0 
96714 745 480 168 1 560 126 4 180 997 11 3 5 6 0 
96723 690 478 188 4 546 132 4 196 1018 9 1 7 4 0 
96565 680 518 206 1 537 128 2 190 1150 7 6 2 8 0 
96648 750 471 184 8 508 133 2 181 1097 5 4 5 4 0 
96613 779 453 188 4 522 124 1 184 1111 6 5 7 3 0 
96692 763 480 200 5 478 132 3 166 1060 8 3 5 4 1 
96696 731 487 203 6 514 120 5 174 1050 3 1 3 7 0 
96655 715 475 196 2 563 115 1 199 1053 6 7 5 8 0 
96703 701 479 178 4 562 130 5 199 1016 11 1 7 4 0 
96649 746 474 177 5 522 143 4 204 1060 7 2 5 2 0 
96690 691 505 191 3 516 150 6 164 1069 6 2 3 4 0 
96720 698 445 177 0 543 151 0 191 1051 9 2 3 10 0 
96698 707 484 191 7 526 130 2 173 1065 6 3 6 2 0 
96741 730 489 191 2 514 119 2 177 1010 7 3 5 10 0 
96706 754 492 186 3 532 132 2 170 1006 3 4 5 5 0 
96669 706 435 220 2 552 120 5 211 1060 8 2 2 8 0 
96679 701 477 183 0 547 123 4 192 1060 7 5 7 15 0 
96649 718 468 202 5 506 135 2 199 1089 10 3 6 8 0 
96682 693 435 197 2 528 128 5 196 1115 6 1 5 7 0 
96659 731 512 177 1 517 146 3 193 1044 7 2 5 3 0 
96646 689 509 196 2 560 125 4 180 1075 3 1 4 6 0 
96681 720 462 187 2 523 119 4 197 1088 6 3 4 4 0 
96637 716 451 207 1 523 130 7 198 1116 5 2 3 4 0 
96665 671 485 201 4 510 133 5 233 1072 10 1 2 8 0 
96668 781 454 196 2 531 125 1 204 1013 12 0 8 5 0 
96678 713 516 213 3 513 134 3 186 1025 6 1 5 4 0 
96724 697 473 199 4 519 108 3 206 1046 4 3 7 7 0 
96655 749 445 194 2 542 132 6 176 1078 7 3 4 7 0 
96703 747 444 222 2 566 119 2 171 1002 8 3 5 6 0 
96674 732 462 214 6 510 146 2 175 1062 7 4 2 4 0 
96819 684 469 171 4 542 121 2 177 994 5 1 5 6 0 
96623 725 518 194 4 547 146 3 194 1025 12 4 2 2 1 
96634 726 449 183 0 570 140 3 201 1071 8 2 6 7 0 
96715 710 468 196 4 534 120 6 182 1050 4 4 1 6 0 
96731 717 456 168 1 494 127 6 225 1052 8 0 7 8 0 
96729 705 460 178 2 520 130 3 214 1041 7 3 6 2 0 
96721 695 451 197 5 541 127 7 188 1033 14 3 8 10 0 
96635 752 465 193 1 538 127 3 171 1089 10 3 4 9 0 
96679 702 506 207 3 497 122 1 193 1067 5 7 3 8 0 
96652 767 473 197 4 500 143 5 209 1030 8 2 6 4 0 
96698 684 464 188 3 546 129 3 191 1074 7 2 5 6 0 
96717 747 438 188 3 546 125 5 194 1022 5 2 4 4 0 
96740 721 469 203 3 493 141 3 191 1016 6 1 7 6 0 
96683 746 470 175 3 546 130 1 184 1039 2 4 7 10 0 
96686 765 474 196 0 491 140 9 191 1030 6 2 3 7 0 
96776 667 473 179 7 535 135 5 185 1010 11 1 5 11 0 
96724 751 451 188 4 491 117 4 189 1051 12 1 7 10 0 
96808 646 439 189 4 537 124 1 190 1043 4 3 8 4 0 
96762 725 433 194 4 515 114 3 214 1023 7 1 1 4 0 
96700 749 453 175 3 524 113 0 209 1051 5 3 6 9 0 
96704 678 461 193 5 519 132 5 190 1091 9 5 3 5 0 
96715 740 431 190 2 511 125 4 187 1069 7 5 5 9 0 
96633 800 467 186 3 496 130 3 185 1074 8 1 7 7 0 
96832 707 451 175 2 514 114 3 197 984 3 0 8 10 0 
96654 708 490 198 1 525 115 3 208 1081 2 3 6 6 0 
96713 717 472 173 2 510 110 5 178 1095 11 3 8 3 0 
96763 737 462 182 4 527 130 2 178 1001 7 2 3 2 0 
96722 682 472 214 4 530 120 2 172 1050 14 2 7 8 1 
96619 743 477 190 3 533 141 2 193 1076 5 5 6 7 0 
96747 684 473 184 7 541 143 6 176 1018 10 3 3 5 0 
96724 680 467 204 5 515 137 3 187 1044 9 6 8 11 0 
96588 721 524 189 0 518 131 6 205 1092 9 5 5 7 0 
96596 753 477 196 0 546 129 2 194 1088 3 2 5 9 0 
96656 714 460 183 3 539 125 6 232 1059 4 3 7 9 0 
96675 739 479 196 3 529 129 4 168 1051 12 2 6 7 0 
96622 718 466 204 5 509 156 2 200 1101 6 3 3 5 0 
96642 718 456 163 4 537 145 2 207 1103 8 3 9 3 0 
96623 722 478 204 3 518 139 3 195 1098 4 3 3 7 0 
96777 688 445 179 4 501 120 3 195 1074 7 2 1 4 0 
96644 742 485 177 4 546 131 6 183 1056 14 2 3 7 0 
96710 740 481 208 3 493 127 3 185 1019 8 5 10 8 0 
96654 724 503 151 4 560 117 1 216 1050 9 4 5 2 0 
96779 694 485 163 0 502 116 2 181 1061 6 2 4 5 0 
96702 731 471 175 3 529 119 2 167 1075 13 4 5 4 0 
96671 747 477 180 2 511 125 2 193 1071 8 3 4 6 0 
96662 734 482 202 0 513 130 4 186 1071 9 3 3 1 0 
96652 720 477 191 3 549 122 3 192 1067 7 2 10 5 0 
96675 728 471 176 2 532 134 5 201 1057 6 3 6 4 0 
96711 722 468 183 3 520 119 4 204 1052 7 0 3 4 0 
96638 721 510 166 7 535 134 0 182 1090 6 2 5 4 0 
96723 727 451 193 2 493 113 2 166 1108 5 0 10 7 0 
96805 707 442 191 2 515 112 5 198 1009 3 1 6 4 0 
96721 733 418 175 3 539 134 3 208 1045 9 3 5 4 0 
96613 755 478 210 5 546 137 1 210 1019 11 3 5 7 0 
96670 729 451 165 3 524 126 7 187 1111 8 4 6 9 0 
96657 720 503 189 2 518 152 2 186 1050 10 2 4 5 0 
96610 749 502 193 3 527 123 5 205 1057 9 2 11 4 0 
96621 729 485 205 10 564 144 3 174 1047 5 2 9 2 0 
96731 661 469 220 3 518 117 3 184 1067 10 2 3 12 0 
96725 753 433 162 0 519 139 4 197 1047 8 2 4 7 0 
96685 710 464 182 4 532 132 3 180 1086 4 2 6 10 0 
96665 714 472 174 4 529 131 3 206 1080 9 2 7 4 0 
96741 730 465 180 4 516 120 6 192 1026 11 1 4 4 0 
96651 735 475 207 2 538 96 0 176 1104 6 1 3 6 0 
96663 708 469 185 6 546 126 3 197 1078 6 4 3 6 0 
96708 790 426 201 2 496 107 5 184 1055 11 2 8 5 0 
96660 733 456 204 4 524 118 3 193 1081 5 5 8 6 0 
96664 747 465 185 0 566 149 1 202 1003 2 2 8 6 0 
96673 756 525 175 5 467 143 1 211 1024 5 2 4 9 0 
96706 642 451 188 4 539 132 7 190 1115 11 4 3 8 0 
96663 723 474 184 3 577 122 5 204 1034 6 0 2 3 0 
96722 715 461 211 2 517 134 4 173 1046 6 0 3 6 0 
96627 725 461 226 5 533 129 2 200 1069 10 4 5 4 0 
96682 690 492 188 3 529 136 3 206 1052 7 3 3 6 0 
96701 701 450 192 3 540 110 1 184 1089 9 5 4 10 1 
96586 752 473 190 5 574 126 3 194 1085 4 1 2 5 0 
96660 746 474 180 1 519 127 4 197 1076 6 3 4 3 0 
96673 728 476 213 3 494 139 4 192 1046 10 2 12 8 0 
96726 713 452 166 3 542 134 5 167 1072 9 5 3 3 0 
96674 711 482 217 5 490 119 1 177 1101 15 2 2 4 0 
96676 681 466 203 8 531 132 4 190 1094 5 4 2 4 0 
96638 732 466 208 6 547 137 3 173 1077 6 1 4 2 0 
96642 695 509 178 5 585 137 2 182 1038 8 8 3 8 0 
96631 740 439 212 5 570 142 7 174 1063 3 4 3 7 0 
96693 715 447 185 7 508 140 5 190 1093 5 2 4 6 0 
96691 695 496 197 2 502 137 8 174 1067 9 2 7 13 0 
96635 728 492 193 2 540 117 8 187 1080 9 1 2 6 0 
96655 704 503 192 5 574 116 6 188 1036 5 4 7 5 0 
96710 729 474 170 8 518 127 3 203 1037 9 2 8 2 0 
96676 692 488 180 2 541 135 5 203 1059 9 4 5 1 0 
96622 717 472 202 1 519 147 5 200 1085 14 5 4 7 0 
96655 728 455 200 4 500 131 4 212 1090 3 1 6 11 0 
96687 673 503 198 3 478 139 2 223 1076 8 4 3 3 0 
96699 687 474 209 3 568 121 6 171 1045 5 0 4 8 0 
96585 751 456 195 3 584 157 2 202 1048 8 3 3 3 0 
96781 700 490 174 5 500 127 6 202 993 9 4 2 7 0 
96711 724 500 152 1 508 125 4 213 1041 5 2 4 10 0 
96703 728 488 193 1 499 127 4 173 1055 10 2 8 9 0 
96653 746 457 177 6 506 134 5 191 1101 6 2 5 11 0 
96739 727 432 195 3 537 120 4 207 1019 5 1 5 6 0 
96692 687 507 181 4 560 128 6 188 1022 11 2 5 7 0 
96622 711 483 200 2 521 151 2 219 1066 10 5 4 4 0 
96690 727 468 187 4 545 125 6 181 1049 7 2 2 7 0 
96649 700 461 200 3 578 128 0 205 1051 6 6 8 5 0 
96565 753 457 167 5 562 137 9 191 1129 11 3 3 7 1 
96627 754 458 181 4 559 139 4 184 1059 14 2 9 6 0 
96776 638 497 169 4 507 120 6 171 1097 6 1 6 2 0 
96712 712 456 168 5 538 145 5 198 1043 4 3 5 6 0 
96751 690 465 170 2 574 129 5 188 1005 9 2 3 7 0 
96659 709 495 189 6 518 145 4 204 1041 10 4 5 11 0 
96730 717 453 200 3 529 127 0 193 1029 11 3 3 2 0 
96723 715 466 184 4 487 144 1 194 1069 5 2 4 2 0 
96690 769 448 182 6 541 133 2 174 1029 11 3 3 9 0 
96677 733 471 186 3 504 126 4 192 1079 7 5 4 9 0 
96708 660 473 191 4 516 115 5 190 1117 7 1 7 6 0 
96685 722 464 171 5 532 146 5 178 1070 9 1 5 7 0 
96774 659 468 187 5 497 144 2 195 1045 8 3 5 8 0 
96740 727 469 177 4 527 124 5 206 1007 7 1 3 3 0 
96701 717 452 218 4 523 145 3 180 1040 6 2 3 6 0 
96596 776 488 204 1 522 129 1 194 1066 7 4 6 6 0 
96642 682 488 183 2 573 131 3 202 1073 10 1 3 7 0 
96778 697 441 178 6 477 125 8 189 1082 5 4 4 6 0 
96692 742 477 191 4 512 139 6 196 1022 3 3 6 6 1 
96767 733 448 179 4 509 130 6 178 1021 12 4 6 3 0 
96648 730 476 172 3 523 129 3 197 1090 9 3 9 8 0 
96763 661 484 200 2 542 129 6 177 1016 7 1 6 6 0 
96612 710 479 199 4 528 150 6 214 1077 9 0 6 6 0 
96772 694 477 170 0 497 116 4 208 1040 5 3 6 8 0 
96581 792 470 185 4 510 143 2 182 1107 11 2 4 7 0 
96586 764 516 196 5 509 153 2 180 1067 8 3 7 4 0 
96681 722 475 190 3 500 138 0 180 1084 9 6 5 7 0 
96647 709 464 180 1 562 146 3 177 1084 7 4 7 8 1 
96633 741 499 175 3 520 138 4 200 1062 6 4 8 7 0 
96708 682 478 188 2 512 144 3 196 1075 3 1 4 4 0 
96693 713 447 193 5 549 122 3 196 1057 6 3 5 8 0 
96663 721 471 191 5 534 122 4 194 1073 5 3 7 7 0 
96612 737 486 192 7 517 137 4 212 1076 8 2 3 6 1 
96685 691 471 194 2 525 149 2 181 1082 9 0 5 3 1 
96744 747 476 183 6 525 112 2 162 1023 5 3 7 5 0 
96670 721 518 194 4 540 123 2 169 1043 3 2 4 7 0 
96718 700 509 182 1 509 134 3 173 1049 7 4 7 4 0 
96719 711 459 237 9 529 120 4 175 1017 10 5 1 4 0 
96638 726 462 189 4 529 127 1 198 1108 7 2 5 4 0 
96714 689 474 207 4 517 120 3 187 1064 7 2 2 10 0 
96737 714 460 200 3 520 137 4 179 1028 7 2 2 7 0 
96591 727 508 205 4 520 110 8 190 1116 10 3 3 4 1 
96755 693 484 176 4 524 135 2 201 1009 10 1 4 2 0 
96713 747 448 185 4 521 134 1 188 1038 7 4 4 6 0 
96727 687 467 189 3 518 120 3 184 1075 12 3 3 9 0 
96688 751 496 202 4 520 117 8 165 1023 9 2 8 7 0 
96787 681 451 184 2 516 124 0 186 1046 4 2 9 8 0 
96693 722 444 201 1 548 120 5 185 1061 9 1 3 7 0 
96672 743 440 182 1 576 116 4 160 1087 8 2 4 5 0 
96700 735 435 174 7 544 143 1 179 1059 8 5 3 7 0 
96743 687 477 182 1 528 120 2 200 1035 12 4 2 6 1 
96663 707 502 223 8 526 124 4 169 1057 7 1 4 5 0 
96794 691 482 161 2 528 123 5 201 997 4 0 6 6 0 
96644 719 538 169 4 580 129 0 186 1002 8 4 8 9 0 
96660 761 462 179 4 552 134 4 183 1041 7 2 5 6 0 
96680 764 461 189 3 555 118 8 202 992 10 7 4 7 0 
96734 707 469 165 5 514 145 3 224 1010 9 3 8 4 0 
96676 730 482 199 2 523 126 2 194 1047 7 5 4 3 0 
96711 673 478 182 0 551 133 2 171 1078 5 4 6 6 0 
96747 719 476 195 2 475 132 4 199 1035 5 1 6 4 0 
96698 738 453 174 4 516 141 3 201 1049 8 2 6 7 0 
96713 733 485 197 1 512 125 2 175 1030 12 4 5 6 0 
96711 719 446 161 5 547 112 4 182 1092 10 3 6 2 0 
96622 745 505 178 3 529 122 2 191 1087 7 3 2 4 0 
96735 758 428 185 1 497 135 5 177 1061 4 3 6 5 0 
96614 712 461 189 2 563 119 0 174 1147 5 2 5 7 0 
96659 728 482 174 5 568 129 3 200 1037 5 4 2 4 0 
96668 720 487 192 5 558 115 5 201 1023 9 3 6 8 0 
96659 695 498 193 3 557 116 2 199 1062 4 1 3 8 0 
96734 707 481 182 2 478 130 5 177 1068 11 5 6 14 0 
96661 763 490 215 5 512 125 4 191 1015 5 2 6 6 0 
96667 724 469 185 5 529 141 0 196 1067 7 3 2 5 0 
96762 696 447 183 4 514 120 2 218 1035 6 3 2 8 0 
96742 684 453 186 3 481 138 3 213 1071 11 2 7 6 0 
96627 730 473 212 3 542 138 5 175 1067 7 2 7 12 0 
96729 706 466 193 3 521 133 1 195 1038 7 1 6 1 0 
96610 744 506 185 5 530 132 2 197 1062 8 6 6 7 0 
96701 712 468 177 3 521 134 2 189 1077 7 2 3 4 0 
96807 669 484 186 7 512 125 4 177 1010 7 1 4 6 1 
96527 756 470 185 5 582 134 4 178 1142 4 1 5 7 0 
96689 733 451 200 4 523 117 3 203 1053 7 6 3 8 0 
96660 734 492 188 8 535 153 2 177 1021 15 3 6 6 0 
96564 738 487 201 1 581 131 3 182 1093 6 2 5 6 0 
96684 730 469 196 4 522 106 5 178 1082 9 0 8 7 0 
96644 700 463 207 3 542 126 2 177 1115 10 3 3 5 0 
96777 667 466 194 4 565 126 4 184 989 8 4 4 8 0 
96637 751 448 190 3 561 127 4 178 1081 8 1 3 8 0 
96613 787 488 187 5 514 126 1 204 1046 8 6 7 8 0 
96632 748 458 207 5 513 127 2 184 1100 12 1 6 5 0 
96721 717 473 203 5 509 147 2 172 1033 5 4 1 8 0 
96718 719 481 205 4 521 116 2 185 1030 8 3 2 6 0 
96677 785 458 171 2 526 143 2 197 1017 11 3 2 6 0 
96657 731 434 176 3 559 137 5 185 1087 12 4 4 6 0 
96747 698 440 189 5 502 128 7 179 1085 8 4 4 4 0 
96756 706 463 180 2 509 115 1 159 1092 5 3 4 5 0 
96728 747 458 200 4 523 122 5 193 1004 6 1 4 5 0 
96787 667 468 183 5 473 128 4 202 1058 11 4 4 6 0 
96688 703 459 191 4 539 132 5 197 1060 12 2 3 5 0 
96772 678 489 169 2 538 132 8 173 1017 9 3 2 8 0 
96610 713 491 191 3 544 130 2 217 1081 4 6 1 7 0 
96689 727 454 173 2 534 124 1 222 1046 12 5 8 3 0 
96701 723 465 190 7 524 127 2 200 1041 7 3 3 7 0 
96650 709 495 186 1 521 108 6 201 1103 7 6 3 4 0 
96697 716 484 195 1 519 140 2 193 1035 6 1 5 6 0 
96756 689 469 188 2 505 131 5 174 1058 6 2 7 7 1 
96611 716 482 196 3 539 134 5 205 1086 6 5 4 8 0 
96721 692 483 177 5 537 118 2 188 1054 10 2 7 4 0 
96695 775 453 185 1 558 139 5 173 998 3 2 5 8 0 
96604 764 461 178 3 530 127 2 209 1100 8 1 7 6 0 
96679 720 466 197 2 511 126 3 185 1089 7 2 5 8 0 
96657 736 484 198 1 542 133 3 204 1024 7 6 3 2 0 
96655 731 469 183 5 523 126 1 193 1100 5 1 5 3 0 
96727 716 453 195 1 524 128 3 181 1057 6 1 3 5 0 
96666 710 477 172 5 543 136 8 199 1058 11 1 8 6 0 
96609 745 510 187 4 554 121 5 194 1049 14 1 2 5 0 
96698 713 518 193 1 513 124 4 177 1038 7 4 2 8 0 
96752 717 454 197 3 504 132 2 173 1044 11 1 4 6 0 
96739 695 452 195 5 502 111 6 179 1097 5 3 3 8 0 
96678 725 464 181 4 533 124 6 200 1060 6 1 7 11 0 
96713 763 454 187 1 526 121 5 188 1018 11 2 5 6 0 
96666 731 462 190 2 499 164 2 183 1089 3 3 2 4 0 
96713 691 456 206 1 491 126 4 201 1096 7 2 5 1 0 
96681 699 477 192 5 521 123 4 192 1079 11 2 7 7 0 
96704 707 462 208 4 505 147 0 193 1052 5 2 4 7 0 
96553 736 485 200 6 562 155 6 197 1071 8 3 6 12 0 
96648 777 461 196 5 519 120 5 179 1068 9 3 4 6 0 
96621 704 484 187 2 541 141 3 205 1091 10 1 4 6 0 
96532 752 493 194 4 566 128 5 194 1102 11 4 4 11 0 
96797 697 442 195 1 471 138 2 184 1056 4 3 5 5 0 
96686 710 463 186 7 538 114 3 177 1091 7 2 7 9 0 
96626 747 487 170 5 539 128 4 208 1055 8 3 10 10 0 
96728 730 491 188 4 499 119 2 192 1026 5 2 5 9 0 
96721 686 476 153 4 565 134 4 159 1081 5 5 2 5 0 
96599 742 461 195 1 532 125 2 187 1137 5 3 4 7 0 
96710 724 485 191 3 530 114 3 203 1016 7 1 5 8 0 
96656 672 516 190 2 503 135 3 194 1111 6 3 4 5 0 
96741 714 459 185 3 570 114 3 170 1026 4 2 5 4 0 
96748 676 449 159 8 495 143 3 191 1112 7 1 5 3 0 
96773 685 451 170 5 468 123 1 227 1074 10 5 1 7 0 
96732 731 439 187 3 507 128 2 169 1083 6 4 6 3 0 
96731 657 458 219 4 501 127 4 185 1098 5 2 3 6 0 
96618 731 457 202 4 557 124 3 207 1064 12 4 8 8 1 
96609 724 485 181 4 538 158 5 213 1057 11 3 6 6 0 
96661 704 478 203 5 597 103 5 193 1034 5 3 5 4 0 
96689 710 466 195 5 502 125 6 210 1063 12 2 5 10 0 
96665 737 492 190 1 525 138 4 175 1049 10 3 6 5 0 
96624 720 496 188 5 524 111 5 191 1116 6 0 6 8 0 
96681 764 451 155 5 528 129 3 174 1093 5 3 2 7 0 
96739 695 488 195 2 515 135 3 166 1040 10 3 4 5 0 
96717 704 470 204 5 486 125 6 181 1070 11 2 11 8 0 
96675 764 475 187 0 533 117 2 165 1069 6 2 2 3 0 
96621 706 513 211 4 536 156 3 198 1038 3 1 6 4 0 
96659 703 487 202 1 518 130 4 206 1071 4 1 7 7 0 
96734 752 474 198 3 496 132 2 207 981 7 2 2 9 1 
96696 748 472 181 3 511 128 2 188 1052 3 0 5 11 0 
96680 732 490 177 2 511 123 6 196 1067 6 4 4 2 0 
96794 667 469 196 6 486 129 5 173 1056 7 3 6 3 0 
96674 676 512 178 6 533 146 4 192 1055 10 2 7 5 0 
96726 755 498 198 3 493 148 2 172 988 7 2 5 3 0 
96506 730 490 195 4 594 146 2 216 1101 5 5 5 1 0 
96750 728 462 202 1 515 117 3 189 1016 7 1 4 5 0 
96559 777 498 194 3 548 124 5 211 1065 7 1 3 5 0 
96651 740 494 205 3 535 130 4 175 1052 3 3 4 1 0 
96666 693 488 195 2 511 127 4 191 1097 10 0 11 5 0 
96641 719 507 207 4 550 119 5 184 1037 12 2 8 5 0 
96742 699 492 206 2 530 134 3 186 985 8 0 7 6 0 
96707 722 456 203 0 539 134 4 201 1014 8 3 4 5 0 
96600 716 527 195 3 514 135 5 196 1085 8 4 6 5 1 
96716 722 459 180 3 530 131 1 158 1079 13 2 5 1 0 
96621 738 502 185 7 539 120 3 208 1053 10 5 5 4 0 
96628 739 464 222 2 575 124 2 199 1023 8 4 5 5 0 
96630 735 484 211 0 526 120 4 193 1070 10 5 6 5 1 
96677 721 502 194 4 532 139 4 194 1011 10 1 4 7 0 
96645 697 447 206 2 518 147 3 180 1132 10 1 6 6 0 
96615 695 493 186 6 510 127 4 208 1139 7 3 3 4 0 
96662 752 483 206 2 506 110 4 206 1050 10 0 4 5 0 
96684 728 424 204 3 556 137 2 217 1030 3 1 2 9 0 
96671 767 447 189 3 521 141 6 179 1054 4 4 10 4 0 
96794 683 447 195 3 508 140 5 177 1027 10 4 5 2 0 
96575 773 511 176 3 524 141 1 199 1077 5 1 5 9 0 
96675 753 506 198 1 536 115 3 181 1003 10 7 6 6 0 
96650 752 492 206 6 518 123 1 198 1036 2 5 5 6 0 
96677 728 470 189 0 565 119 7 184 1049 4 2 2 4 0 
96698 714 476 198 3 540 104 4 203 1037 6 5 2 10 0 
96683 758 493 187 1 517 133 7 182 1019 9 4 3 4 0 
96749 722 468 178 1 521 107 3 199 1030 13 2 2 5 0 
96726 728 436 201 7 544 127 3 182 1033 3 0 6 4 0 
96661 736 476 192 1 527 128 0 186 1072 9 1 6 5 0 
96673 744 455 175 6 502 132 6 189 1094 7 3 9 5 0 
96729 689 481 206 2 528 129 3 194 1020 8 4 2 5 0 
96764 735 461 198 4 511 127 1 181 1004 3 4 3 4 0 
96714 725 484 180 4 487 137 3 189 1052 10 2 7 6 0 
96643 718 470 196 3 533 145 2 181 1085 8 4 4 8 0 
96684 746 478 186 3 485 144 2 194 1063 3 1 4 7 0 
96710 702 495 184 2 504 131 3 217 1031 8 6 4 3 0 
96647 703 493 188 4 525 143 3 203 1070 9 2 5 5 0 
