95587 700 597 218 11 732 102 4 245 1762 18 1 10 13 0 
95524 761 601 223 4 701 116 2 230 1788 17 5 15 13 0 
95348 739 624 251 4 762 123 4 217 1889 12 4 11 12 0 
95554 720 592 213 4 780 109 4 218 1764 9 4 12 17 0 
95640 713 590 236 4 727 107 2 222 1714 12 6 10 17 0 
95609 729 623 217 3 702 110 6 213 1749 12 6 10 11 0 
95630 716 607 217 7 725 102 4 228 1725 17 5 11 6 0 
95594 699 603 211 6 733 98 4 253 1740 25 5 8 21 0 
95588 734 582 222 5 689 109 8 225 1803 9 1 11 14 0 
95516 723 602 243 1 735 117 2 245 1768 16 7 17 8 0 
95534 748 570 263 6 705 92 5 252 1783 11 5 13 13 0 
95638 691 598 244 4 711 112 6 221 1736 11 3 8 17 0 
95517 711 569 250 0 672 99 1 259 1882 13 8 6 13 0 
95599 728 625 241 4 701 115 4 207 1735 12 8 8 13 0 
95611 709 593 223 3 721 111 5 218 1764 13 6 9 14 0 
95488 746 602 232 3 745 131 9 183 1820 15 6 6 14 0 
95587 733 614 216 7 727 98 2 223 1754 14 4 11 10 0 
95536 735 640 246 5 681 108 5 214 1782 18 5 10 15 0 
95578 726 595 233 12 687 96 7 253 1777 10 5 12 9 0 
95576 744 584 215 8 740 110 2 232 1756 12 5 6 10 0 
95493 713 638 239 6 774 109 2 209 1790 6 4 6 11 0 
95581 717 620 227 3 713 117 2 235 1746 15 3 10 11 0 
95647 730 607 217 7 761 86 11 199 1688 15 7 13 12 0 
95536 750 623 232 5 685 96 5 256 1767 15 2 12 16 0 
95604 714 575 246 4 713 121 7 210 1774 11 1 9 11 0 
95610 684 622 246 7 712 118 4 213 1744 10 7 9 14 0 
95583 729 610 210 8 738 89 5 201 1785 14 5 13 10 0 
95626 680 566 201 7 688 105 8 248 1831 9 6 9 16 0 
95699 688 578 204 11 736 102 4 210 1733 6 3 9 17 0 
95593 718 631 265 5 686 97 4 244 1729 9 3 6 10 0 
95618 683 584 230 3 698 95 5 219 1827 10 6 8 14 0 
95617 727 594 228 2 714 109 5 218 1744 15 4 11 12 0 
95582 701 587 209 4 722 111 2 219 1821 12 4 11 14 1 
95614 703 601 228 4 709 111 6 228 1763 7 5 9 11 1 
95597 704 607 228 4 726 109 4 221 1747 17 6 12 18 0 
95552 731 602 234 5 739 113 2 206 1775 11 4 11 15 0 
95696 698 599 204 4 693 95 1 210 1767 8 5 7 13 0 
95654 631 593 226 4 741 128 9 225 1752 9 3 10 15 0 
95549 694 634 221 4 781 87 5 240 1737 17 2 11 18 0 
95552 776 589 240 2 718 120 5 244 1718 11 4 10 11 0 
95690 653 617 226 9 696 106 2 230 1740 10 5 9 7 0 
95613 769 621 240 6 673 79 10 205 1742 17 4 10 11 0 
95664 633 624 221 10 711 99 3 231 1770 16 6 3 9 0 
95570 699 609 221 5 748 102 7 239 1771 7 3 8 11 0 
95683 702 578 223 4 719 117 7 206 1721 11 7 9 13 0 
95573 711 584 219 6 754 129 3 215 1761 15 5 10 15 0 
95687 682 616 220 2 734 107 10 217 1687 17 5 5 11 0 
95543 716 612 239 6 709 99 5 242 1776 17 7 16 13 0 
95618 713 590 228 5 713 103 9 212 1773 9 7 14 6 0 
95581 693 573 227 6 724 113 6 245 1807 9 2 5 9 0 
95569 701 604 241 7 767 106 3 192 1765 18 6 7 14 0 
95573 696 600 231 5 718 118 3 235 1780 16 5 13 7 0 
95551 633 639 223 2 747 104 5 241 1821 11 5 5 13 0 
95636 729 596 204 3 704 93 7 231 1767 6 2 8 14 0 
95560 674 628 228 3 738 115 2 229 1776 15 6 11 15 0 
95614 689 599 245 7 742 98 2 218 1754 10 7 9 6 0 
95573 692 587 221 6 762 119 4 266 1734 12 6 10 8 0 
95581 711 605 237 3 726 111 0 219 1769 9 4 12 13 0 
95550 722 612 230 4 674 110 5 232 1826 9 4 7 15 0 
95511 727 628 226 3 735 125 10 209 1792 13 5 5 10 1 
95624 741 574 238 9 731 80 6 236 1720 18 3 11 9 0 
95540 753 606 244 9 655 126 9 210 1806 14 5 13 10 0 
95622 745 589 213 2 685 98 4 244 1752 10 7 7 22 0 
95609 701 583 229 9 716 107 2 224 1781 16 2 10 11 0 
95608 742 592 249 3 673 107 3 260 1723 13 6 9 12 0 
95621 735 605 222 2 703 124 3 222 1726 14 3 7 13 0 
95623 682 639 232 6 689 110 2 210 1763 16 8 13 7 0 
95531 747 604 235 6 732 113 4 214 1761 11 5 11 26 0 
95509 763 575 242 2 731 114 4 241 1784 17 3 9 6 0 
95465 765 613 249 3 712 105 8 215 1825 18 3 6 13 0 
95678 692 551 221 2 703 110 4 223 1771 12 6 13 14 0 
95501 691 637 190 4 782 107 5 240 1812 14 2 7 8 0 
95527 755 639 228 8 741 114 6 232 1712 12 3 11 12 0 
95607 697 615 232 4 732 128 7 209 1732 14 8 3 12 0 
95659 710 550 227 7 680 107 8 232 1770 18 4 10 18 0 
95632 718 582 211 2 777 108 5 197 1732 12 3 12 9 0 
95471 725 627 230 10 762 112 5 215 1810 10 4 5 14 0 
95553 753 621 218 6 698 95 8 231 1786 11 2 6 11 1 
95605 705 601 249 0 704 95 2 214 1787 15 4 7 12 0 
95495 733 557 265 6 697 136 3 243 1809 18 7 12 19 0 
95607 735 574 241 5 701 106 4 236 1738 13 8 13 19 0 
95564 727 601 213 9 694 94 7 193 1858 16 6 8 10 0 
95635 714 612 248 4 730 112 3 220 1677 14 9 9 13 0 
95767 674 587 211 5 676 110 1 225 1695 21 4 13 11 0 
95527 765 583 198 4 735 114 1 236 1794 19 2 10 12 0 
95454 753 610 245 5 778 115 8 206 1793 11 1 11 10 0 
95728 664 575 227 2 650 104 3 211 1802 8 6 9 11 0 
95516 772 621 238 1 717 113 6 236 1745 13 6 9 7 0 
95600 719 573 233 5 718 112 5 242 1766 8 3 10 6 0 
95676 693 598 211 3 747 114 2 213 1689 23 4 7 20 0 
95671 673 579 204 1 738 94 11 241 1747 13 6 9 13 0 
95604 678 613 209 2 729 109 6 237 1766 18 4 13 12 0 
95561 730 640 222 2 729 107 7 220 1728 15 7 9 23 0 
95722 716 556 230 8 686 107 2 229 1698 17 5 13 11 0 
95597 734 588 238 3 682 122 4 235 1759 8 7 10 13 0 
95626 754 607 200 7 715 116 5 209 1729 13 2 5 12 0 
95644 683 614 197 4 693 102 5 235 1775 10 12 11 15 0 
95532 728 631 199 4 754 101 6 223 1774 11 11 11 15 0 
95549 738 560 245 7 734 119 10 263 1737 18 4 8 8 0 
95709 736 590 198 6 701 107 3 213 1698 12 5 14 8 0 
95544 748 643 206 8 697 102 2 244 1766 12 4 13 11 0 
95445 708 589 247 3 742 104 5 236 1879 12 7 12 11 0 
95641 716 590 209 5 696 102 3 219 1783 18 6 6 6 0 
95517 733 598 231 4 739 93 8 226 1808 15 9 6 13 0 
95619 724 595 215 5 731 115 8 217 1741 9 4 10 7 0 
95531 760 594 230 4 674 115 4 217 1825 13 8 7 18 0 
95523 718 659 211 6 696 111 1 231 1796 15 6 14 13 0 
95537 718 606 238 6 744 90 5 246 1771 13 4 6 16 0 
95499 691 630 248 5 759 99 3 235 1786 15 4 10 16 0 
95546 738 601 257 5 746 124 9 191 1728 14 4 13 24 0 
95609 725 590 225 1 739 108 1 213 1741 18 7 12 10 1 
95735 712 551 211 5 715 95 5 207 1721 13 4 9 17 0 
95560 715 584 221 5 755 102 4 232 1779 12 7 9 15 0 
95492 726 611 247 5 680 122 7 224 1858 8 5 6 9 0 
95714 702 564 201 2 710 88 4 228 1745 12 3 6 19 2 
95582 711 584 232 7 679 105 4 236 1826 13 3 6 12 0 
95611 721 596 246 5 739 105 5 199 1726 16 5 14 12 0 
95487 697 643 242 6 713 114 9 234 1812 11 2 17 13 0 
95514 711 644 244 3 717 126 1 233 1771 12 5 5 14 0 
95679 744 589 220 3 692 112 3 199 1710 14 8 15 12 0 
95643 721 593 229 6 702 100 5 231 1742 7 4 4 13 0 
95680 693 592 221 3 703 114 11 207 1733 14 3 15 11 0 
95576 727 581 238 4 746 110 3 228 1747 18 3 5 14 0 
95638 733 572 227 2 716 111 5 225 1725 17 5 13 11 0 
95462 770 643 207 5 736 119 6 228 1780 17 4 8 15 0 
95644 712 607 215 5 674 105 2 224 1767 12 4 10 19 0 
95516 740 615 230 5 748 121 3 236 1749 14 3 9 10 1 
95677 687 603 222 8 718 98 4 215 1719 19 5 7 18 0 
95551 762 613 229 3 731 95 4 230 1744 11 4 6 17 0 
95658 739 639 210 7 721 83 2 225 1679 12 6 13 6 0 
95579 670 583 215 5 700 116 8 233 1845 17 3 13 13 0 
95593 699 588 218 4 751 112 3 237 1758 10 5 8 14 0 
95628 745 584 248 5 715 103 1 194 1734 12 4 12 15 0 
95648 694 560 248 5 705 114 6 233 1750 18 3 4 12 0 
95664 711 606 213 4 722 119 5 210 1704 9 5 13 15 0 
95511 751 606 240 2 724 117 4 248 1762 9 3 11 12 0 
95661 715 584 225 4 722 113 8 212 1706 14 5 13 18 0 
95538 702 599 239 8 750 114 4 236 1760 19 5 13 13 0 
95637 713 595 213 6 707 104 5 237 1747 14 1 10 11 0 
95654 672 581 257 3 768 107 7 210 1702 13 9 9 8 0 
95617 751 620 219 4 736 118 1 226 1672 11 4 9 12 0 
95606 750 621 196 1 698 121 5 235 1732 16 3 7 9 0 
95573 730 634 248 3 694 91 5 203 1780 11 7 7 14 0 
95495 728 605 238 9 748 92 6 249 1795 8 4 12 11 0 
95605 707 597 249 5 743 119 3 214 1731 8 1 5 13 0 
95474 661 670 221 3 726 116 2 243 1841 17 5 6 15 0 
95553 671 605 250 4 728 108 12 243 1780 17 7 12 10 0 
95595 691 621 236 6 716 112 3 222 1765 12 4 10 7 0 
95473 709 616 234 6 710 116 9 246 1836 12 8 8 17 0 
95634 704 586 197 7 727 125 9 209 1762 14 1 13 12 0 
95626 700 611 222 4 714 104 8 221 1748 15 3 6 18 0 
95586 694 606 205 3 757 109 6 228 1750 24 8 10 14 0 
95698 685 624 215 3 705 91 2 192 1743 8 5 8 21 0 
95491 741 595 235 4 741 119 7 247 1783 14 5 6 12 0 
95598 705 630 235 5 706 112 4 223 1745 13 7 4 13 0 
95641 733 617 205 6 732 102 6 218 1702 14 5 10 9 0 
95642 720 576 225 6 683 108 6 235 1761 11 2 9 16 0 
95644 718 600 238 5 716 103 5 221 1711 11 5 9 12 2 
95548 760 599 249 7 678 108 2 236 1773 7 7 14 12 0 
95729 708 563 230 4 696 105 7 203 1717 14 6 4 14 0 
95597 684 619 246 8 701 112 5 222 1770 15 4 7 10 0 
95605 712 560 236 5 705 105 7 244 1772 22 3 10 13 1 
95606 721 628 223 7 697 95 7 238 1728 19 11 12 8 0 
95461 769 624 237 2 739 121 4 230 1771 15 5 11 11 0 
95680 681 562 227 2 709 116 5 235 1743 9 6 11 14 0 
95534 735 594 210 8 711 119 5 213 1831 11 1 13 15 0 
95475 760 600 255 8 748 105 3 247 1756 18 2 10 13 0 
95513 746 615 200 3 777 119 6 239 1749 9 3 9 12 0 
95593 706 569 216 7 749 103 8 236 1774 13 7 7 12 0 
95585 708 643 235 3 705 98 4 220 1751 17 9 9 12 1 
95676 704 621 208 3 715 128 3 195 1713 14 4 3 13 0 
95592 768 578 220 5 702 114 4 213 1765 11 4 9 15 0 
95515 774 564 220 7 749 121 5 225 1778 16 4 12 10 0 
95632 747 628 229 9 658 102 2 236 1712 18 6 9 12 0 
95479 723 575 209 6 781 102 11 229 1836 18 6 13 12 0 
95578 686 565 210 5 783 112 2 247 1779 10 5 7 11 0 
95507 721 575 242 6 680 120 5 254 1842 17 6 11 14 0 
95620 703 602 210 6 743 103 3 226 1742 14 3 14 11 0 
95561 754 561 216 4 768 99 1 235 1754 10 6 12 19 0 
95646 695 575 224 5 663 106 1 261 1788 14 4 6 12 0 
95656 696 529 173 6 740 103 2 230 1821 10 5 18 11 0 
95623 724 624 241 3 726 99 4 210 1712 11 5 10 8 0 
95623 676 578 242 3 702 112 2 254 1776 7 4 7 14 0 
95522 725 594 220 10 699 126 5 221 1835 12 3 12 16 0 
95500 691 593 253 6 728 102 4 244 1830 18 5 9 17 0 
95557 721 584 234 6 737 125 4 238 1758 13 6 8 9 0 
95658 680 631 226 5 681 112 12 235 1727 10 6 6 11 0 
95517 720 566 227 2 767 129 3 223 1798 16 5 13 14 0 
95612 724 613 213 7 702 119 1 220 1747 12 6 12 12 0 
95668 733 613 238 5 705 114 2 199 1702 12 1 4 4 0 
95636 702 577 211 6 736 117 7 219 1753 19 0 6 11 0 
95675 719 541 241 4 692 100 4 216 1769 16 1 9 13 0 
95574 711 596 250 7 684 114 3 246 1773 9 3 16 14 0 
95500 711 578 256 7 760 110 9 248 1780 11 4 7 19 0 
95596 705 582 250 5 735 112 7 197 1769 11 4 12 15 0 
95531 741 549 239 5 696 132 8 231 1832 14 2 7 12 1 
95639 701 573 227 8 752 105 3 217 1733 7 4 15 16 0 
95708 671 602 218 3 724 106 4 218 1703 15 6 5 17 0 
95507 734 618 225 3 689 109 4 231 1829 22 8 11 10 0 
95532 733 601 241 3 733 109 2 240 1765 14 5 9 13 0 
95572 713 598 232 3 724 99 6 244 1771 8 6 9 14 1 
95621 748 624 206 8 700 117 2 230 1703 11 6 7 16 1 
95650 708 611 213 6 723 87 11 231 1727 9 4 10 10 0 
95700 712 622 232 3 687 95 4 214 1682 15 8 13 13 0 
95470 779 631 231 6 718 119 2 207 1783 19 9 11 15 0 
95628 761 558 222 2 699 91 6 229 1766 9 3 11 15 0 
95601 732 575 235 4 720 113 3 235 1742 17 5 6 12 0 
95625 739 588 243 6 695 108 4 205 1748 10 1 8 20 0 
95664 694 602 222 6 668 96 5 239 1756 18 2 10 18 0 
95601 739 621 232 4 699 116 4 213 1727 16 4 4 19 1 
95611 711 607 222 2 721 119 7 229 1740 7 5 9 10 0 
95469 725 661 250 8 766 96 4 230 1762 7 3 9 10 0 
95496 764 618 242 4 683 95 4 231 1814 17 9 7 16 0 
95517 719 656 203 5 724 113 8 244 1774 20 0 5 12 0 
95644 732 621 218 5 687 118 2 222 1714 14 2 11 10 0 
95541 691 611 256 5 731 92 10 216 1813 10 5 9 8 2 
95654 743 614 216 3 726 107 4 226 1662 18 5 7 15 0 
95713 687 578 221 2 679 109 3 241 1730 10 5 13 9 0 
95606 676 615 235 6 709 110 4 236 1766 17 2 8 10 0 
95736 705 573 228 5 692 112 4 225 1677 10 7 16 10 0 
95562 743 577 220 1 754 118 6 222 1755 15 5 11 11 0 
95664 696 590 227 8 684 110 6 222 1755 12 3 10 13 0 
95630 688 556 219 2 727 104 3 224 1819 9 4 3 12 0 
95490 763 584 234 7 748 92 7 246 1791 12 3 9 14 0 
95549 741 606 224 8 683 110 3 226 1804 15 8 7 16 0 
95622 716 597 216 5 706 96 1 217 1787 14 3 6 13 1 
95594 726 646 224 9 697 115 3 232 1722 8 5 10 9 0 
95528 708 630 224 8 731 123 7 219 1780 11 9 10 12 0 
95591 708 614 207 5 726 112 2 229 1768 9 3 16 10 0 
95558 713 631 196 5 707 117 2 230 1789 24 6 7 15 0 
95623 717 590 237 4 707 108 4 226 1737 11 8 16 12 0 
95540 742 624 223 0 704 135 6 218 1760 19 5 8 16 0 
95604 679 635 222 5 720 106 4 245 1750 5 5 9 11 0 
95664 703 566 191 5 766 114 5 212 1735 14 4 10 11 0 
95571 733 596 236 2 706 95 8 216 1798 13 3 10 13 0 
95487 717 633 229 6 737 109 3 239 1801 12 6 7 14 0 
95601 712 619 213 11 748 120 5 212 1727 13 3 9 7 0 
95550 736 593 251 2 736 106 4 199 1784 11 9 6 13 0 
95556 735 605 263 7 712 101 4 235 1740 10 8 11 12 1 
95639 738 624 219 2 735 105 2 242 1654 17 7 5 11 0 
95756 675 576 216 4 716 111 6 202 1697 14 1 12 14 0 
95644 694 601 230 5 729 101 7 233 1714 15 2 10 15 0 
95565 718 615 233 5 730 115 7 199 1775 16 6 2 14 0 
95549 709 631 221 9 768 107 3 225 1742 12 3 8 13 0 
95612 700 594 193 4 785 105 7 203 1754 14 3 11 15 0 
95437 740 606 243 9 725 111 5 249 1834 12 3 11 14 1 
95433 709 643 251 5 701 134 1 261 1827 6 3 14 12 0 
95593 768 589 234 3 689 95 5 207 1779 10 9 7 12 0 
95525 710 580 223 4 745 121 7 217 1825 7 4 13 19 0 
95563 751 562 237 5 747 116 8 207 1766 9 5 6 18 0 
95512 742 618 236 2 728 117 3 227 1765 19 2 9 19 1 
95604 731 574 247 5 716 108 5 233 1723 18 8 13 15 0 
95516 742 579 228 5 801 117 6 229 1741 14 2 8 12 0 
95449 798 634 199 7 718 100 4 258 1784 14 5 11 19 0 
95476 732 629 246 7 709 98 6 233 1826 7 6 13 12 0 
95584 708 604 209 6 721 111 5 233 1784 10 3 7 15 0 
95716 685 593 204 2 687 113 5 198 1755 14 2 12 14 0 
95594 665 614 242 3 731 113 5 218 1773 19 6 12 5 0 
95462 735 631 245 2 755 77 5 237 1810 10 4 13 14 0 
95607 714 606 253 5 725 92 3 215 1736 7 8 9 20 0 
95551 706 600 221 10 771 106 7 243 1746 12 3 8 16 0 
95534 767 570 211 5 724 100 4 241 1804 9 5 10 16 0 
95469 770 617 233 5 742 126 4 239 1752 11 6 15 11 0 
95504 711 649 201 1 701 119 10 223 1840 11 6 11 13 0 
95557 748 624 222 4 730 118 8 203 1745 13 8 8 12 0 
95551 723 617 258 7 712 103 4 235 1753 5 7 11 14 0 
95677 719 604 209 2 674 106 7 210 1757 7 9 9 10 0 
95473 712 617 258 1 728 113 3 247 1799 13 5 18 13 0 
95664 707 619 250 3 661 108 3 218 1720 19 5 10 13 0 
95545 705 605 224 6 741 112 4 256 1756 15 4 15 12 0 
95597 738 591 231 5 677 91 1 226 1800 19 2 6 14 2 
95656 704 595 219 4 709 100 2 206 1776 11 5 5 8 0 
95577 692 596 217 3 760 113 5 212 1791 9 4 9 12 0 
95653 706 568 236 4 702 117 2 242 1733 14 5 11 7 0 
95505 697 618 252 6 726 141 3 213 1797 11 8 10 13 0 
95588 751 601 191 2 719 115 5 222 1772 15 4 5 9 1 
95625 720 548 232 1 693 117 3 234 1781 16 6 11 13 0 
95562 694 617 253 3 725 86 2 230 1787 11 4 8 18 0 
95529 723 596 234 5 778 102 7 240 1744 15 2 9 16 0 
95637 731 607 219 5 674 113 2 230 1746 10 3 6 17 0 
95571 710 590 251 4 732 97 2 205 1797 11 5 11 14 0 
95624 720 589 240 7 720 108 2 225 1735 8 5 9 8 0 
95690 724 617 191 10 695 103 4 193 1732 12 7 10 12 0 
95587 721 609 226 1 726 117 2 272 1709 13 3 4 10 0 
95591 663 616 268 2 757 93 4 215 1746 15 3 10 17 0 
95540 716 625 255 4 753 86 8 234 1743 11 6 7 12 0 
95479 777 585 252 6 783 93 7 213 1764 16 3 11 11 0 
95673 717 608 237 2 676 102 8 227 1703 17 5 9 16 0 
95686 716 574 214 6 719 96 8 223 1717 13 4 12 11 1 
95706 768 573 216 6 713 114 2 208 1665 6 2 7 14 0 
95663 712 595 228 2 700 101 1 218 1747 12 6 6 9 0 
95592 711 560 232 9 713 109 6 217 1809 13 3 14 12 0 
95594 682 622 232 3 750 98 6 212 1760 16 2 9 14 0 
95636 760 577 220 3 740 89 7 189 1746 12 4 9 8 0 
95648 717 575 221 4 745 111 5 211 1716 9 8 16 14 0 
95634 696 620 222 4 725 106 2 232 1724 11 3 13 8 0 
95568 747 632 206 3 730 111 1 241 1725 13 3 10 10 0 
95641 704 576 205 6 764 108 3 236 1719 20 6 3 9 0 
95636 715 546 233 3 708 104 4 240 1767 15 5 9 15 0 
95688 675 591 207 5 652 127 3 218 1790 19 6 7 12 0 
95570 745 635 223 3 705 104 3 225 1744 17 2 9 15 0 
95706 675 590 231 4 684 114 7 213 1740 12 2 11 11 0 
95539 722 610 237 4 744 123 7 221 1750 10 3 12 18 0 
95608 707 580 245 9 707 116 4 223 1761 10 9 5 16 0 
95550 714 576 220 7 769 105 4 215 1796 16 6 11 11 0 
95645 734 610 234 3 681 95 11 229 1725 10 4 8 11 0 
95604 704 644 229 4 716 99 2 219 1740 14 5 4 16 0 
95583 706 588 234 6 738 118 5 230 1752 8 4 13 15 0 
95594 703 628 218 8 709 117 2 211 1780 12 3 9 6 0 
95548 723 619 202 4 712 94 7 222 1833 6 4 11 15 0 
95539 742 642 204 7 707 113 5 201 1788 15 3 14 20 0 
95618 677 607 226 3 710 115 7 242 1759 15 4 4 13 0 
95513 728 593 221 6 738 110 4 240 1815 9 4 8 11 0 
95597 681 620 208 4 723 84 4 220 1821 12 4 10 11 1 
95665 738 593 187 2 741 126 7 202 1703 15 1 8 12 0 
95588 753 568 234 6 691 100 3 261 1767 10 6 3 10 0 
95759 736 578 211 4 683 120 4 188 1687 7 5 9 9 0 
95578 736 614 208 8 751 101 3 209 1757 10 8 7 10 0 
95434 703 625 242 2 763 122 4 213 1859 10 4 9 10 0 
95626 725 612 211 4 689 95 6 228 1755 22 6 6 15 0 
95582 700 672 228 5 720 94 4 218 1742 9 7 7 12 0 
95521 725 604 227 1 723 117 3 241 1803 9 4 7 15 0 
95553 721 627 223 2 751 120 9 247 1706 13 3 8 17 0 
95619 745 608 236 4 680 100 3 220 1735 15 7 10 18 0 
95660 711 602 211 2 679 116 3 221 1761 11 3 9 11 0 
95473 790 570 228 6 732 105 2 217 1840 14 3 5 15 0 
95474 753 597 261 5 751 105 4 230 1775 13 4 13 15 0 
95613 693 591 227 4 748 114 2 220 1756 10 7 4 11 0 
95561 717 585 218 10 739 95 4 242 1796 14 1 6 12 0 
95501 719 633 246 5 741 94 5 247 1766 13 5 8 17 0 
95575 720 639 221 1 727 116 4 242 1724 9 4 3 15 0 
95604 760 591 227 7 715 117 2 231 1711 12 3 9 11 0 
95586 707 614 239 4 720 131 5 239 1722 10 2 8 13 0 
95603 702 626 224 7 660 120 6 236 1779 10 4 10 13 0 
95524 707 656 212 8 743 108 5 225 1782 12 1 7 10 0 
95569 675 621 233 5 706 111 7 225 1805 11 4 13 15 0 
95618 732 630 218 4 700 99 5 244 1722 10 1 9 8 0 
95577 731 594 217 3 720 138 8 196 1775 10 10 14 6 1 
95579 733 588 248 7 733 117 5 201 1746 9 5 6 23 0 
95718 706 591 235 3 689 105 3 228 1673 15 9 11 14 0 
95625 701 658 223 5 691 103 7 224 1721 14 6 13 9 0 
95593 746 597 238 3 710 107 6 213 1755 12 4 6 9 1 
95660 708 559 227 5 730 108 4 236 1722 10 9 11 11 0 
95714 678 571 218 2 706 98 2 217 1755 10 9 8 12 0 
95465 753 597 230 5 721 119 4 216 1852 10 5 10 13 0 
95504 738 620 256 5 748 99 3 228 1757 13 2 9 18 0 
95507 698 606 237 7 721 98 3 248 1834 16 2 10 13 0 
95532 748 639 226 7 731 108 4 218 1737 20 10 7 13 0 
95505 714 625 232 7 757 111 3 231 1776 14 4 11 10 0 
95559 741 597 245 1 725 112 4 232 1744 12 4 8 16 0 
95587 695 609 221 5 718 116 8 227 1766 14 8 12 14 0 
95617 728 595 211 6 702 111 1 248 1745 10 6 7 13 0 
95618 684 584 216 6 689 100 5 225 1833 13 3 10 14 0 
95637 739 618 231 8 702 118 11 188 1712 16 4 9 7 0 
95614 716 603 234 5 725 111 6 252 1695 15 6 10 8 0 
95504 749 597 234 4 723 123 3 215 1813 12 3 11 9 0 
95508 752 635 228 5 702 104 6 241 1768 17 6 12 16 0 
95552 716 661 234 5 705 120 4 258 1712 10 2 13 8 0 
95490 772 629 252 3 751 102 6 227 1727 11 4 11 15 0 
95554 750 587 209 3 739 88 2 255 1768 19 3 8 15 0 
95527 734 615 227 6 763 83 6 217 1779 17 1 9 16 0 
95488 727 663 224 3 757 105 2 213 1765 21 7 11 14 0 
95580 714 584 226 1 742 104 6 224 1774 20 4 10 11 0 
95456 711 610 233 8 733 129 3 225 1850 17 2 9 14 0 
95665 735 575 203 4 733 101 3 224 1709 18 9 6 15 0 
95579 692 615 230 4 722 117 4 219 1785 12 4 4 13 0 
95494 729 648 231 6 738 110 1 219 1787 18 3 8 8 0 
95447 680 603 227 8 752 113 4 248 1877 17 5 8 11 0 
95544 717 602 223 5 738 106 5 245 1785 8 3 14 5 0 
95569 713 624 214 4 670 124 3 234 1805 15 4 7 14 0 
95558 741 554 227 6 750 99 5 227 1807 10 4 5 7 0 
95588 674 609 229 5 735 102 2 234 1775 12 5 16 14 0 
95627 737 590 217 12 695 109 6 233 1724 16 3 13 18 0 
95534 692 621 228 8 746 110 11 239 1770 17 4 11 9 0 
95587 711 633 224 5 690 101 2 245 1762 16 3 6 15 0 
95634 722 579 228 4 703 110 8 216 1753 14 7 10 12 0 
95690 676 618 226 5 735 114 5 211 1686 13 7 7 7 0 
95619 712 577 202 4 756 99 3 217 1766 16 4 8 17 0 
95702 674 646 250 7 672 106 1 229 1677 12 5 5 14 0 
95544 714 638 207 4 728 104 3 239 1782 13 7 9 8 0 
95478 738 609 251 5 704 90 6 227 1846 19 5 12 10 0 
95665 711 550 225 5 718 130 2 205 1758 11 4 8 8 0 
95651 698 599 225 2 706 111 5 217 1745 16 4 9 12 0 
95591 738 609 218 6 691 100 1 216 1785 9 6 12 18 0 
95691 712 540 235 2 710 101 5 218 1751 8 4 8 15 0 
95649 734 582 234 7 690 106 7 224 1724 14 7 10 12 0 
95564 720 549 221 6 741 116 5 223 1814 14 3 15 9 0 
95536 725 565 196 5 769 113 3 196 1851 12 4 13 12 0 
95569 707 599 205 5 752 106 6 223 1779 15 8 11 15 0 
95556 706 571 232 3 726 106 4 232 1823 17 4 8 12 0 
95506 773 622 214 5 724 108 7 239 1764 12 7 7 11 1 
95495 716 648 204 4 721 135 3 237 1801 13 6 5 12 0 
95693 658 578 207 2 725 99 9 235 1746 14 2 12 20 0 
95741 721 578 206 6 691 118 8 216 1674 11 5 8 15 2 
95660 668 603 220 9 713 99 0 230 1765 7 6 7 13 0 
95547 771 581 216 3 713 110 2 245 1772 12 5 10 13 0 
95591 699 594 236 0 750 109 7 228 1740 12 6 13 15 0 
95534 747 621 217 4 708 96 3 264 1763 9 6 14 14 0 
95583 705 621 229 4 719 106 0 234 1763 11 3 13 9 0 
95513 744 632 215 3 754 107 2 216 1773 16 4 14 7 0 
95671 683 617 203 8 723 95 4 223 1740 7 5 7 14 0 
95622 703 616 234 5 687 106 9 247 1727 12 6 15 11 0 
95697 697 596 206 10 707 115 3 237 1694 12 7 7 12 0 
95585 736 558 229 3 738 91 7 230 1783 13 6 5 16 0 
95575 697 601 207 9 725 120 4 225 1807 9 4 8 9 0 
95569 698 636 247 9 729 121 6 224 1721 13 5 5 17 0 
95655 684 588 228 6 689 97 1 221 1784 14 7 12 14 0 
95717 733 623 236 6 675 98 4 187 1680 12 10 11 8 0 
95629 690 585 248 8 720 98 4 244 1722 20 8 8 15 1 
95553 730 618 228 8 665 97 4 211 1854 10 3 9 10 0 
95513 685 630 244 4 687 100 5 228 1868 14 3 7 12 0 
95603 710 573 222 6 722 116 4 230 1774 12 7 8 13 0 
95528 735 622 219 1 691 117 4 262 1780 14 3 10 14 0 
95570 703 640 230 4 753 100 2 225 1730 13 5 10 14 1 
95667 685 620 228 3 693 88 4 230 1744 17 4 5 12 0 
95559 722 603 226 3 758 101 2 233 1750 19 2 10 12 0 
95477 727 634 255 5 706 112 0 252 1786 15 3 7 21 0 
95686 732 552 233 4 711 91 4 219 1733 15 3 9 8 0 
95537 760 595 197 4 760 112 2 220 1773 9 8 9 14 0 
95624 679 604 226 4 702 106 2 218 1791 15 3 10 16 0 
95500 765 590 241 5 739 106 7 255 1746 21 2 9 14 0 
95611 676 608 239 5 695 105 5 229 1786 14 3 9 15 0 
95537 710 629 216 2 736 134 4 248 1740 17 3 11 13 0 
95541 706 613 217 5 733 112 2 229 1798 12 9 9 14 0 
95564 732 596 235 4 729 109 2 222 1757 25 6 6 13 0 
95613 708 553 235 1 702 112 6 218 1810 14 6 12 10 0 
95571 715 579 231 7 718 113 3 234 1781 15 7 11 15 0 
95635 736 604 230 5 735 97 7 235 1686 6 5 5 14 0 
95629 711 630 221 8 633 100 5 258 1764 12 5 10 13 1 
95519 744 646 235 1 715 112 4 246 1734 18 5 9 12 0 
95657 707 615 214 1 742 115 4 234 1669 15 6 10 11 0 
95626 725 599 239 2 741 96 4 208 1712 13 8 13 14 0 
95513 742 619 244 10 708 108 2 206 1820 7 5 6 10 0 
95620 697 604 224 1 729 105 4 215 1766 13 3 6 13 0 
95531 633 631 222 4 715 120 3 246 1855 14 2 14 10 0 
95746 677 592 228 4 707 110 6 186 1697 20 6 12 9 0 
95543 730 618 188 5 689 121 3 237 1813 13 10 9 21 0 
95626 684 622 209 5 743 104 2 232 1742 10 1 9 11 0 
95508 766 639 211 5 744 80 7 192 1813 11 3 5 16 0 
95488 725 620 229 5 720 123 2 226 1819 20 6 7 10 0 
95536 768 591 226 5 739 118 3 230 1748 9 6 7 14 0 
95494 772 615 232 5 738 98 6 233 1777 5 5 8 12 0 
95607 742 623 223 6 722 83 4 207 1744 10 1 9 18 1 
95672 693 583 222 6 750 109 3 211 1715 11 5 9 11 0 
95546 725 668 228 8 667 110 6 212 1792 12 5 10 11 0 
95676 694 569 222 4 650 118 8 227 1793 11 3 14 11 0 
95510 736 616 208 4 698 126 7 237 1825 13 1 8 11 0 
95645 674 597 246 3 750 115 2 225 1708 8 2 10 15 0 
95532 719 583 276 4 742 97 7 225 1774 12 8 10 11 0 
95455 777 619 221 8 749 114 3 234 1776 16 5 11 12 0 
95667 698 588 219 4 696 100 4 218 1759 20 9 6 12 0 
95623 672 586 226 7 685 101 8 245 1799 16 3 14 15 0 
95672 691 620 244 4 718 98 5 194 1716 11 7 9 11 0 
95514 719 597 217 2 771 103 3 225 1796 15 6 17 15 0 
95634 717 600 217 10 726 116 5 228 1703 9 2 15 18 0 
95628 693 597 223 8 740 100 3 227 1741 17 3 8 12 0 
95530 723 624 217 10 714 105 9 248 1776 13 7 11 13 0 
95490 728 627 200 1 769 108 6 229 1799 19 5 6 13 0 
95600 700 643 226 6 730 118 1 241 1700 9 1 12 13 0 
95546 726 595 243 6 767 118 1 235 1731 10 2 8 12 0 
95623 761 568 243 3 715 97 4 231 1717 15 2 8 12 1 
95436 747 614 247 5 735 113 2 257 1805 9 2 7 21 0 
95556 719 642 214 4 728 106 1 244 1750 8 5 10 13 0 
95725 683 639 236 5 655 112 4 227 1671 11 3 12 17 0 
95610 671 619 240 7 707 111 5 233 1756 12 3 10 16 0 
95570 655 616 225 3 773 104 3 202 1808 14 2 6 19 0 
95514 682 614 236 6 705 132 7 248 1819 9 9 9 10 0 
95644 697 571 202 5 782 100 5 196 1758 14 3 13 10 0 
95543 745 596 218 5 740 116 2 218 1779 14 2 7 14 1 
95633 663 611 237 6 719 101 1 223 1759 13 5 9 20 0 
95569 723 601 233 5 719 98 2 246 1773 6 5 11 9 0 
95573 723 609 245 1 753 106 7 221 1717 9 6 12 18 0 
95618 710 577 221 2 725 121 4 224 1766 12 5 5 10 0 
95587 748 602 210 4 758 117 3 213 1714 17 5 11 11 0 
95583 736 552 227 4 754 119 3 247 1727 17 3 13 15 0 
95649 734 584 224 1 705 89 4 239 1727 15 4 9 16 0 
95496 727 632 249 7 754 118 2 201 1775 15 4 5 15 0 
95520 710 649 236 6 740 107 8 237 1749 14 8 4 12 0 
95528 759 583 227 3 765 94 0 242 1768 8 5 8 10 0 
95542 739 591 240 2 695 114 4 249 1780 16 5 7 16 0 
95560 733 637 223 5 725 115 5 226 1723 15 6 8 19 0 
95574 689 604 224 8 754 107 3 202 1795 16 6 8 10 0 
95536 739 651 224 4 713 111 3 255 1732 8 6 4 14 0 
95568 706 592 212 3 772 116 4 217 1773 10 5 8 14 0 
95527 776 649 228 7 689 106 5 216 1751 13 9 9 14 1 
95623 636 600 221 7 705 107 1 212 1845 17 5 9 12 0 
95686 708 563 214 2 679 100 6 230 1773 12 6 7 14 0 
95539 716 580 241 7 743 108 2 235 1787 15 1 10 16 0 
95585 702 571 246 7 731 113 8 241 1761 8 3 10 14 0 
95695 707 564 197 1 761 97 6 228 1700 15 6 10 13 0 
95678 687 547 193 4 750 113 5 203 1768 17 11 5 19 0 
95559 766 590 229 3 694 93 7 221 1796 15 7 9 11 0 
95648 685 586 227 1 691 107 5 217 1787 19 3 11 13 0 
95615 703 625 231 6 692 112 4 244 1732 12 5 10 9 0 
95607 707 594 243 1 701 132 1 209 1771 7 4 5 18 0 
95592 672 585 237 9 745 122 4 247 1753 13 2 7 12 0 
95584 721 616 208 6 731 107 4 222 1746 17 5 16 17 0 
95607 738 618 225 1 715 104 6 199 1746 14 0 13 14 0 
95605 717 588 226 7 747 112 2 213 1747 15 4 6 11 0 
95572 751 573 216 4 723 94 10 215 1791 18 6 14 13 0 
