95602 786 606 142 4 630 105 1 298 1790 12 3 15 6 0 
95701 817 573 124 7 621 103 0 330 1684 13 2 8 17 0 
95551 847 573 134 6 646 114 3 296 1786 18 5 13 8 0 
95505 811 587 139 7 648 121 2 338 1804 12 5 10 11 0 
95730 800 570 146 4 618 97 0 316 1673 14 8 12 12 0 
95668 817 584 126 10 578 115 7 332 1717 19 5 9 11 2 
95556 808 588 117 2 634 125 9 318 1792 16 8 15 12 0 
95587 761 627 149 6 570 116 3 326 1802 23 7 13 10 0 
95741 786 565 117 4 608 106 5 309 1719 14 6 7 13 0 
95587 800 619 125 3 621 111 1 310 1782 21 3 7 10 0 
95544 817 593 131 6 630 94 2 347 1799 10 8 8 11 0 
95665 777 630 124 0 603 97 7 317 1731 19 8 9 13 0 
95432 830 613 152 1 626 102 2 311 1887 15 4 10 15 0 
95572 853 659 139 2 600 110 5 296 1727 11 8 7 11 0 
95559 842 630 126 9 640 113 4 322 1710 17 10 8 10 0 
95580 825 579 123 4 615 120 5 334 1772 17 7 8 10 1 
95661 795 623 112 5 640 101 3 275 1736 20 7 12 10 0 
95542 826 649 154 3 593 102 4 312 1776 15 5 6 13 0 
95609 834 613 134 4 630 117 3 328 1685 20 2 11 10 0 
95552 771 638 132 4 618 85 8 320 1826 17 6 6 17 0 
95655 812 587 145 6 598 107 3 282 1763 19 6 6 11 0 
95551 794 604 147 7 611 116 8 345 1787 10 3 6 11 0 
95492 807 620 124 5 675 113 5 336 1780 16 5 13 8 1 
95495 838 641 138 7 660 121 6 305 1755 11 3 9 11 0 
95674 797 589 118 4 627 93 5 312 1737 13 4 15 12 0 
95650 803 615 123 1 644 96 4 276 1742 16 4 12 14 0 
95550 812 588 142 5 648 117 6 354 1748 10 4 10 6 0 
95647 757 589 146 4 642 120 3 317 1743 8 8 8 8 0 
95617 826 519 137 4 650 112 4 324 1763 17 6 11 10 0 
95516 814 624 125 7 658 112 6 320 1777 14 8 6 12 1 
95601 810 604 123 3 605 117 2 329 1768 17 2 11 8 0 
95634 816 586 137 11 622 107 4 327 1714 10 6 12 14 0 
95663 791 602 139 6 628 105 2 321 1707 13 3 10 10 0 
95715 809 609 103 4 632 87 4 292 1707 16 4 11 7 0 
95520 803 595 136 3 656 109 5 303 1826 19 4 11 10 0 
95613 801 616 135 6 627 111 3 299 1739 20 2 14 14 0 
95621 800 604 127 2 645 104 5 283 1764 16 11 12 6 0 
95614 818 590 126 3 639 103 5 302 1762 14 4 5 15 0 
95540 826 623 131 2 637 131 4 297 1771 15 4 6 13 0 
95560 804 605 131 5 634 109 5 309 1790 13 5 20 10 0 
95619 814 600 138 6 614 116 4 343 1707 18 4 9 8 0 
95603 783 602 136 6 627 106 2 333 1764 15 2 7 14 0 
95576 821 605 146 3 571 111 2 331 1793 17 5 9 10 0 
95571 790 606 154 3 617 118 4 314 1782 22 5 9 5 0 
95711 826 592 128 6 621 101 6 302 1671 14 4 8 10 0 
95604 806 596 141 3 632 103 4 297 1778 17 7 4 8 0 
95621 741 574 126 8 624 115 7 290 1864 10 7 3 9 1 
95605 825 584 133 3 608 109 3 342 1750 19 2 11 6 0 
95607 793 585 121 2 601 99 1 315 1821 22 7 13 13 0 
95533 835 577 144 5 660 108 10 329 1758 20 6 7 8 0 
95615 787 611 122 7 627 106 5 303 1773 15 6 7 16 0 
95517 808 640 139 4 634 109 7 321 1781 8 5 10 16 1 
95718 819 583 141 2 580 96 2 340 1678 17 2 15 7 0 
95643 803 577 141 4 649 85 6 322 1730 14 3 11 11 1 
95577 796 616 130 3 657 121 4 327 1727 17 5 10 10 0 
95522 817 636 124 2 638 111 4 308 1797 15 6 9 11 0 
95611 838 597 124 7 617 119 5 294 1748 13 5 11 11 0 
95625 828 589 131 3 603 105 2 291 1777 17 1 15 13 0 
95513 802 614 157 10 644 105 6 297 1817 13 2 11 9 0 
95738 838 526 123 8 626 118 4 298 1690 8 5 10 8 0 
95504 816 616 129 10 660 119 6 315 1777 14 11 8 15 0 
95506 858 568 130 3 644 129 5 337 1787 15 7 4 7 0 
95592 803 574 135 5 668 102 2 343 1738 11 6 14 7 0 
95597 780 655 137 4 607 125 4 312 1742 16 7 5 9 0 
95494 813 629 113 2 629 121 2 341 1809 16 1 15 15 0 
95645 788 617 133 5 609 103 4 290 1759 14 5 16 12 0 
95505 785 623 158 4 654 92 4 314 1824 17 2 8 10 0 
95555 831 578 146 6 654 105 4 333 1743 11 9 10 15 0 
95724 771 585 124 2 630 107 6 310 1697 15 4 13 12 0 
95575 790 627 134 4 633 102 1 308 1784 15 5 10 12 0 
95612 817 594 120 8 633 116 8 324 1726 16 4 9 12 1 
95648 809 602 110 12 622 99 5 291 1769 9 6 12 6 0 
95658 817 572 124 4 640 98 6 314 1730 17 1 11 8 0 
95654 788 590 123 6 593 95 5 320 1775 22 4 13 12 0 
95485 809 636 131 7 663 131 3 335 1752 20 9 7 12 0 
95622 831 561 118 4 615 90 6 334 1767 21 4 12 14 1 
95516 834 614 121 5 648 110 4 319 1791 16 5 8 9 0 
95631 820 585 109 4 630 117 2 325 1746 15 3 2 11 0 
95576 795 599 143 6 633 90 6 324 1784 13 5 10 16 0 
95596 820 596 120 9 649 100 5 331 1728 16 4 17 9 0 
95627 781 625 136 7 587 99 6 310 1787 12 6 11 6 0 
95650 799 631 140 4 617 103 3 295 1723 19 3 6 7 0 
95594 860 600 127 3 598 100 5 329 1750 15 6 6 7 0 
95603 837 610 134 2 614 94 6 322 1730 19 5 8 16 0 
95635 801 607 126 4 619 123 3 315 1732 10 9 11 5 0 
95526 811 601 120 5 695 122 4 339 1745 16 2 5 9 0 
95548 795 622 143 4 668 105 12 326 1725 18 8 15 11 0 
95537 787 588 153 7 646 116 1 343 1793 11 7 6 5 0 
95581 800 598 126 2 642 100 9 317 1779 18 5 11 12 0 
95671 800 618 111 1 614 100 7 329 1703 15 8 11 11 1 
95637 803 578 119 3 603 128 4 351 1732 19 5 13 5 0 
95460 813 666 136 7 630 120 4 313 1796 27 3 13 12 0 
95618 804 627 117 3 596 111 4 294 1781 17 7 9 12 0 
95605 797 606 140 4 598 109 5 297 1801 14 5 11 8 0 
95610 788 611 141 0 613 91 2 335 1766 22 7 10 4 0 
95600 822 601 126 5 633 122 3 288 1744 24 7 13 12 0 
95570 818 606 142 4 607 128 2 304 1792 8 4 8 7 0 
95575 819 625 130 6 588 133 4 317 1774 16 2 7 4 0 
95574 799 633 138 10 583 109 6 332 1771 17 5 13 10 0 
95604 815 590 133 6 643 105 6 307 1758 14 3 10 6 0 
95472 798 628 130 6 605 119 5 335 1852 22 4 9 15 0 
95451 782 624 153 1 661 120 4 330 1843 13 3 8 7 0 
95546 807 634 142 3 629 125 6 314 1760 11 6 3 14 0 
95652 757 598 139 5 595 99 2 347 1775 12 4 7 8 0 
95589 818 612 145 5 626 110 6 311 1730 19 8 10 11 0 
95738 764 590 129 2 635 105 5 294 1693 15 8 11 11 0 
95610 843 616 125 6 599 106 4 375 1682 7 3 15 9 0 
95503 814 616 131 5 603 99 6 358 1819 19 10 7 10 0 
95675 785 613 141 3 645 105 6 301 1683 19 4 11 9 0 
95514 845 626 149 5 635 129 5 313 1745 12 4 6 12 0 
95585 822 653 120 4 670 94 4 314 1698 13 5 11 7 0 
95576 837 610 134 4 648 116 5 291 1750 11 1 7 10 0 
95673 797 569 153 0 627 110 5 303 1732 10 5 8 8 0 
95567 787 575 131 8 660 110 6 318 1794 18 4 10 12 0 
95632 745 612 127 3 609 113 5 302 1813 14 8 7 10 0 
95612 798 598 136 3 585 117 7 332 1770 22 7 5 8 0 
95578 832 628 139 6 656 93 8 324 1691 14 5 15 11 0 
95487 865 615 137 6 631 126 6 310 1776 14 6 14 7 0 
95461 850 618 143 9 655 110 4 311 1804 10 11 5 9 0 
95686 815 590 115 3 617 109 6 293 1721 22 7 10 6 0 
95761 795 593 137 3 575 99 5 303 1699 15 2 6 7 0 
95634 805 620 133 4 599 111 6 308 1743 13 6 14 4 0 
95550 812 608 130 3 624 102 6 347 1777 17 3 12 9 0 
95583 850 594 138 3 629 120 1 291 1751 21 6 5 8 0 
95627 862 564 150 2 629 110 3 312 1697 15 7 7 15 0 
95491 810 609 115 1 658 112 5 347 1795 32 8 8 8 1 
95498 833 623 133 6 607 106 8 306 1826 24 5 11 14 0 
95635 838 578 121 3 647 98 4 315 1733 11 8 4 5 0 
95621 821 576 117 5 623 119 6 292 1786 10 4 9 11 0 
95540 820 624 142 2 607 111 10 338 1762 16 6 9 13 0 
95657 804 589 144 3 595 103 3 305 1755 16 4 9 13 0 
95566 783 631 126 3 617 106 2 347 1786 11 4 11 7 0 
95622 819 582 128 3 636 91 3 304 1769 13 2 12 16 0 
95493 780 608 147 2 624 123 4 333 1829 22 8 12 15 0 
95637 784 599 126 6 618 102 6 311 1767 20 3 10 11 0 
95563 868 578 132 4 614 87 3 321 1777 20 12 11 10 0 
95550 839 590 136 4 627 114 4 297 1800 15 3 12 9 0 
95565 805 633 137 2 612 122 3 328 1759 10 4 10 10 0 
95551 870 631 118 4 612 108 6 338 1712 19 5 14 12 0 
95518 844 614 132 3 628 107 1 328 1781 20 9 8 7 0 
95606 803 614 110 7 631 107 4 326 1749 15 5 15 8 0 
95570 780 623 151 4 598 129 5 327 1779 15 5 4 10 0 
95504 841 629 127 6 636 119 4 306 1793 13 3 9 10 0 
95668 788 603 135 7 640 125 6 301 1693 12 5 9 8 0 
95489 876 594 165 11 662 91 7 318 1744 15 7 8 13 0 
95588 768 630 142 4 651 119 2 325 1734 15 4 7 11 0 
95548 790 596 138 3 638 125 5 316 1800 13 7 7 14 0 
95604 791 591 140 4 682 107 7 309 1731 12 6 4 12 0 
95622 820 635 115 3 613 102 6 320 1718 14 5 13 14 0 
95480 830 614 138 10 655 120 3 341 1766 18 4 10 11 0 
95622 753 598 119 4 668 114 3 318 1772 9 3 2 15 0 
95578 764 623 120 2 652 117 4 316 1779 18 5 12 10 0 
95539 804 625 116 3 669 120 5 351 1721 17 10 10 10 0 
95599 839 632 110 3 626 122 8 287 1733 18 1 10 12 0 
95503 873 578 157 1 591 127 6 295 1819 20 8 8 14 0 
95614 848 603 112 2 607 107 5 320 1736 27 6 10 3 0 
95528 802 580 141 5 648 123 6 319 1808 12 5 13 10 0 
95459 813 612 123 1 682 119 3 324 1828 11 6 7 12 0 
95508 842 615 138 8 669 112 6 326 1744 16 1 8 7 0 
95524 823 615 128 5 633 113 4 319 1796 14 6 10 10 0 
95438 911 598 134 2 622 101 4 337 1814 18 3 12 6 0 
95557 835 587 151 6 606 131 4 322 1764 15 7 7 8 0 
95521 846 660 124 3 615 93 6 347 1746 25 4 4 6 0 
95660 800 590 125 3 598 101 5 342 1737 18 5 9 7 0 
95522 807 625 133 4 687 121 6 333 1726 10 6 9 11 0 
95638 802 623 135 4 625 108 6 294 1730 15 5 6 9 0 
95594 825 593 135 9 603 103 6 319 1777 13 9 8 6 0 
95696 816 569 138 7 608 119 6 298 1709 12 6 6 10 0 
95644 793 609 152 2 602 84 8 294 1772 21 5 6 8 0 
95619 820 556 128 6 670 102 3 337 1720 21 4 4 10 0 
95511 820 594 148 8 620 108 5 297 1847 19 6 8 9 0 
95584 824 570 109 3 702 144 5 303 1714 16 5 13 8 0 
95631 820 582 147 5 620 107 2 293 1747 18 4 15 9 0 
95659 820 561 133 2 650 120 8 300 1718 11 6 6 6 0 
95579 741 608 136 4 677 114 3 319 1782 15 6 8 8 0 
95685 768 577 145 2 600 111 4 324 1740 20 8 7 9 0 
95601 821 625 127 3 622 123 4 323 1720 9 6 8 8 0 
95574 836 604 113 6 647 107 6 302 1760 19 6 9 11 0 
95557 828 593 127 3 632 113 3 311 1787 22 5 11 8 0 
95548 806 612 130 5 677 106 4 317 1755 12 4 10 14 0 
95518 852 584 142 3 677 99 7 300 1766 21 9 8 14 0 
95532 835 627 133 1 624 122 4 329 1758 11 3 9 12 0 
95597 794 645 123 4 624 128 8 304 1735 12 4 12 10 0 
95585 778 622 129 3 670 104 3 331 1733 18 7 10 7 0 
95554 791 614 136 8 632 101 4 345 1767 17 6 15 10 0 
95611 796 593 143 6 660 106 4 320 1729 6 4 12 10 0 
95543 818 594 145 3 648 117 6 316 1770 14 4 8 14 0 
95537 831 612 147 2 659 100 8 329 1736 15 5 10 9 0 
95540 805 585 131 6 649 116 5 317 1815 14 2 5 10 0 
95528 792 600 129 3 631 109 5 349 1814 12 6 11 11 0 
95664 804 576 124 6 614 112 7 307 1743 20 4 8 11 0 
95492 861 624 121 4 618 129 8 308 1790 20 7 8 10 0 
95642 775 640 113 3 640 132 2 292 1726 14 5 8 8 0 
95473 815 592 124 4 672 124 7 316 1839 13 6 10 5 0 
95581 831 625 140 3 629 105 4 275 1775 14 5 5 8 0 
95473 778 604 148 2 634 132 5 357 1826 16 6 9 10 0 
95583 837 607 122 7 636 100 4 322 1753 6 5 6 12 0 
95583 792 613 132 4 627 121 4 336 1745 18 7 7 11 0 
95733 813 574 108 4 579 104 8 333 1705 19 3 7 10 0 
95608 733 644 126 9 647 111 1 342 1733 15 11 11 9 0 
95677 799 575 136 6 600 116 7 333 1707 17 5 9 13 0 
95576 828 588 144 7 630 104 4 299 1777 15 4 10 13 1 
95549 839 622 137 4 572 111 3 366 1757 11 6 12 11 0 
95611 817 588 125 7 602 91 5 365 1757 12 9 2 9 0 
95573 782 548 164 4 668 96 2 314 1809 21 4 6 9 0 
95634 819 584 112 1 632 108 4 326 1741 23 6 5 5 0 
95632 829 577 118 2 655 112 5 330 1704 11 5 7 13 0 
95509 857 610 148 4 653 105 5 320 1751 12 6 13 7 0 
95636 818 551 124 4 622 117 4 325 1767 14 6 5 7 0 
95716 848 570 111 5 613 113 3 299 1675 20 7 10 10 0 
95637 823 613 139 5 602 100 2 306 1740 12 6 9 6 0 
95629 843 602 142 4 627 111 3 320 1677 19 5 6 12 0 
95668 736 584 134 8 605 97 6 349 1772 17 3 10 10 1 
95577 815 635 110 2 617 98 4 330 1762 18 7 15 10 0 
95564 826 634 114 5 651 97 8 326 1734 16 1 9 15 0 
95541 852 560 137 4 648 97 6 334 1780 16 4 11 10 0 
95645 828 592 135 5 585 122 4 306 1733 14 3 14 14 0 
95688 794 559 147 8 646 108 9 310 1694 20 4 4 9 0 
95541 777 644 125 3 701 88 2 330 1740 17 4 13 15 0 
95592 772 585 116 8 639 114 5 329 1803 11 5 11 10 0 
95637 807 566 138 5 595 126 2 312 1764 26 5 10 7 0 
95579 822 644 136 3 650 109 7 301 1704 21 5 7 12 0 
95604 789 629 139 1 615 96 1 316 1756 18 8 15 13 0 
95593 819 619 132 7 630 115 5 302 1740 18 4 6 10 0 
95474 867 625 126 7 598 99 7 328 1832 15 4 13 5 0 
95619 806 588 135 2 621 106 5 316 1757 20 7 9 9 0 
95626 801 641 136 9 585 103 4 298 1752 19 6 3 17 0 
95600 798 608 122 7 607 104 4 305 1807 20 3 10 5 0 
95591 805 594 128 5 612 102 7 316 1799 15 6 6 14 0 
95612 846 594 121 3 608 103 6 314 1752 12 4 11 14 0 
95709 793 554 128 3 597 89 4 297 1792 13 3 9 9 0 
95621 844 551 130 4 635 105 3 318 1743 16 3 8 19 0 
95586 798 599 133 7 622 93 5 314 1810 12 4 9 8 0 
95517 816 587 152 3 671 100 2 317 1791 13 5 11 15 0 
95532 825 603 139 5 656 108 9 343 1741 15 4 13 7 0 
95484 835 609 155 10 617 125 8 328 1786 18 5 11 9 0 
95552 835 604 141 2 607 106 3 342 1780 9 2 10 7 0 
95555 818 612 128 5 621 100 2 339 1787 15 8 7 3 0 
95550 838 593 136 4 652 90 4 304 1774 21 11 9 14 0 
95578 812 582 149 5 629 115 8 306 1774 16 5 12 9 0 
95696 814 572 124 3 583 116 5 307 1738 19 3 9 11 0 
95577 812 604 133 6 647 120 9 330 1720 17 3 11 11 0 
95661 808 583 121 3 641 112 7 298 1734 9 10 8 5 0 
95581 830 591 133 5 637 91 2 333 1746 23 12 10 6 0 
95571 833 644 129 8 622 115 5 305 1735 13 3 6 11 0 
95599 767 584 132 7 598 104 4 336 1819 18 6 13 13 0 
95657 764 626 129 7 647 115 6 315 1701 16 2 8 7 0 
95661 794 626 126 8 611 93 1 310 1727 17 5 8 13 0 
95670 799 576 110 3 649 92 1 313 1744 19 5 9 10 0 
95513 804 634 130 8 645 115 6 293 1816 14 6 11 5 0 
95541 842 581 130 1 638 93 2 350 1777 16 5 13 10 1 
95585 837 610 146 6 636 104 5 311 1724 16 5 6 9 0 
95564 787 610 152 1 642 111 5 305 1781 16 6 10 10 0 
95689 842 560 133 5 585 94 4 313 1735 13 4 9 14 0 
95461 802 629 124 4 664 120 4 329 1809 23 4 13 14 0 
95648 800 607 115 4 632 103 1 295 1742 24 6 11 11 1 
95640 766 626 140 5 628 120 4 298 1738 15 8 6 6 0 
95600 775 620 132 4 659 116 5 289 1761 13 9 3 14 0 
95470 847 647 131 4 618 108 6 312 1816 14 4 13 10 0 
95544 847 632 132 6 590 108 4 314 1785 15 4 14 5 0 
95512 838 650 133 6 655 108 3 324 1731 14 6 11 9 0 
95515 850 609 125 5 637 125 8 335 1759 12 8 5 7 0 
95612 806 569 153 6 615 110 2 311 1766 17 5 17 10 1 
95584 810 596 147 4 611 121 3 322 1770 11 5 11 5 0 
95520 820 628 164 5 631 99 5 344 1743 17 8 5 11 0 
95676 780 596 161 2 574 112 4 340 1715 11 4 12 13 0 
95588 812 622 142 6 626 102 4 300 1752 15 8 8 14 1 
95614 785 585 144 9 631 105 2 286 1794 19 9 8 9 0 
95454 854 666 120 4 614 103 4 325 1816 24 5 4 7 0 
95498 849 623 129 2 622 110 2 324 1794 22 7 10 8 0 
95546 801 597 138 6 668 103 2 286 1811 18 6 7 11 0 
95601 787 585 128 6 660 104 5 308 1774 19 0 8 15 0 
95512 866 602 147 6 639 106 5 328 1739 21 13 7 9 0 
95625 811 625 117 5 597 102 10 279 1777 19 5 14 14 0 
95651 787 592 151 4 592 115 4 310 1752 21 4 9 8 0 
95529 860 581 135 3 631 105 3 334 1785 14 5 9 6 0 
95664 818 614 131 3 613 92 2 277 1750 10 8 8 9 1 
95615 791 568 155 5 641 108 9 332 1746 13 2 11 4 0 
95632 772 583 149 3 649 115 7 323 1735 17 3 7 5 0 
95656 782 587 126 4 640 125 1 314 1732 9 5 7 12 0 
95539 843 590 118 5 640 99 7 325 1789 20 8 5 12 0 
95528 834 603 155 9 598 105 0 331 1791 21 5 8 12 0 
95526 825 590 130 8 634 107 2 331 1806 16 5 8 12 0 
95589 823 624 103 2 661 99 2 304 1755 11 4 15 8 0 
95602 823 608 119 2 615 109 2 309 1765 21 5 12 8 0 
95660 794 580 133 3 592 107 6 317 1770 12 4 8 14 0 
95582 797 621 144 2 631 116 5 328 1742 11 5 5 9 2 
95615 821 584 130 1 607 106 7 326 1771 11 3 8 10 0 
95685 775 565 130 3 657 117 10 304 1717 21 3 6 7 0 
95620 820 554 139 5 649 113 5 290 1759 14 4 10 18 0 
95604 827 581 129 3 622 116 5 311 1758 18 7 8 11 0 
95679 767 572 128 7 619 126 2 308 1758 14 2 10 8 0 
95517 795 610 134 3 676 98 7 312 1802 24 8 9 5 0 
95578 800 587 140 1 632 101 2 280 1837 18 6 9 9 0 
95656 808 553 137 6 630 114 1 307 1749 17 6 6 10 0 
95572 832 623 115 8 681 98 5 335 1689 12 8 12 10 0 
95568 820 581 136 1 620 114 5 340 1771 15 3 11 15 0 
95548 873 619 136 5 598 123 3 319 1734 15 6 9 12 0 
95588 832 585 131 3 631 111 3 301 1773 20 5 6 11 0 
95647 777 602 132 2 634 106 3 353 1714 8 3 12 7 0 
95553 764 635 134 9 669 102 2 296 1792 20 4 12 8 0 
95701 816 576 118 2 655 102 2 297 1693 11 7 10 9 1 
95471 824 641 147 5 637 119 8 339 1773 15 2 11 8 0 
95480 817 645 146 5 637 132 8 321 1768 21 4 7 9 0 
95606 773 622 147 5 663 103 3 285 1761 15 3 5 9 0 
95607 773 541 153 5 640 110 4 333 1800 16 4 8 6 0 
95611 797 560 132 3 630 108 6 346 1777 16 4 5 5 0 
95730 791 574 132 3 616 102 5 316 1688 20 5 9 9 0 
95521 826 661 113 4 614 103 2 339 1781 14 3 9 10 0 
95504 816 593 144 6 626 101 3 316 1858 11 7 7 8 0 
95631 766 598 146 1 609 122 9 289 1784 19 4 11 11 0 
95659 793 633 135 3 600 103 6 332 1701 15 8 2 10 0 
95541 826 616 126 9 607 116 12 325 1790 14 1 10 7 0 
95729 810 565 130 2 592 104 2 303 1734 11 3 7 8 0 
95516 813 625 141 5 653 115 3 324 1769 16 2 7 11 0 
95609 837 611 130 6 597 118 6 315 1727 9 5 16 13 1 
95651 824 611 137 1 582 121 8 306 1713 12 7 8 19 0 
95620 799 618 127 4 633 102 2 309 1751 12 3 12 8 0 
95596 831 569 142 7 634 103 3 355 1720 19 3 12 6 0 
95496 809 585 142 5 611 125 3 320 1854 19 10 9 12 0 
95647 823 623 132 8 613 105 3 318 1692 19 2 6 9 0 
95611 839 633 112 3 645 111 3 318 1683 16 0 15 11 0 
95701 776 584 141 5 597 119 7 313 1709 18 8 9 13 0 
95520 820 646 131 8 651 104 8 337 1729 12 5 14 15 0 
95523 843 649 133 7 614 110 4 349 1733 14 1 12 8 0 
95472 820 583 125 6 647 113 2 322 1874 14 3 11 8 0 
95527 809 631 128 4 633 111 9 326 1786 16 1 8 10 1 
95518 828 636 135 4 609 100 1 330 1792 21 5 7 14 0 
95615 775 607 132 6 615 111 4 335 1753 26 5 10 6 0 
95575 833 604 137 7 640 117 6 290 1739 23 6 9 14 0 
95685 799 572 118 5 617 114 4 331 1716 16 2 11 10 0 
95500 841 637 126 5 694 105 4 322 1738 10 7 5 6 0 
95597 785 588 131 7 619 107 6 311 1808 21 9 1 10 0 
95561 804 604 139 6 636 87 5 324 1802 16 4 10 2 0 
95517 810 594 140 3 659 119 5 298 1814 13 4 12 12 0 
95648 783 612 113 3 598 103 5 300 1794 16 5 9 11 0 
95601 819 599 143 8 605 97 7 331 1758 12 7 6 7 0 
95622 776 608 112 5 644 92 8 344 1750 14 7 8 10 0 
95587 817 612 123 4 627 119 2 336 1721 18 5 17 12 0 
95637 786 612 126 7 654 111 5 327 1694 20 3 8 10 0 
95635 808 592 128 4 635 103 8 288 1768 12 4 9 6 0 
95592 827 573 142 8 647 125 4 323 1724 17 4 5 9 0 
95522 773 631 123 2 673 122 4 329 1790 8 3 9 11 0 
95532 828 628 124 8 630 105 5 341 1767 11 2 6 13 0 
95590 840 605 113 3 644 104 3 342 1721 12 4 13 6 0 
95642 824 613 137 0 580 103 5 289 1758 17 5 10 17 0 
95663 772 598 122 7 655 112 5 340 1682 18 4 7 15 0 
95571 836 622 129 6 671 102 5 322 1703 17 4 5 7 0 
95660 779 607 138 4 600 125 3 291 1744 17 6 13 13 0 
95661 809 616 118 6 642 102 5 301 1705 10 6 6 13 0 
95713 761 585 126 8 609 117 3 300 1747 16 4 4 7 0 
95667 812 580 144 5 601 107 5 318 1719 12 6 6 18 0 
95525 826 588 109 5 651 133 4 306 1817 17 1 9 9 0 
95471 830 652 133 5 661 92 3 306 1790 19 9 14 15 0 
95680 830 591 130 2 616 104 4 293 1707 20 6 9 8 0 
95638 811 594 123 7 597 125 4 310 1757 11 6 4 12 1 
95486 802 637 136 4 681 123 3 323 1764 17 6 9 9 0 
95614 823 592 130 10 645 132 7 289 1720 14 9 9 6 0 
95605 797 616 111 0 638 98 1 314 1774 15 12 7 12 0 
95528 858 621 144 3 624 100 9 330 1740 16 5 7 15 0 
95594 827 605 139 5 631 124 7 303 1729 17 4 9 6 0 
95591 827 623 128 6 629 114 6 314 1738 11 5 3 5 0 
95648 815 587 137 4 613 108 6 324 1708 22 9 10 9 0 
95705 780 595 118 7 600 107 7 320 1723 10 7 7 14 0 
95628 802 631 134 7 630 104 10 297 1713 16 8 8 12 0 
95653 799 602 137 3 630 103 3 307 1722 16 10 10 4 1 
95683 828 601 136 6 561 118 2 332 1688 13 6 14 12 0 
95596 867 577 102 5 626 106 7 335 1737 17 3 5 17 0 
95459 796 641 131 7 657 124 6 313 1831 13 5 7 10 0 
95574 844 586 130 3 643 110 4 319 1763 11 1 5 7 0 
95554 851 588 120 7 620 115 2 327 1775 19 7 7 8 0 
95492 882 606 138 9 650 112 4 318 1750 9 3 11 16 0 
95656 812 593 163 4 666 103 4 312 1650 14 1 9 13 0 
95583 794 658 134 4 620 106 3 317 1744 14 5 8 10 0 
95626 818 594 119 1 625 120 8 282 1743 27 4 18 15 0 
95475 853 581 142 7 624 110 8 328 1830 18 5 9 10 0 
95590 797 631 136 7 617 96 3 317 1769 16 4 8 9 0 
95582 803 603 133 2 645 121 8 311 1749 15 7 10 11 0 
95675 795 602 139 3 625 102 6 334 1676 15 7 7 14 0 
95600 833 570 119 4 614 100 3 322 1790 13 7 10 15 0 
95669 782 567 139 5 636 115 4 326 1728 15 2 6 5 1 
95559 827 601 118 3 628 103 3 322 1804 15 0 11 6 0 
95507 795 609 124 5 647 124 5 357 1771 23 3 14 16 0 
95674 804 553 130 11 609 112 5 342 1719 15 5 9 12 0 
95565 827 600 126 5 621 87 6 344 1786 14 5 7 7 0 
95655 805 571 134 7 620 112 2 301 1756 9 1 13 14 0 
95598 813 575 139 9 624 107 4 326 1759 16 8 10 12 0 
95593 810 566 141 4 644 117 7 337 1746 14 5 8 8 0 
95670 797 590 115 4 665 108 3 296 1716 14 2 10 10 0 
95698 766 547 106 8 610 124 4 297 1799 15 7 9 10 0 
95509 794 631 148 7 654 133 4 330 1742 23 2 13 10 0 
95636 800 619 139 7 611 113 6 301 1733 13 4 9 9 0 
95562 854 620 155 6 595 129 3 323 1717 12 3 7 14 0 
95635 827 553 148 5 617 119 8 333 1716 14 7 8 10 0 
95501 839 627 129 4 633 130 5 351 1750 10 6 5 10 0 
95561 787 611 136 4 621 100 3 321 1820 20 2 11 3 0 
95582 803 610 143 5 615 109 6 299 1780 15 8 12 13 0 
95668 782 609 131 6 616 129 5 322 1686 20 1 10 15 0 
95503 876 612 106 8 606 117 3 311 1814 14 7 16 7 0 
95670 827 570 114 4 605 99 6 317 1746 18 4 11 9 0 
95559 765 576 148 2 608 118 2 359 1825 10 5 13 10 0 
95652 792 589 139 4 586 113 5 300 1781 19 2 11 7 0 
95621 827 549 166 4 630 111 10 344 1709 10 7 4 8 0 
95431 866 637 157 4 633 107 5 335 1779 13 4 12 17 0 
95567 807 613 151 3 599 108 5 328 1784 14 5 8 8 0 
95496 817 582 125 4 640 118 3 321 1850 16 3 12 13 0 
95558 831 581 124 1 642 111 7 287 1826 13 1 12 6 0 
95659 815 580 123 2 599 131 4 310 1732 20 4 10 10 1 
95555 822 565 142 5 637 107 7 326 1791 15 5 11 12 0 
95575 844 602 128 4 622 99 6 326 1756 15 3 9 11 0 
95712 769 556 132 3 630 111 5 328 1712 16 4 8 14 0 
95659 814 585 116 7 636 107 2 320 1717 15 4 9 9 0 
95702 796 603 131 4 609 113 2 296 1705 15 3 10 11 0 
95510 841 641 139 8 613 107 2 319 1783 12 7 4 14 0 
95764 778 573 133 3 619 126 5 308 1656 14 6 9 6 0 
95500 837 610 146 4 669 117 7 336 1739 15 5 5 10 0 
95611 808 601 147 7 631 119 4 297 1733 16 2 12 11 1 
95632 838 603 118 6 633 119 5 305 1704 14 1 10 12 0 
95528 852 636 137 5 630 99 3 328 1743 12 4 13 10 0 
95502 827 670 154 2 638 107 2 298 1753 21 2 11 13 0 
95658 788 599 123 2 599 120 4 338 1730 16 5 10 8 0 
95540 837 625 140 5 604 119 4 335 1747 23 2 11 8 0 
95625 816 564 145 5 628 100 2 323 1752 14 7 11 8 0 
95641 878 526 137 3 649 112 8 274 1732 18 5 10 7 0 
95612 836 574 143 4 631 99 3 303 1747 19 6 12 11 0 
95500 828 618 128 6 635 113 4 306 1815 21 2 8 16 0 
95663 764 609 150 7 608 104 6 305 1743 17 2 6 16 0 
95562 796 596 137 10 625 115 8 323 1779 15 8 13 13 0 
95562 822 600 138 12 611 112 4 322 1771 19 1 12 14 0 
95573 851 588 117 5 622 99 5 304 1790 19 8 12 7 0 
95525 839 575 130 6 640 115 6 366 1763 16 1 8 10 0 
95529 812 627 160 4 613 110 6 321 1774 15 5 9 14 1 
95618 834 589 144 4 614 97 7 298 1759 18 5 6 7 0 
95553 791 617 121 1 635 106 5 333 1799 15 5 9 9 1 
95653 848 609 122 4 612 102 5 327 1672 19 4 9 14 0 
95668 783 581 130 3 624 117 4 301 1739 29 6 3 11 1 
95579 808 621 134 6 602 110 3 316 1779 15 7 14 6 0 
95615 839 588 130 5 628 101 6 314 1730 19 2 11 12 0 
95538 806 640 140 5 628 118 7 314 1770 16 4 6 8 0 
95644 782 611 135 2 619 119 1 312 1733 11 9 13 9 0 
95585 829 626 130 6 628 108 3 363 1692 13 4 7 6 0 
95545 812 553 126 3 683 105 2 342 1777 19 4 15 14 0 
95626 801 592 135 6 608 106 5 326 1764 15 4 5 7 0 
95628 832 554 137 0 601 111 5 303 1796 13 7 7 6 0 
95494 846 643 128 8 615 108 4 305 1814 15 5 9 6 0 
95655 806 584 115 2 632 110 3 298 1745 19 7 12 12 0 
95609 780 578 132 4 587 115 6 321 1834 15 1 2 16 0 
95601 791 620 135 3 633 91 4 319 1765 8 4 11 15 0 
95675 818 596 123 4 656 106 4 285 1691 16 11 7 8 0 
95601 849 602 123 2 656 110 3 281 1726 15 7 11 14 0 
95563 827 576 124 5 672 107 3 323 1762 12 6 6 14 0 
95626 878 574 132 2 604 106 3 305 1729 18 3 7 13 0 
95619 760 633 116 5 617 111 4 353 1744 19 7 8 4 0 
95678 767 606 110 2 629 99 5 291 1775 13 7 8 10 0 
95406 855 629 145 3 622 100 4 355 1837 11 9 12 12 0 
95650 822 596 117 3 591 114 6 318 1747 12 5 8 11 0 
95587 827 601 128 3 639 104 1 314 1757 15 4 7 13 0 
95623 804 586 110 4 583 115 5 363 1760 26 3 8 10 0 
95614 759 615 106 4 636 115 4 338 1776 11 2 10 10 0 
95567 805 583 141 5 653 102 3 311 1789 17 5 10 9 0 
95620 818 616 119 6 651 98 7 315 1699 17 8 17 9 0 
95667 868 613 124 1 597 85 5 306 1692 16 5 13 8 0 
95495 820 660 122 3 599 100 4 353 1800 14 7 7 16 0 
95650 779 553 130 6 626 108 4 299 1808 14 4 8 11 0 
95606 826 592 125 7 640 109 10 320 1722 16 5 14 8 0 
95593 766 640 143 2 624 100 4 283 1797 23 3 9 13 0 
95644 805 631 111 3 562 132 4 338 1729 19 2 8 12 0 
95629 839 582 141 7 605 105 5 340 1708 18 4 8 9 0 
95562 821 570 131 6 635 111 8 306 1809 18 5 11 7 0 
95642 790 592 134 5 638 112 9 308 1739 14 5 4 8 0 
95668 764 632 125 5 633 123 3 319 1693 14 3 8 10 0 
95488 849 595 132 7 637 115 4 316 1816 13 8 8 12 0 
95552 869 623 121 7 640 102 3 308 1731 12 7 11 14 0 
95660 806 593 116 6 638 110 4 323 1703 19 6 10 6 0 
95574 874 609 140 2 641 114 2 274 1720 18 4 16 12 0 
95658 821 573 135 4 621 115 5 293 1744 9 2 9 11 0 
95628 784 611 132 5 570 122 5 344 1767 11 7 6 8 0 
95601 768 640 132 6 626 119 5 311 1752 17 6 9 8 0 
95578 803 650 150 8 642 104 4 316 1715 13 1 9 7 0 
95558 849 591 153 3 631 110 2 319 1737 20 6 11 10 0 
95550 838 601 135 4 646 100 6 334 1740 16 6 13 11 0 
95619 799 620 141 5 609 105 9 333 1720 14 2 7 17 0 
95498 869 601 136 8 658 135 2 315 1731 21 3 11 12 0 
95699 856 617 141 2 590 104 1 317 1640 14 2 9 8 0 
95483 818 624 139 4 658 111 5 312 1803 17 7 10 9 0 
95638 860 588 118 11 613 88 5 325 1716 11 3 13 11 0 
95644 827 589 130 5 600 103 3 320 1736 18 2 12 11 0 
95569 844 623 124 6 605 134 6 303 1757 16 2 3 8 0 
95624 839 625 137 3 605 108 3 322 1696 14 5 11 8 0 
95548 852 581 117 6 645 114 7 317 1771 15 7 11 8 1 
95709 778 605 123 4 648 102 6 289 1691 22 8 8 7 0 
95628 802 599 120 6 621 100 6 294 1790 11 6 8 9 0 
95630 857 633 129 2 607 95 5 306 1698 17 5 7 9 0 
95534 812 587 137 5 651 120 2 341 1779 13 4 8 7 0 
95547 841 609 116 1 629 124 7 324 1761 11 9 13 8 0 
95536 830 611 149 1 656 107 7 327 1738 16 4 10 8 0 
95626 805 609 125 5 625 110 8 343 1707 13 2 9 13 0 
95710 809 621 131 3 570 101 4 306 1698 17 4 9 17 0 
95550 777 611 140 4 648 123 7 328 1782 9 3 13 5 0 
95585 857 576 136 4 574 136 6 294 1790 24 1 5 12 0 
