95614 724 624 219 7 704 107 3 244 1710 12 4 16 12 0 
95580 780 615 219 9 658 112 1 218 1769 12 5 11 11 0 
95661 735 576 207 7 735 97 5 228 1713 9 5 11 11 0 
95510 742 622 207 5 712 108 5 282 1758 14 5 11 19 0 
95648 740 571 200 4 688 109 2 228 1770 21 5 5 9 0 
95650 704 640 213 5 663 94 9 258 1719 20 7 7 11 0 
95662 748 583 188 4 687 123 3 266 1705 13 2 8 8 0 
95434 769 598 215 4 754 104 4 261 1819 18 4 4 12 0 
95563 762 615 205 5 693 83 5 257 1770 15 3 5 19 0 
95487 763 607 206 6 673 94 7 235 1873 12 5 17 14 1 
95553 725 622 186 9 730 84 5 249 1797 14 9 10 7 0 
95534 747 620 213 4 669 98 3 218 1839 20 4 8 23 0 
95617 756 593 182 2 726 114 2 229 1737 10 6 11 14 1 
95593 773 579 205 5 703 99 6 251 1751 11 3 6 15 0 
95608 747 584 202 6 692 96 3 248 1770 22 2 10 10 0 
95607 675 597 186 5 719 120 6 257 1786 13 6 12 11 0 
95600 714 599 215 4 673 111 3 247 1781 21 7 7 18 0 
95612 728 629 200 8 717 98 4 237 1717 25 6 9 10 0 
95540 716 627 203 4 686 122 5 279 1787 11 5 3 12 0 
95591 742 624 204 6 741 109 8 223 1712 14 4 12 10 0 
95611 756 611 179 4 670 140 6 224 1757 14 7 13 8 0 
95554 741 663 215 6 697 106 7 222 1751 11 4 6 16 1 
95658 747 588 209 3 664 101 4 267 1730 9 5 6 9 0 
95748 686 599 211 2 693 99 3 227 1685 14 2 14 17 0 
95626 735 625 209 5 672 100 3 254 1727 13 8 9 14 0 
95644 754 595 178 2 691 94 1 291 1712 10 5 9 14 0 
95536 728 585 231 4 702 101 5 267 1791 17 6 13 14 0 
95663 764 565 202 2 686 111 3 233 1726 13 1 8 22 1 
95626 812 563 182 3 683 113 4 211 1765 14 0 7 16 1 
95565 742 610 189 7 703 111 3 247 1775 14 7 8 19 0 
95521 731 628 192 4 700 110 3 243 1814 19 5 11 19 0 
95695 745 571 206 4 710 97 6 233 1699 9 5 10 10 0 
95771 677 617 199 6 687 97 3 244 1658 17 3 6 15 0 
95540 744 629 186 3 754 103 2 268 1727 15 7 11 11 0 
95624 739 598 199 4 709 115 8 212 1758 14 6 5 9 0 
95431 786 662 209 4 719 106 3 233 1808 12 8 6 13 0 
95543 706 618 233 8 713 119 5 235 1786 17 4 8 5 0 
95674 742 586 204 6 695 126 6 227 1686 15 3 15 15 0 
95595 714 625 172 7 724 115 5 288 1722 15 4 5 9 0 
95566 741 600 189 4 712 110 3 259 1778 18 3 10 7 0 
95650 771 557 188 4 719 120 4 252 1702 12 2 5 13 1 
95656 715 594 192 3 679 110 2 259 1761 12 4 10 3 0 
95693 741 622 175 2 681 107 4 234 1698 20 3 11 9 0 
95562 779 595 197 4 707 122 7 247 1732 17 5 13 13 0 
95610 743 573 212 3 691 84 6 245 1801 12 3 7 10 0 
95539 798 596 194 4 686 125 6 253 1762 20 3 6 8 0 
95563 745 603 220 10 718 113 7 230 1758 12 3 10 8 0 
95715 716 575 207 5 677 85 6 257 1718 10 5 8 16 0 
95594 754 585 217 4 685 109 4 253 1756 16 3 6 14 0 
95459 731 638 225 3 716 119 6 267 1789 15 8 11 13 0 
95586 732 598 195 4 668 116 4 244 1804 19 4 13 13 0 
95533 729 623 230 3 661 110 4 272 1785 17 4 14 15 0 
95605 753 577 218 7 691 112 7 231 1760 11 4 11 13 0 
95558 719 591 216 4 746 115 3 269 1746 9 5 10 9 0 
95573 793 570 219 7 737 103 5 233 1730 14 3 5 8 0 
95598 732 574 200 4 682 125 3 269 1774 12 5 14 8 0 
95485 744 616 226 5 693 109 6 267 1814 12 4 9 10 0 
95653 715 584 199 9 701 122 6 229 1740 14 3 9 16 0 
95477 761 629 212 7 665 116 3 266 1825 14 3 6 16 0 
95632 719 591 201 6 717 106 7 236 1746 10 6 8 15 0 
95561 744 613 215 6 684 122 4 262 1742 19 0 13 15 0 
95640 748 599 198 6 673 103 4 241 1750 11 4 15 8 0 
95704 722 567 191 4 717 101 3 235 1713 18 4 4 16 1 
95572 712 593 189 5 716 117 8 275 1767 14 4 12 16 0 
95646 738 564 181 9 697 101 7 254 1765 14 3 9 12 0 
95603 705 631 214 6 702 121 3 257 1720 16 5 6 11 0 
95593 728 608 196 7 706 113 2 253 1753 17 5 9 10 0 
95615 709 580 209 4 670 106 1 277 1794 13 2 12 8 0 
95540 741 614 210 3 688 129 1 255 1786 14 5 9 5 0 
95733 689 609 211 6 673 125 10 251 1658 14 4 9 8 0 
95566 727 592 207 4 689 112 3 261 1799 16 5 8 11 0 
95603 750 561 212 2 764 115 3 228 1715 13 4 15 15 0 
95622 735 602 200 4 683 117 6 269 1723 18 4 8 9 0 
95647 732 579 203 7 687 111 4 226 1759 13 8 14 10 0 
95526 774 608 225 6 703 118 8 247 1741 18 2 13 11 0 
95683 779 552 236 5 658 99 9 235 1701 14 6 9 13 1 
95647 737 614 205 5 688 109 4 227 1717 17 6 9 15 0 
95535 696 583 218 4 696 118 4 263 1846 17 3 4 13 0 
95467 737 610 193 4 735 118 4 270 1817 17 2 13 12 1 
95683 727 562 180 5 700 97 5 235 1771 15 4 9 7 0 
95485 730 632 201 2 713 117 5 280 1800 9 6 12 8 0 
95592 661 623 215 4 723 88 4 256 1788 18 6 7 15 0 
95631 692 595 173 4 728 109 4 227 1800 12 5 9 11 0 
95761 699 622 189 4 649 107 7 225 1690 24 4 6 13 0 
95611 742 603 201 4 689 96 2 242 1760 19 5 11 15 0 
95607 745 616 212 5 710 97 5 235 1730 10 3 11 14 0 
95571 757 569 240 2 707 109 4 251 1749 10 8 7 16 0 
95559 785 581 187 3 739 118 5 256 1729 18 4 3 13 0 
95588 696 644 206 3 622 126 7 265 1793 24 8 9 9 0 
95599 769 604 213 6 727 106 5 227 1698 9 4 14 19 0 
95572 714 624 188 1 737 92 6 271 1751 16 7 11 10 0 
95596 713 575 190 5 744 131 5 244 1752 11 4 14 16 0 
95597 742 559 211 3 665 126 6 269 1778 14 9 15 6 0 
95496 732 581 218 3 744 91 5 259 1833 11 3 13 11 0 
95651 681 591 229 3 690 106 2 249 1762 5 12 10 9 0 
95559 772 639 205 8 690 108 6 252 1720 16 4 9 12 0 
95526 767 581 187 2 706 110 6 247 1837 8 9 6 8 0 
95502 817 602 193 4 697 98 4 242 1796 15 4 10 15 1 
95526 763 596 220 5 718 115 4 266 1737 19 4 12 15 0 
95557 752 619 194 3 714 113 3 250 1758 13 8 6 10 0 
95641 738 592 179 6 773 107 3 246 1677 17 4 7 10 0 
95610 730 599 203 8 697 117 5 229 1762 15 4 9 12 0 
95509 763 570 195 3 706 129 8 242 1836 15 5 6 13 0 
95542 759 628 177 4 667 105 3 297 1782 9 4 11 11 1 
95559 713 624 209 6 717 116 4 245 1767 9 5 16 10 0 
95496 772 615 191 5 710 117 6 251 1807 14 2 3 11 0 
95424 767 624 190 6 754 120 4 238 1828 15 5 8 17 0 
95641 712 593 211 1 634 110 4 246 1810 12 3 17 6 0 
95633 749 577 206 3 669 108 6 247 1756 19 5 8 14 0 
95574 777 623 200 5 676 112 4 282 1695 14 6 14 18 0 
95657 747 567 208 5 676 90 5 262 1746 12 3 12 10 0 
95576 785 643 181 3 716 101 5 242 1706 16 5 9 12 0 
95607 761 580 199 8 718 96 4 239 1746 16 3 12 11 0 
95574 738 596 182 5 710 118 5 254 1766 19 6 10 16 1 
95669 753 599 194 5 660 92 3 270 1719 12 5 10 8 1 
95565 756 592 211 1 696 120 7 247 1781 11 1 5 7 0 
95552 746 581 217 3 702 119 8 258 1774 14 2 13 11 0 
95569 761 578 219 4 697 92 6 255 1783 17 2 7 9 1 
95669 721 643 180 5 667 89 4 237 1744 20 5 7 9 0 
95602 745 607 192 3 690 116 5 241 1762 11 8 6 12 0 
95463 729 585 201 4 749 119 3 254 1857 16 5 8 6 1 
95610 749 552 184 4 704 111 1 237 1810 15 3 7 12 1 
95625 698 564 220 5 724 117 3 235 1755 17 8 12 17 0 
95499 721 602 192 6 754 102 2 272 1811 19 2 9 9 0 
95649 708 609 171 5 683 102 6 261 1772 11 5 6 12 0 
95588 785 596 199 4 662 111 6 261 1756 7 2 12 11 0 
95429 751 627 227 5 733 112 7 260 1801 16 11 10 11 0 
95568 804 589 192 6 671 100 5 232 1792 17 8 5 11 0 
95462 767 627 206 10 725 122 3 254 1785 14 6 9 10 0 
95507 730 644 210 9 705 120 11 249 1777 13 5 7 13 0 
95513 746 581 213 5 678 113 2 257 1842 10 7 8 24 1 
95689 749 609 215 2 634 90 0 269 1709 6 2 9 17 0 
95474 727 631 224 6 737 112 3 252 1788 15 8 9 14 0 
95642 713 639 211 4 687 97 5 248 1717 9 7 6 15 0 
95667 723 600 202 5 676 106 3 220 1755 13 3 12 15 0 
95411 729 656 196 4 662 112 6 263 1912 15 2 11 20 1 
95578 702 585 215 4 741 118 6 272 1747 14 6 7 5 0 
95557 726 611 189 2 721 98 1 234 1828 12 6 1 14 0 
95569 753 644 191 6 688 134 4 245 1732 11 5 10 8 0 
95624 770 565 175 3 705 105 4 252 1760 18 1 5 13 0 
95516 769 594 191 5 714 113 3 260 1798 11 3 10 13 0 
95629 780 633 206 7 687 106 4 274 1635 9 9 6 15 0 
95694 739 580 191 7 624 107 2 245 1772 10 6 10 12 1 
95716 787 592 197 5 697 104 3 236 1628 9 2 12 12 0 
95551 750 630 220 5 690 107 5 262 1741 17 1 8 12 1 
95640 736 598 182 1 722 99 5 252 1728 17 1 8 11 0 
95497 715 642 203 2 744 98 4 239 1815 11 3 8 19 0 
95599 709 588 207 4 694 115 10 231 1791 20 8 7 17 0 
95446 749 599 249 2 716 105 6 257 1821 21 4 9 15 1 
95549 754 647 194 4 675 115 8 239 1772 19 2 11 11 0 
95546 754 594 223 5 692 105 4 275 1764 15 5 7 11 0 
95561 724 586 203 8 703 110 8 262 1794 15 6 10 10 0 
95550 768 641 180 4 711 115 6 256 1730 11 4 10 14 0 
95697 713 579 203 6 699 114 4 254 1692 9 5 15 10 0 
95600 756 595 222 6 692 104 5 252 1737 12 2 8 9 0 
95606 787 609 214 5 692 103 2 227 1714 15 5 10 11 0 
95559 703 607 193 5 729 114 11 247 1798 7 8 10 9 0 
95560 748 656 221 10 624 106 6 281 1748 17 3 8 11 1 
95460 780 623 217 5 687 109 4 243 1830 16 5 11 10 0 
95639 752 625 173 4 652 95 6 264 1755 15 3 11 6 0 
95514 720 604 201 4 699 117 3 247 1860 9 1 12 9 0 
95585 731 625 201 6 734 112 6 252 1704 17 4 11 12 0 
95614 751 597 204 1 745 102 2 218 1722 15 3 7 19 0 
95700 767 577 190 2 676 116 1 230 1707 11 6 6 11 0 
95624 722 606 217 9 719 91 5 240 1730 14 6 8 9 0 
95650 713 611 196 7 705 98 5 238 1743 13 3 10 8 0 
95576 780 587 204 6 684 104 8 293 1707 20 5 12 14 0 
95541 762 594 224 8 713 104 4 277 1730 17 4 12 10 0 
95552 773 600 182 5 711 106 6 246 1787 13 4 6 9 0 
95593 750 647 190 5 728 101 2 256 1695 9 4 9 11 0 
95580 788 578 217 5 651 106 3 246 1791 11 6 9 9 0 
95513 769 567 187 5 729 105 8 262 1804 17 5 13 16 0 
95653 730 639 207 8 677 106 1 233 1707 16 5 10 8 0 
95632 743 575 178 6 721 102 7 237 1767 13 2 6 11 0 
95605 731 624 187 9 667 106 3 266 1766 11 8 7 10 0 
95543 770 633 209 2 698 119 7 261 1719 19 7 4 9 0 
95504 793 595 222 6 660 105 2 241 1838 13 4 6 11 0 
95737 722 603 203 3 700 105 4 224 1657 18 3 10 11 0 
95661 714 576 215 4 654 104 4 260 1770 15 5 10 8 0 
95544 773 642 234 7 670 109 5 238 1728 19 6 8 17 0 
95673 684 582 222 1 677 109 7 258 1752 11 3 9 12 0 
95588 777 606 194 5 672 112 4 282 1715 18 5 8 14 0 
95402 779 605 223 5 740 110 3 272 1826 13 5 6 10 1 
95565 726 600 191 4 721 107 3 257 1793 10 4 6 13 0 
95608 787 589 171 3 659 100 3 268 1780 9 4 11 8 0 
95606 756 583 212 5 673 101 3 240 1784 13 2 11 11 0 
95634 697 588 193 6 659 110 7 257 1811 10 5 10 13 0 
95564 701 602 204 6 708 119 5 238 1812 16 3 9 13 0 
95503 739 632 214 10 688 107 4 249 1825 10 1 9 9 0 
95564 763 609 200 5 671 90 4 264 1793 9 9 8 11 0 
95574 751 630 200 3 710 96 5 228 1764 10 5 12 12 0 
95660 741 580 187 3 708 107 2 215 1759 14 0 14 10 0 
95564 741 597 222 6 692 104 7 259 1766 12 5 11 14 0 
95644 791 614 216 2 663 106 5 216 1707 17 3 7 9 0 
95697 757 554 165 6 684 128 6 255 1710 9 7 10 12 0 
95672 720 615 179 4 686 113 5 234 1732 17 3 8 12 0 
95568 752 617 180 5 710 125 7 243 1737 17 7 16 16 0 
95581 750 590 193 3 697 100 6 279 1761 14 6 6 14 0 
95556 699 605 209 6 750 118 5 250 1760 10 6 13 13 0 
95476 772 598 168 6 693 115 4 269 1850 13 4 14 18 0 
95675 754 574 217 4 656 92 5 249 1738 9 6 9 11 1 
95565 762 611 218 3 703 114 8 260 1721 17 4 5 9 0 
95460 768 610 209 3 680 126 4 241 1863 13 5 6 12 0 
95583 746 598 209 3 658 95 12 261 1793 11 9 12 10 0 
95615 751 610 183 4 686 102 4 244 1757 16 10 11 7 0 
95641 715 611 217 8 708 99 3 242 1727 13 6 6 4 0 
95528 701 618 245 3 685 112 2 272 1805 10 4 3 12 0 
95548 747 570 209 4 728 101 2 251 1804 8 3 10 15 0 
95637 737 584 204 5 670 106 5 228 1777 12 2 21 12 0 
95545 760 626 171 5 687 121 4 246 1792 20 3 7 13 0 
95507 759 600 199 1 710 106 4 250 1822 11 7 11 13 0 
95579 748 607 204 4 715 98 0 245 1765 11 4 9 11 0 
95526 705 655 225 2 734 97 3 246 1765 16 5 10 11 0 
95724 708 581 193 7 655 104 4 263 1715 20 1 10 15 0 
95659 754 619 200 5 642 109 5 263 1704 14 5 11 10 0 
95671 722 578 209 8 702 99 5 226 1744 10 6 9 11 0 
95574 754 619 195 4 718 103 8 271 1711 21 3 5 13 1 
95691 703 579 202 6 722 96 4 223 1734 7 8 13 12 0 
95561 725 615 177 2 722 105 3 278 1768 8 2 14 20 0 
95527 778 609 204 1 691 123 3 275 1731 22 7 14 15 0 
95579 740 639 194 3 718 107 6 274 1708 9 8 5 10 0 
95555 733 599 192 7 700 96 1 255 1803 17 6 21 15 0 
95423 754 639 234 4 728 128 8 269 1781 5 9 10 8 0 
95631 751 622 186 10 646 104 3 244 1768 14 2 11 8 0 
95653 710 601 204 4 717 99 4 261 1705 13 8 11 10 0 
95641 728 592 189 4 675 99 5 268 1762 11 8 11 7 0 
95512 763 601 213 6 676 95 2 242 1845 16 5 10 13 1 
95592 731 586 201 8 685 117 9 261 1761 18 9 10 12 0 
95693 740 590 191 6 693 105 5 219 1715 17 5 10 11 0 
95504 768 649 217 6 706 107 3 236 1758 16 3 10 17 0 
95540 745 604 209 3 713 92 6 224 1825 14 5 8 11 1 
95642 736 604 210 9 672 107 3 241 1739 10 1 6 19 1 
95584 765 634 220 5 667 94 4 247 1739 19 2 11 9 0 
95634 700 656 222 6 660 130 3 238 1715 16 2 4 14 0 
95469 787 632 197 5 728 100 4 260 1766 24 6 7 15 0 
95676 761 607 217 4 694 105 5 241 1651 10 7 10 12 0 
95627 769 599 211 4 695 110 3 252 1687 16 5 8 14 0 
95658 751 581 188 8 705 109 1 244 1713 13 4 8 17 0 
95649 740 575 202 10 631 107 6 223 1820 13 3 11 10 0 
95546 755 589 204 6 699 102 5 258 1790 16 5 13 12 0 
95589 744 585 220 9 714 110 4 230 1763 12 1 9 10 0 
95665 786 583 191 3 703 100 5 243 1688 4 6 7 16 0 
95658 757 609 206 4 666 99 3 241 1722 16 1 8 10 0 
95475 751 627 220 2 726 114 6 262 1763 19 8 9 17 1 
95490 827 626 206 4 696 116 10 267 1719 14 5 9 11 0 
95646 785 585 211 2 676 109 5 221 1726 11 1 11 11 0 
95587 703 630 216 4 705 92 5 242 1782 17 1 5 11 0 
95507 740 606 206 7 717 112 3 269 1804 9 4 4 12 0 
95610 728 598 220 5 702 105 3 241 1754 11 3 10 10 0 
95595 706 585 198 6 730 130 4 234 1768 10 10 12 12 0 
95569 754 615 218 5 720 104 7 238 1722 17 3 13 15 0 
95629 790 604 206 2 678 106 7 258 1675 18 5 11 11 0 
95591 749 600 201 0 692 113 4 247 1763 14 5 4 17 0 
95623 727 592 220 3 678 120 3 265 1735 8 2 11 13 0 
95671 746 565 207 2 688 116 3 234 1731 13 8 7 8 1 
95554 810 623 200 4 706 103 4 224 1731 11 6 12 12 0 
95571 763 601 193 7 731 111 1 253 1733 13 3 6 14 0 
95606 749 619 193 4 659 111 3 273 1747 10 5 9 12 0 
95464 763 580 197 8 713 124 3 271 1838 12 2 16 9 0 
95432 732 625 226 3 728 116 9 281 1813 11 5 8 11 0 
95446 736 620 205 6 749 123 2 248 1819 22 4 6 14 0 
95677 728 595 194 11 666 100 2 232 1758 9 4 14 10 0 
95637 721 558 206 5 696 113 3 234 1795 8 4 9 11 0 
95731 664 580 198 7 677 133 7 236 1736 11 4 4 12 0 
95464 833 597 206 4 741 99 3 263 1755 14 5 7 9 0 
95586 757 576 239 1 682 119 1 269 1746 7 5 2 9 1 
95581 740 626 194 5 691 126 4 238 1765 9 5 8 8 0 
95523 754 653 195 4 727 98 5 256 1746 16 4 11 8 0 
95585 690 619 205 2 728 95 2 248 1790 15 2 4 15 0 
95559 764 606 205 3 691 140 3 261 1720 14 10 8 16 0 
95569 738 581 209 6 739 118 9 250 1750 7 4 7 13 0 
95601 733 595 198 5 732 114 5 260 1721 14 3 13 6 0 
95624 732 635 208 5 727 103 2 274 1648 19 4 6 13 0 
95630 754 565 231 2 725 111 4 237 1698 13 6 9 15 0 
95579 750 582 241 6 704 103 1 233 1756 15 7 11 12 0 
95567 730 573 207 8 710 136 5 231 1779 20 5 13 16 0 
95673 736 622 217 2 628 115 4 263 1686 14 7 16 17 0 
95567 760 579 218 3 695 103 1 246 1780 21 5 9 13 0 
95542 769 587 220 5 713 99 10 240 1774 11 6 8 16 0 
95576 750 638 200 6 676 109 3 257 1751 15 3 10 6 0 
95623 733 585 206 6 685 97 2 250 1771 11 4 11 16 0 
95550 795 587 201 3 701 93 5 273 1750 17 4 4 17 0 
95583 712 613 222 3 665 113 2 262 1779 16 5 8 17 0 
95617 715 590 219 5 671 104 5 284 1755 7 3 9 16 0 
95617 728 595 201 5 684 102 1 242 1775 19 5 11 15 0 
95646 769 607 193 4 639 107 5 233 1760 13 6 8 10 0 
95554 758 621 176 6 698 127 2 239 1767 19 2 11 19 1 
95602 741 600 203 3 693 98 2 248 1773 14 2 11 10 0 
95631 724 594 190 3 688 118 3 265 1745 19 2 9 9 0 
95505 795 642 208 5 680 121 5 263 1741 11 5 4 15 0 
95577 752 674 189 6 661 95 7 232 1756 11 7 14 19 0 
95554 749 625 198 8 733 103 2 262 1728 14 6 9 9 0 
95569 742 578 235 3 724 97 4 272 1736 22 4 5 9 0 
95601 755 615 189 5 694 100 5 271 1729 11 3 10 12 0 
95448 735 630 214 6 717 113 6 263 1823 20 4 8 12 1 
95628 706 628 207 2 671 125 3 243 1752 14 6 7 8 0 
95581 737 590 196 6 729 95 5 249 1761 19 6 18 8 0 
95612 746 612 198 4 716 83 4 254 1728 14 8 8 13 0 
95619 710 625 228 6 704 115 7 217 1726 18 3 15 7 0 
95635 749 569 192 3 694 114 6 239 1761 12 7 11 8 0 
95519 762 591 198 0 688 141 3 270 1793 11 4 12 8 0 
95635 727 611 198 5 677 120 7 241 1744 15 1 7 12 0 
95578 750 606 199 4 715 97 6 253 1755 18 3 5 11 0 
95666 720 565 230 6 663 110 4 238 1745 15 8 11 19 0 
95658 701 608 222 9 688 113 4 262 1694 15 3 12 11 0 
95529 780 585 187 3 735 111 3 236 1794 21 4 6 6 0 
95579 722 654 196 7 655 120 3 251 1760 24 7 10 12 0 
95469 754 651 246 9 661 130 5 272 1764 13 4 11 11 0 
95580 746 561 217 3 698 112 4 256 1787 9 4 15 8 0 
95544 721 620 181 3 730 110 6 259 1781 11 5 13 16 0 
95596 749 633 185 5 694 95 4 277 1724 22 4 5 7 0 
95559 721 606 214 8 653 121 6 242 1835 8 5 9 13 0 
95690 739 620 208 8 659 130 9 215 1676 21 3 11 11 0 
95535 759 638 182 3 715 105 1 243 1773 15 3 12 15 1 
95501 693 620 226 5 749 118 7 265 1773 19 4 7 13 0 
95658 702 573 218 7 677 117 6 247 1752 17 4 5 17 0 
95567 726 605 201 7 713 111 4 237 1788 12 7 9 13 0 
95610 695 603 196 6 689 108 8 263 1784 15 5 7 11 0 
95555 736 576 216 4 693 112 2 240 1826 20 1 12 7 0 
95605 742 583 189 5 746 114 8 246 1713 18 6 11 14 0 
95563 797 571 219 7 712 120 3 254 1719 13 4 10 7 1 
95662 690 622 194 8 712 111 9 263 1692 15 5 9 8 0 
95726 746 564 188 9 639 109 3 259 1711 12 9 7 17 1 
95524 741 606 192 5 719 123 3 271 1774 13 5 10 12 2 
95761 683 551 211 7 632 110 3 242 1765 14 2 7 12 0 
95510 744 601 215 7 679 107 3 253 1843 9 3 14 12 0 
95524 706 621 190 6 681 125 7 250 1850 15 3 7 15 0 
95607 741 613 179 9 697 120 4 263 1727 13 5 11 11 0 
95645 724 596 214 8 701 92 4 266 1704 12 8 13 13 0 
95596 737 569 193 6 700 101 5 235 1815 13 4 13 13 0 
95679 726 571 198 5 694 84 4 240 1739 20 8 18 14 0 
95522 727 639 173 3 729 112 4 226 1818 19 6 3 19 0 
95584 710 560 204 2 681 125 5 263 1823 18 4 11 10 0 
95584 717 640 203 5 710 100 3 248 1761 6 7 5 11 0 
95590 746 597 217 4 739 99 3 249 1719 12 4 7 14 0 
95525 720 621 213 9 708 98 3 240 1827 11 6 9 10 0 
95640 721 556 191 5 675 115 5 287 1763 16 6 9 11 0 
95594 758 573 217 8 670 102 5 242 1783 14 5 9 20 0 
95539 733 600 210 6 705 95 2 260 1814 10 6 11 9 0 
95574 747 610 223 4 667 108 4 268 1755 13 7 11 9 0 
95588 697 622 198 7 692 117 2 254 1786 14 5 2 16 0 
95410 735 655 199 3 727 111 7 246 1871 11 6 9 10 0 
95589 711 565 203 6 719 99 2 238 1835 9 3 10 11 0 
95583 731 606 229 5 684 100 9 270 1743 14 6 6 14 0 
95693 736 591 198 5 663 131 4 253 1682 12 4 11 17 0 
95596 790 593 187 5 678 118 7 250 1738 11 4 9 14 0 
95647 744 567 186 5 695 101 5 232 1778 12 7 8 13 0 
95666 715 598 201 3 702 107 8 273 1683 15 7 15 7 0 
95497 761 572 224 6 681 125 3 267 1833 9 4 10 8 0 
95513 770 614 203 5 688 117 1 266 1781 14 5 12 10 1 
95725 708 582 194 7 692 103 6 259 1675 17 3 11 18 0 
95552 790 627 194 5 665 104 7 256 1760 9 6 11 14 0 
95701 714 575 201 3 655 108 8 244 1743 13 6 16 13 0 
95568 779 641 183 2 668 113 7 241 1768 10 2 8 10 0 
95526 758 570 211 5 714 95 3 277 1801 13 7 4 16 0 
95582 724 626 202 3 723 116 7 259 1724 11 2 4 17 0 
95609 705 625 191 3 670 113 5 271 1768 10 5 10 15 0 
95575 784 569 212 5 745 111 1 255 1712 11 5 12 3 0 
95579 711 611 214 4 712 106 2 248 1780 7 6 5 15 0 
95509 739 665 206 2 721 111 8 212 1795 12 2 2 16 0 
95569 731 609 172 5 710 104 3 257 1787 13 7 15 18 0 
95672 723 594 221 2 624 119 5 261 1745 13 2 7 12 0 
95502 757 612 202 2 689 106 6 267 1821 12 6 8 10 0 
95578 776 636 196 8 720 103 5 257 1681 16 1 11 12 0 
95580 786 644 220 6 654 109 9 230 1725 18 5 6 8 0 
95528 748 598 196 6 733 118 5 248 1774 17 8 11 10 0 
95577 759 585 191 6 717 107 4 253 1759 14 5 11 12 0 
95546 751 610 227 6 678 95 5 228 1815 17 6 8 8 0 
95517 740 637 219 5 734 118 2 261 1729 19 3 7 9 0 
95585 729 627 209 7 661 121 8 252 1760 9 6 16 10 0 
95537 751 653 187 1 709 110 7 248 1762 12 4 5 14 0 
95558 807 612 186 4 703 97 5 256 1735 12 10 7 8 0 
95626 729 577 195 3 701 124 1 237 1765 13 5 13 11 0 
95552 784 617 196 5 710 90 8 230 1769 11 2 7 19 0 
95477 810 638 190 5 698 94 4 278 1762 15 3 9 17 0 
95600 755 594 212 2 659 97 4 269 1771 14 6 11 6 0 
95663 757 571 213 4 687 95 3 276 1691 15 5 6 14 0 
95610 771 618 210 4 684 97 2 250 1709 14 7 12 12 0 
95524 742 632 167 4 710 109 4 253 1810 17 5 7 16 0 
95632 732 577 194 8 723 133 5 250 1704 18 8 8 7 1 
95632 702 640 214 7 672 117 6 275 1688 13 7 10 17 0 
95503 750 642 224 5 656 113 3 271 1788 14 5 12 14 0 
95536 742 585 193 3 714 124 5 247 1816 10 7 8 10 0 
95583 726 594 202 4 687 114 3 239 1796 17 5 7 23 0 
95646 685 600 208 6 701 93 9 245 1760 12 9 10 16 0 
95619 756 560 179 11 684 101 5 249 1789 15 3 10 19 0 
95600 731 612 181 4 707 109 9 242 1768 12 5 9 11 0 
95594 730 620 202 3 699 101 4 257 1755 14 2 11 8 0 
95619 720 593 216 4 730 102 5 225 1749 10 4 9 14 0 
95559 774 603 195 3 686 119 0 238 1789 11 4 9 10 0 
95621 789 647 195 3 684 109 6 218 1688 12 3 13 12 0 
95526 745 595 184 1 702 138 1 253 1826 12 0 7 10 0 
95668 733 601 208 3 662 87 7 241 1749 13 3 11 14 0 
95522 757 593 220 7 708 98 4 240 1813 10 8 8 12 0 
95479 758 619 208 7 728 126 2 236 1795 8 7 12 15 0 
95516 746 583 204 3 757 114 13 269 1750 19 8 8 10 0 
95649 713 569 209 5 683 117 6 254 1753 12 5 10 14 1 
95503 780 613 215 2 702 104 2 239 1782 18 12 11 16 1 
95607 692 636 211 5 756 116 11 242 1689 11 3 11 10 0 
95659 715 615 181 5 657 114 3 247 1767 12 3 9 13 0 
95743 711 634 207 9 676 89 3 225 1652 14 5 12 20 0 
95588 736 578 204 8 708 117 10 270 1739 16 9 8 9 0 
95592 743 631 202 3 685 87 5 235 1789 11 5 6 6 0 
95744 688 555 209 3 677 105 10 225 1746 9 4 11 14 0 
95640 752 576 196 3 711 116 4 258 1706 10 6 9 12 1 
95628 731 588 210 3 661 109 4 236 1795 12 6 4 13 0 
95565 760 590 235 3 670 104 7 251 1780 11 8 9 7 0 
95603 716 617 208 2 698 88 10 263 1753 17 4 9 12 0 
95557 763 640 203 7 686 117 5 236 1734 15 8 14 15 0 
95576 771 607 212 6 724 107 3 228 1719 12 5 17 13 0 
95648 730 586 188 6 712 134 3 237 1719 16 3 6 12 0 
95547 728 614 186 7 735 101 5 240 1795 10 7 12 13 0 
95593 692 630 209 7 632 104 5 270 1812 11 6 16 13 0 
95604 739 575 229 7 665 104 8 249 1779 15 6 6 14 0 
95552 787 642 187 4 672 117 1 222 1776 16 4 10 10 0 
95626 773 627 206 5 648 99 7 269 1706 13 5 7 9 0 
95564 734 610 212 1 715 110 5 233 1775 14 6 10 11 0 
95695 675 607 202 2 665 109 6 251 1735 19 4 11 19 0 
95539 778 617 220 3 703 133 9 255 1696 14 4 17 12 0 
95548 770 575 236 5 743 82 2 252 1737 18 3 12 17 0 
95696 729 595 226 4 664 109 6 231 1706 13 4 5 12 0 
95649 760 588 225 7 690 121 5 251 1662 19 8 9 6 0 
95535 770 611 214 5 714 90 5 245 1772 16 5 6 12 0 
95503 786 580 209 7 726 115 2 242 1785 13 8 11 13 0 
95637 696 561 230 2 729 116 2 261 1733 14 2 8 9 0 
95453 795 632 188 5 714 116 4 254 1796 16 4 15 8 0 
95603 726 599 204 8 690 112 0 236 1776 14 9 11 12 0 
95614 740 590 222 5 705 126 4 239 1710 16 5 12 11 1 
95697 773 571 194 2 661 91 3 248 1719 18 3 9 11 0 
95455 765 612 205 3 724 126 5 264 1795 15 5 6 20 0 
95511 759 635 183 6 723 117 8 253 1763 11 4 17 10 0 
95576 715 637 203 8 715 112 2 252 1739 9 6 9 17 0 
95558 754 607 200 8 743 106 6 251 1732 15 3 9 8 0 
95485 701 582 202 4 715 121 8 265 1884 6 3 9 15 0 
95676 704 606 190 3 708 101 6 255 1712 10 6 9 14 0 
95661 744 573 181 8 707 89 4 268 1726 14 4 9 12 0 
95591 712 598 197 3 682 94 4 266 1807 15 7 10 14 0 
95660 713 601 221 2 685 94 3 233 1748 12 4 14 10 0 
95516 776 595 206 4 677 114 3 244 1831 9 5 9 11 0 
95665 732 614 180 5 716 106 6 253 1683 12 3 15 10 0 
95550 738 612 211 8 663 113 3 244 1820 19 6 4 9 0 
95605 709 622 181 2 688 132 5 234 1776 11 8 16 11 0 
95536 731 652 217 4 663 108 4 246 1803 12 4 10 10 0 
95499 783 584 229 3 718 98 7 260 1763 20 8 7 21 0 
95589 736 567 233 3 703 105 5 271 1759 8 5 8 8 0 
95573 758 617 171 6 677 114 6 262 1788 10 2 5 11 0 
95490 766 666 201 5 713 116 4 242 1761 13 3 8 12 0 
95616 745 595 160 3 733 93 8 246 1765 16 5 3 12 0 
95662 765 622 181 3 686 107 4 225 1708 10 5 7 14 1 
95637 730 584 197 3 671 108 4 265 1760 17 2 10 12 0 
95607 715 640 206 10 658 107 6 236 1786 9 4 2 14 0 
95678 756 570 181 4 684 111 5 261 1710 11 6 7 16 0 
95577 719 599 209 3 719 123 1 255 1748 16 2 10 19 0 
95567 792 621 192 3 693 124 6 256 1703 13 8 8 14 0 
95586 775 624 192 6 666 98 7 266 1742 10 1 14 13 0 
95538 737 604 223 5 733 105 3 240 1769 7 6 18 12 0 
95576 753 600 203 6 705 107 6 220 1791 12 6 7 8 0 
95601 733 575 196 8 715 101 5 245 1777 12 5 8 19 0 
95473 739 662 206 1 702 120 8 256 1799 10 4 8 12 0 
95537 708 632 192 7 708 126 5 251 1786 16 6 5 21 0 
95596 750 586 202 1 741 112 8 254 1712 12 2 10 14 0 
95654 755 604 183 2 694 118 4 229 1716 11 9 10 11 0 
95626 728 590 219 0 673 100 3 268 1744 18 7 7 17 0 
95594 705 586 229 3 726 100 4 250 1766 11 5 6 15 0 
95658 741 564 191 3 685 101 4 251 1762 16 7 9 8 0 
95615 747 584 210 4 723 102 3 269 1709 16 4 5 9 0 
95602 726 559 211 4 682 104 6 258 1814 8 3 7 16 0 
95633 722 598 194 4 701 112 3 255 1741 8 4 12 13 0 
95695 713 559 195 3 662 111 9 264 1759 7 7 6 10 0 
95645 726 626 201 6 646 109 7 257 1729 16 10 5 17 0 
95543 704 606 201 3 746 95 6 265 1785 14 5 12 15 0 
95635 749 571 206 10 674 93 6 268 1757 13 2 3 13 0 
95651 741 579 187 4 720 114 4 225 1735 13 5 9 13 0 
95568 741 597 183 8 698 115 7 245 1797 12 5 13 11 0 
95551 799 597 200 5 681 108 6 240 1767 12 7 15 12 0 
95567 750 582 200 2 745 106 4 257 1736 14 4 16 17 0 
95576 742 602 227 6 679 122 4 254 1746 18 4 9 11 0 
95480 771 617 189 7 717 102 7 266 1805 10 9 12 8 0 
95650 735 561 228 3 692 110 5 245 1730 12 6 14 9 0 
95645 682 577 202 2 730 87 2 276 1746 13 6 11 21 0 
95649 730 595 216 2 675 119 4 226 1737 15 2 13 17 0 
95506 765 599 221 7 745 102 11 279 1720 15 8 9 13 0 
95618 771 612 230 3 633 103 6 250 1734 18 1 7 14 0 
95657 744 608 215 5 686 99 3 207 1737 16 3 11 9 0 
95554 766 620 203 3 731 85 5 250 1743 9 4 12 15 0 
95625 753 554 194 4 708 116 7 243 1762 14 2 8 10 0 
95551 693 665 187 4 698 108 5 256 1793 18 1 11 10 0 
95588 745 567 215 3 641 81 5 284 1834 11 4 13 9 0 
95579 729 615 212 3 663 108 4 263 1783 9 5 12 15 0 
95624 746 581 188 6 684 110 5 266 1749 15 5 8 13 0 
95527 768 600 212 10 678 115 5 243 1800 16 3 12 11 0 
95552 725 655 189 5 720 130 5 260 1725 16 4 7 7 0 
95619 773 546 207 1 676 106 7 232 1794 8 4 14 13 0 
95569 756 609 189 6 731 104 4 237 1745 15 4 17 14 0 
95587 746 625 196 8 689 117 6 264 1717 12 8 13 12 0 
95589 783 613 202 6 728 106 3 241 1703 11 2 7 6 0 
95611 728 604 202 6 677 121 7 237 1763 17 4 11 12 0 
95519 757 640 178 4 739 114 0 236 1772 15 3 8 15 0 
95565 710 616 209 6 698 128 2 250 1778 10 4 9 15 0 
95559 787 586 181 8 662 114 5 275 1784 11 8 7 13 0 
