95592 844 603 119 2 576 105 2 349 1771 20 6 5 6 0 
95611 810 629 111 8 610 105 4 338 1737 15 4 4 14 0 
95544 802 652 109 5 591 118 7 329 1801 23 2 5 12 0 
95532 854 622 91 2 615 107 3 350 1793 10 7 10 4 0 
95537 894 604 97 2 604 122 7 342 1752 18 2 7 12 0 
95533 844 617 98 4 635 116 1 340 1772 16 5 11 8 0 
95520 869 603 123 2 650 92 4 331 1763 13 6 11 13 0 
95547 835 598 120 1 658 118 7 336 1733 27 2 10 8 0 
95579 859 617 110 4 622 120 3 343 1703 17 6 9 8 0 
95573 823 609 112 5 600 102 5 365 1765 19 3 7 12 0 
95499 863 572 102 2 638 106 2 357 1816 20 3 11 9 0 
95654 898 607 110 7 560 109 3 363 1649 17 3 6 14 0 
95532 854 620 126 4 592 110 3 348 1768 18 4 5 16 0 
95545 816 635 86 5 647 134 2 329 1754 16 2 12 17 0 
95491 826 595 100 5 602 120 4 388 1829 16 3 10 11 0 
95483 786 633 119 4 617 107 4 358 1833 27 11 11 7 0 
95625 809 634 118 2 584 98 1 333 1756 17 6 7 9 1 
95606 818 611 104 5 588 116 2 347 1769 15 3 7 9 0 
95665 846 603 94 1 606 120 7 289 1733 19 4 9 4 0 
95569 795 628 125 3 600 109 10 365 1751 16 3 12 14 0 
95549 811 605 103 8 570 109 7 363 1818 32 3 13 9 0 
95477 883 567 107 7 595 115 1 350 1852 17 5 11 13 0 
95571 833 571 104 3 617 121 3 369 1769 16 4 11 8 0 
95573 817 578 112 2 630 107 3 346 1788 23 4 10 7 0 
95487 876 612 101 8 608 93 6 348 1827 14 3 9 8 0 
95559 873 575 117 4 602 105 3 355 1756 26 3 10 12 0 
95644 782 584 89 5 611 107 8 386 1750 9 6 10 9 0 
95599 876 594 101 3 623 118 5 315 1737 14 3 5 7 0 
95555 866 601 108 5 634 115 3 337 1742 16 4 8 6 0 
95704 788 621 109 5 640 108 3 360 1622 14 9 9 8 0 
95542 866 645 106 4 595 107 4 352 1737 10 7 12 13 0 
95606 832 562 107 7 576 118 9 359 1776 18 3 10 17 0 
95594 842 586 116 4 602 92 3 369 1752 18 3 12 7 0 
95532 798 651 120 4 595 103 5 327 1816 23 7 9 10 0 
95593 847 592 103 5 639 102 4 343 1729 14 2 9 17 1 
95705 825 576 103 3 574 116 2 322 1743 15 2 9 5 0 
95581 849 638 123 5 585 97 6 359 1723 16 4 9 5 0 
95644 805 617 96 4 607 107 2 334 1740 16 3 18 7 0 
95590 839 587 109 5 642 132 4 340 1716 14 6 10 6 0 
95695 803 573 117 2 591 103 9 342 1718 18 6 7 15 1 
95503 899 587 109 6 613 98 6 350 1792 17 1 9 9 1 
95600 827 597 124 3 629 101 3 318 1762 13 2 9 12 0 
95623 847 561 118 3 617 100 3 342 1738 23 5 14 6 0 
95595 837 606 98 10 607 103 3 336 1765 13 10 7 10 0 
95526 871 610 90 1 624 108 5 340 1787 18 7 7 6 0 
95533 905 613 119 4 560 132 4 315 1777 17 6 9 6 0 
95588 797 600 94 1 591 111 3 337 1834 17 8 10 9 0 
95578 819 594 100 3 625 113 9 365 1752 20 1 14 7 0 
95601 835 578 111 5 603 105 4 336 1790 9 8 5 10 0 
95593 854 641 107 2 609 116 4 323 1718 14 1 9 9 0 
95541 839 591 115 3 625 100 3 384 1752 19 5 12 10 1 
95715 804 605 114 7 574 102 3 358 1687 15 1 8 7 0 
95643 810 594 100 7 582 104 5 321 1786 19 9 12 8 0 
95527 871 622 125 5 657 120 7 332 1700 7 6 8 13 0 
95445 806 592 121 4 659 106 5 369 1856 16 6 6 9 0 
95591 856 613 110 4 624 119 2 352 1691 14 7 8 9 0 
95660 835 581 115 4 556 125 5 346 1738 15 2 12 6 0 
95684 839 587 118 6 578 87 4 331 1728 20 5 6 7 0 
95544 887 631 95 1 609 93 5 364 1727 21 5 8 10 0 
95591 810 608 112 4 581 100 1 366 1787 16 1 10 13 0 
95482 852 613 98 10 634 122 6 348 1788 15 5 13 14 0 
95520 854 568 107 5 594 127 7 330 1846 22 5 9 6 0 
95627 822 596 101 4 648 97 4 342 1724 10 8 11 6 0 
95494 887 625 108 9 602 133 1 355 1751 13 4 8 10 0 
95545 881 571 126 4 567 117 5 377 1758 19 8 12 10 0 
95665 770 575 101 5 644 90 6 324 1787 9 1 7 16 0 
95598 856 588 110 5 577 100 6 365 1756 18 4 10 7 0 
95522 833 598 116 5 611 114 6 391 1763 28 6 4 3 0 
95625 865 591 107 4 566 102 4 358 1738 19 4 7 10 0 
95599 827 624 118 5 626 115 6 326 1713 14 2 12 13 0 
95508 845 572 99 3 600 120 4 374 1835 18 3 9 10 0 
95625 819 571 113 4 597 115 3 329 1782 22 6 6 8 0 
95512 853 610 98 6 601 109 7 347 1815 14 5 12 11 0 
95585 791 622 129 5 590 95 7 321 1807 21 6 8 13 0 
95521 841 592 108 6 591 107 3 374 1808 19 1 15 14 0 
95555 854 648 97 6 600 110 5 334 1747 22 5 5 12 0 
95545 851 610 113 2 614 115 2 337 1774 12 6 9 10 0 
95635 853 629 102 5 594 118 2 340 1684 19 7 8 4 0 
95562 842 589 102 2 625 89 5 345 1800 17 3 9 10 0 
95564 895 597 98 3 614 104 6 341 1740 18 4 10 6 0 
95543 861 617 116 8 608 96 2 362 1754 14 6 8 5 0 
95618 865 611 110 6 583 97 5 351 1706 24 5 11 8 0 
95527 872 652 104 7 572 103 3 307 1808 20 3 13 9 0 
95546 843 650 101 7 582 131 5 345 1751 21 1 9 8 0 
95608 812 584 100 6 588 124 2 350 1789 13 5 12 7 0 
95573 830 642 105 5 572 110 3 352 1767 24 7 5 5 0 
95627 840 621 114 2 581 107 8 316 1746 19 7 1 10 1 
95508 876 596 127 10 617 115 4 338 1777 13 3 10 6 0 
95633 816 600 118 5 595 112 14 327 1748 12 5 9 6 0 
95561 796 630 125 4 604 115 10 334 1769 22 7 9 14 0 
95659 800 658 108 4 600 115 2 327 1698 10 9 6 4 0 
95583 868 596 108 8 593 108 5 325 1776 13 2 6 9 0 
95579 810 618 114 4 629 105 4 331 1769 21 4 8 4 0 
95573 885 585 93 7 648 109 1 321 1739 14 6 10 9 0 
95487 816 611 110 4 611 129 5 387 1786 23 7 7 17 0 
95652 845 563 117 5 615 92 3 342 1723 20 7 7 9 0 
95520 830 627 121 2 662 120 1 308 1775 13 6 8 7 0 
95489 818 589 136 3 642 115 2 333 1846 10 2 4 11 0 
95532 782 607 110 3 616 108 9 362 1829 21 2 4 14 1 
95489 887 606 141 7 608 125 3 321 1771 17 1 12 12 0 
95636 760 578 118 4 628 133 4 389 1708 21 6 6 9 0 
95552 849 563 99 7 651 98 6 351 1786 12 8 9 9 0 
95746 807 576 116 2 584 95 3 326 1716 13 1 10 5 0 
95631 805 582 120 3 585 93 5 351 1784 15 8 6 11 1 
95643 841 582 107 4 621 110 9 295 1738 27 1 5 17 0 
95614 843 584 120 2 586 99 4 369 1744 17 3 9 6 0 
95742 790 570 121 6 587 98 1 330 1720 10 5 13 6 1 
95552 847 600 125 6 595 88 2 334 1815 16 3 7 10 0 
95464 847 633 121 4 637 120 4 337 1791 23 5 6 8 0 
95443 825 616 104 1 626 109 6 368 1857 16 4 12 13 0 
95691 828 583 105 5 631 110 1 347 1659 16 6 11 7 0 
95484 814 649 115 4 650 117 2 324 1795 25 3 8 10 0 
95661 836 626 117 4 592 106 4 352 1664 13 5 7 13 0 
95580 831 587 107 3 618 109 9 326 1792 23 3 8 3 1 
95597 845 628 91 3 585 113 8 344 1741 21 4 14 6 0 
95561 832 596 114 6 621 133 3 362 1735 15 3 13 6 0 
95603 820 617 112 4 635 124 5 316 1733 9 6 8 8 0 
95564 851 601 111 11 560 110 6 365 1782 15 8 3 13 0 
95499 841 580 108 6 649 110 5 338 1824 18 5 11 5 1 
95633 772 562 115 1 609 114 3 338 1819 13 8 5 8 0 
95556 872 652 106 1 578 113 7 361 1709 20 4 8 13 0 
95619 867 619 87 2 569 108 3 357 1732 16 4 12 5 0 
95734 800 582 96 3 549 103 4 356 1736 16 6 10 5 0 
95702 769 615 91 2 596 118 4 306 1759 17 6 8 7 0 
95559 880 584 112 5 639 100 5 321 1747 22 5 10 11 0 
95707 872 603 110 1 553 111 5 314 1678 22 5 11 8 0 
95531 789 625 114 2 605 111 4 377 1805 16 5 7 9 0 
95721 786 601 105 4 601 97 3 329 1715 11 3 7 17 0 
95609 846 601 89 2 576 104 5 329 1791 18 5 16 9 0 
95487 871 614 126 4 608 106 1 334 1804 16 6 10 12 1 
95618 843 587 108 4 624 115 3 329 1722 20 7 7 13 0 
95670 842 579 123 5 569 91 3 331 1744 18 4 13 8 0 
95654 831 587 112 4 576 108 4 330 1755 23 4 7 5 0 
95643 831 614 100 3 596 108 9 312 1751 14 5 6 8 0 
95621 841 603 125 4 615 102 5 342 1700 13 10 10 9 0 
95589 812 654 108 6 603 120 3 325 1752 15 4 5 4 0 
95609 849 617 109 4 607 100 3 356 1709 9 8 10 10 0 
95584 841 635 107 6 605 117 4 346 1719 15 5 8 8 0 
95581 850 570 96 4 600 107 8 361 1776 17 9 8 13 0 
95634 873 543 94 8 605 115 4 334 1754 14 4 10 8 0 
95517 859 622 92 3 619 111 5 348 1794 11 4 7 8 0 
95512 789 619 97 6 619 119 8 346 1842 22 5 8 8 0 
95602 792 621 100 7 585 96 5 345 1812 15 4 4 12 0 
95549 845 592 102 3 573 102 5 363 1822 15 8 11 10 0 
95561 851 581 116 8 611 109 7 358 1755 16 2 16 9 0 
95616 830 632 94 1 560 121 5 356 1740 10 8 13 14 0 
95577 871 590 86 6 576 117 8 337 1798 16 4 7 7 0 
95518 865 570 110 1 583 109 5 371 1821 21 5 7 14 0 
95562 821 614 114 5 606 129 3 337 1767 23 2 7 10 0 
95602 869 634 122 1 598 105 3 337 1693 18 1 4 13 0 
95625 885 597 120 5 565 98 7 346 1709 17 5 6 15 0 
95636 867 606 118 8 550 99 2 329 1744 18 7 8 8 0 
95590 844 610 115 4 610 112 6 337 1741 16 3 8 4 0 
95673 774 594 104 2 594 102 3 333 1778 15 5 10 13 0 
95536 837 620 116 1 577 106 4 355 1810 13 6 10 9 0 
95591 839 607 99 2 599 106 6 331 1770 22 6 13 9 0 
95630 818 592 121 7 629 111 5 298 1756 12 2 9 10 0 
95602 825 593 113 2 613 116 4 335 1767 12 2 6 9 1 
95508 861 637 103 11 610 99 4 358 1760 22 10 12 5 0 
95607 852 591 116 5 627 116 2 312 1737 13 7 10 5 0 
95556 808 599 114 2 613 109 4 350 1801 23 4 8 9 0 
95559 818 628 102 7 653 117 5 377 1706 12 1 6 9 0 
95541 877 590 107 8 636 107 3 333 1750 23 7 9 9 0 
95600 793 573 99 2 620 112 2 320 1837 16 6 9 10 1 
95624 829 630 106 7 548 106 7 330 1771 20 4 6 12 0 
95544 859 617 84 2 596 100 5 315 1846 13 4 10 5 0 
95518 853 634 115 7 598 97 3 349 1785 18 3 7 13 0 
95527 829 596 107 8 612 100 9 386 1789 14 5 7 11 0 
95646 814 596 111 5 582 120 2 355 1728 12 4 10 15 0 
95566 783 590 93 4 636 104 7 347 1834 13 8 8 7 0 
95634 820 609 96 8 622 99 5 385 1684 17 5 9 7 0 
95581 833 572 106 3 589 98 6 356 1823 8 4 11 10 0 
95547 870 572 118 6 603 129 8 347 1758 16 5 12 9 0 
95577 864 606 121 3 612 96 5 344 1736 12 7 8 9 0 
95536 859 620 126 2 622 107 2 353 1731 19 10 7 6 0 
95541 849 635 99 4 619 108 2 386 1724 13 3 12 5 0 
95581 830 594 98 6 616 106 3 331 1796 12 6 9 12 0 
95610 825 628 116 5 572 99 7 340 1748 20 4 16 10 0 
95564 856 634 120 3 582 107 4 294 1798 11 5 9 13 0 
95547 817 592 133 2 589 113 7 359 1800 17 3 11 10 0 
95591 841 548 102 6 589 106 2 363 1817 13 9 6 7 0 
95587 830 591 113 4 576 117 6 360 1773 20 9 5 9 0 
95726 803 608 128 5 575 106 4 336 1675 12 5 13 4 0 
95666 830 551 116 4 584 117 6 326 1762 16 8 5 9 0 
95556 819 594 124 3 599 113 4 329 1822 16 5 11 5 0 
95576 779 607 101 5 647 114 7 314 1802 21 6 11 10 0 
95610 811 574 134 1 637 109 0 350 1739 10 3 14 8 0 
95489 881 618 106 5 599 102 3 353 1809 13 4 11 7 0 
95571 862 609 114 3 578 114 5 353 1748 16 7 7 13 0 
95686 840 579 101 2 577 107 9 339 1710 22 5 13 9 1 
95662 790 621 102 1 555 108 1 358 1760 12 6 14 10 0 
95642 816 582 114 5 586 100 3 357 1761 15 3 8 8 0 
95536 839 599 113 6 626 113 5 337 1785 18 8 5 10 0 
95600 833 603 108 2 587 103 3 329 1800 13 3 10 6 0 
95638 842 594 107 8 599 101 2 325 1738 18 4 13 11 0 
95665 851 585 105 4 606 87 1 320 1747 10 2 9 8 0 
95631 824 592 100 3 589 107 4 360 1753 19 5 8 5 0 
95557 855 605 95 4 619 95 7 336 1785 17 5 10 10 0 
95534 841 589 113 7 566 134 3 373 1800 15 5 8 12 0 
95635 817 582 109 6 625 100 2 356 1734 12 5 9 8 0 
95571 821 576 131 5 645 104 7 314 1794 13 2 10 7 0 
95573 786 569 90 10 664 106 6 320 1839 16 4 8 8 1 
95534 839 668 102 5 621 110 6 327 1735 25 9 10 9 0 
95517 880 618 117 4 583 113 5 327 1796 17 6 9 8 0 
95524 832 626 110 4 612 123 1 350 1786 12 5 11 4 0 
95591 834 640 104 4 631 99 5 344 1709 16 6 4 13 0 
95563 834 598 104 2 628 101 2 342 1790 14 2 8 12 0 
95652 854 579 125 8 634 95 5 320 1684 23 6 8 7 0 
95524 841 611 107 6 625 113 8 332 1791 12 4 12 14 0 
95593 831 599 98 5 611 113 5 334 1767 18 5 13 8 0 
95606 873 592 113 3 597 96 5 338 1738 15 4 9 11 0 
95556 831 629 108 6 650 95 4 336 1746 14 4 12 9 0 
95624 842 572 110 4 607 116 4 339 1737 27 6 8 4 0 
95520 845 604 110 2 588 124 4 383 1784 12 7 10 7 0 
95599 834 591 118 6 600 121 5 365 1727 11 7 10 6 0 
95653 809 584 108 5 602 101 6 331 1771 16 2 7 5 0 
95501 852 577 109 6 653 114 6 356 1776 28 7 7 8 0 
95662 843 564 108 5 616 114 8 342 1702 12 9 9 6 0 
95598 831 593 128 3 612 120 6 317 1754 11 9 10 8 0 
95587 816 568 127 6 649 113 4 331 1760 15 4 10 9 1 
95646 760 630 131 4 635 119 5 323 1699 21 10 8 9 0 
95621 804 617 99 5 589 110 1 326 1785 19 5 8 11 0 
95608 807 642 107 3 629 121 3 323 1725 10 6 7 9 0 
95558 873 594 99 4 605 108 6 327 1788 15 3 9 11 0 
95760 812 585 107 5 622 108 1 311 1643 16 6 11 13 0 
95517 854 653 130 4 565 104 1 349 1786 21 7 4 5 0 
95589 873 622 102 5 579 105 4 351 1728 23 4 8 7 0 
95569 886 610 112 3 605 95 9 333 1741 19 4 8 6 0 
95629 846 573 96 5 626 102 5 337 1744 22 3 4 8 0 
95551 846 660 90 3 583 100 7 368 1759 15 5 5 8 0 
95610 826 623 100 1 607 109 4 401 1679 14 6 15 5 0 
95537 831 610 98 4 650 112 2 341 1775 13 8 6 12 1 
95574 795 622 114 1 633 109 3 355 1748 23 6 5 12 0 
95612 821 596 94 3 598 133 6 382 1718 14 4 10 9 0 
95527 827 611 97 5 581 100 8 349 1850 16 8 8 12 1 
95646 806 606 111 4 549 121 6 332 1776 14 7 11 11 0 
95635 846 625 107 7 610 96 4 338 1693 18 4 9 8 0 
95531 842 655 115 6 603 121 6 360 1717 16 3 13 12 0 
95574 872 619 107 5 583 109 4 337 1748 16 9 11 6 0 
95513 861 569 111 4 637 129 5 318 1815 16 7 6 9 0 
95515 810 609 118 6 630 102 0 337 1832 18 5 9 9 0 
95684 743 641 92 2 571 122 7 345 1749 21 5 10 8 0 
95650 827 585 104 8 585 106 2 339 1748 13 8 13 12 0 
95594 782 645 104 4 595 112 3 324 1796 18 6 9 8 0 
95573 849 583 102 4 628 115 4 344 1748 27 5 11 7 0 
95508 850 600 101 1 617 118 3 354 1803 23 3 9 10 0 
95675 803 577 90 5 634 123 3 347 1704 12 5 13 9 0 
95618 823 605 107 3 653 129 1 340 1681 17 4 7 11 1 
95604 799 605 95 4 577 117 0 359 1807 11 2 11 9 0 
95591 834 613 119 4 575 97 4 364 1759 11 10 11 8 0 
95604 783 589 113 5 609 122 5 371 1755 20 10 8 6 0 
95563 857 575 109 6 650 92 2 348 1765 12 4 3 14 0 
95482 875 607 123 4 593 106 4 363 1803 18 5 13 4 0 
95658 846 566 118 7 615 102 5 313 1728 20 2 14 6 0 
95599 854 595 114 8 596 106 5 333 1763 12 3 8 4 0 
95680 793 583 106 5 547 120 4 347 1788 9 9 1 7 1 
95494 885 618 94 5 588 119 6 360 1785 22 7 8 8 1 
95575 844 606 115 7 598 111 7 350 1756 18 1 6 6 0 
95588 855 587 106 3 597 94 4 334 1781 24 2 15 10 0 
95640 822 570 126 2 601 103 7 370 1719 14 6 10 10 0 
95520 814 609 124 5 625 114 3 333 1806 21 4 10 12 0 
95517 844 584 105 1 589 125 8 358 1835 14 4 5 11 0 
95491 846 625 123 4 617 111 4 363 1770 15 8 9 14 0 
95640 822 630 104 8 594 113 2 340 1709 14 8 4 12 0 
95662 783 596 127 1 599 129 3 328 1732 13 8 5 14 0 
95572 849 604 118 2 621 120 3 344 1710 20 11 15 11 0 
95635 794 606 109 1 591 110 5 344 1765 17 5 10 8 0 
95706 836 581 111 3 557 95 2 347 1728 11 1 13 9 0 
95596 841 613 119 4 563 114 5 323 1773 19 8 13 9 0 
95520 838 610 112 2 636 114 5 346 1784 14 5 4 10 0 
95660 832 587 102 6 637 103 4 329 1709 19 2 4 6 0 
95505 892 572 120 2 588 118 9 348 1805 22 4 8 7 0 
95610 843 597 118 6 561 116 3 327 1780 15 4 11 9 0 
95541 813 574 110 1 626 119 10 366 1805 14 4 6 11 0 
95622 752 618 91 8 623 119 3 347 1777 13 5 11 11 0 
95603 823 588 104 6 604 110 6 346 1783 12 6 3 6 0 
95488 897 620 106 7 587 118 3 341 1796 14 7 7 9 0 
95576 842 603 105 5 585 115 5 373 1756 15 4 10 6 0 
95522 843 647 108 5 581 115 4 335 1802 18 9 4 7 0 
95632 802 564 106 2 619 94 7 330 1803 19 4 14 4 0 
95639 866 556 104 4 606 120 5 358 1700 14 6 8 14 0 
95598 861 581 128 3 597 97 7 316 1767 18 7 10 10 0 
95723 805 554 88 4 575 99 4 343 1758 22 4 12 9 0 
95656 773 619 110 5 604 102 5 364 1733 10 5 3 11 0 
95568 855 572 112 5 635 112 8 319 1763 20 10 11 10 0 
95556 870 595 98 9 611 118 6 340 1750 24 3 11 9 0 
95556 861 636 95 4 564 117 7 317 1794 20 1 9 19 0 
95628 865 609 104 3 604 117 5 323 1698 21 4 10 8 1 
95662 841 587 110 5 596 86 3 343 1721 20 3 11 12 0 
95565 832 575 112 4 631 110 2 332 1782 20 10 13 12 0 
95722 835 587 113 1 577 107 2 323 1699 15 2 6 11 0 
95618 831 573 126 0 582 118 3 326 1796 8 4 6 9 0 
95605 828 608 101 2 594 108 5 336 1771 14 2 10 16 0 
95612 808 612 101 4 575 112 8 358 1762 24 7 6 11 0 
95627 837 611 123 6 587 93 5 336 1739 13 5 7 11 0 
95560 858 634 114 2 603 104 7 359 1723 13 5 10 8 0 
95576 791 658 132 5 621 107 4 322 1748 18 3 7 8 0 
95550 823 619 103 7 594 133 6 353 1777 13 4 6 12 0 
95571 895 584 105 6 623 102 3 349 1722 17 4 11 8 0 
95566 879 611 96 4 549 108 7 358 1777 22 2 6 15 0 
95570 871 576 133 6 614 117 6 359 1720 14 2 7 5 0 
95541 832 608 112 2 591 135 0 354 1785 15 5 8 12 0 
95548 859 586 113 6 592 103 6 351 1798 17 4 5 12 0 
95568 868 573 119 8 613 112 5 347 1740 23 4 13 7 0 
95586 787 626 119 10 591 115 2 341 1781 21 2 7 12 0 
95638 841 569 106 4 587 90 5 366 1761 11 2 10 10 0 
95616 856 599 99 1 584 105 5 336 1764 20 2 6 7 0 
95520 859 601 92 6 625 120 3 316 1825 15 6 7 5 0 
95636 835 626 112 3 583 97 5 310 1760 14 4 9 6 0 
95584 847 629 111 5 585 94 5 340 1766 9 9 8 8 0 
95621 890 587 113 2 580 108 10 325 1721 16 6 11 10 0 
95640 827 672 110 4 608 113 3 331 1647 26 4 9 6 0 
95574 840 552 119 7 620 116 6 333 1795 15 9 5 8 1 
95572 896 574 123 11 612 115 7 321 1723 21 5 10 10 0 
95623 816 636 97 4 626 106 7 334 1705 16 9 7 14 0 
95658 817 601 108 6 577 97 4 323 1773 14 5 8 9 0 
95661 846 579 132 5 567 104 2 334 1738 12 8 4 8 0 
95710 771 574 102 2 599 117 4 320 1757 16 3 12 13 0 
95621 799 598 107 3 578 102 7 345 1800 18 4 8 10 0 
95678 797 614 99 4 597 128 2 329 1707 22 7 8 8 0 
95677 854 598 85 6 589 109 7 371 1666 15 4 10 9 0 
95719 871 573 95 6 611 119 4 336 1622 19 7 12 6 0 
95530 827 638 108 3 638 104 0 362 1747 19 6 7 11 0 
95593 801 622 110 3 614 98 3 356 1762 10 4 14 10 0 
95611 844 591 107 6 601 119 3 338 1739 18 5 11 7 0 
95659 845 583 103 1 580 117 1 352 1712 20 6 12 9 0 
95626 846 599 112 2 611 121 5 317 1714 16 8 11 12 0 
95617 830 576 106 3 605 109 7 362 1740 19 6 8 12 0 
95559 836 631 113 8 594 91 3 344 1783 15 4 14 5 0 
95731 809 630 95 5 588 88 6 335 1674 16 5 6 12 0 
95512 824 653 96 7 571 114 2 352 1829 14 6 13 7 0 
95692 830 580 104 4 584 102 3 344 1719 17 4 10 7 0 
95647 766 583 123 7 587 111 5 347 1793 11 2 9 9 0 
95561 859 593 91 3 650 119 7 353 1727 10 6 10 11 0 
95602 806 651 117 0 615 104 5 348 1719 12 6 10 5 0 
95549 876 626 93 5 625 120 3 285 1779 19 2 6 12 0 
95656 818 553 138 4 613 106 4 362 1706 17 1 13 9 0 
95582 862 559 103 7 622 105 7 328 1787 17 6 8 7 0 
95622 833 644 115 3 605 98 10 330 1707 13 3 8 9 0 
95453 907 629 126 6 621 109 1 339 1767 18 9 7 8 0 
95638 784 605 120 5 591 112 5 346 1747 22 4 12 9 0 
95555 844 611 92 2 637 99 2 393 1732 10 5 9 9 0 
95527 860 620 102 4 613 116 2 359 1765 15 1 7 9 0 
95609 835 616 123 0 601 105 8 341 1729 15 6 6 6 0 
95563 856 630 118 3 609 102 8 290 1776 16 3 14 12 0 
95490 816 640 120 2 625 115 1 334 1816 14 7 8 12 0 
95631 808 598 98 6 619 89 3 339 1766 21 4 8 10 0 
95636 835 606 109 11 581 105 1 334 1745 14 7 6 10 0 
95611 858 596 108 4 590 114 2 341 1740 9 3 17 7 0 
95584 830 609 105 11 619 117 3 351 1734 15 5 10 7 0 
95625 863 622 82 2 564 101 6 359 1735 15 5 7 14 0 
95588 862 600 98 2 584 116 9 321 1771 17 8 11 13 0 
95596 845 599 98 2 617 95 7 318 1776 21 6 11 9 0 
95618 883 592 108 7 577 98 7 343 1741 15 3 4 4 0 
95625 839 594 104 3 611 125 4 330 1717 14 5 15 14 0 
95556 812 615 104 1 635 98 5 351 1785 7 4 10 17 0 
95579 859 581 105 6 633 91 3 369 1733 16 8 9 8 0 
95586 840 561 116 6 617 92 7 334 1799 19 2 11 10 0 
95691 862 595 121 2 579 81 4 315 1716 12 7 9 6 0 
95548 817 617 124 5 574 129 3 347 1796 20 5 12 3 0 
95694 827 623 117 2 574 92 6 352 1671 15 5 8 14 0 
95660 801 628 105 4 613 87 3 316 1749 13 2 7 12 0 
95517 842 620 105 8 636 95 2 380 1746 26 4 9 10 0 
95495 850 623 111 6 600 103 6 340 1834 17 4 5 6 0 
95463 847 662 107 7 593 128 4 359 1775 19 14 13 9 0 
95553 842 611 105 4 608 97 3 377 1756 16 6 12 10 0 
95547 787 643 109 4 613 122 1 338 1796 20 4 9 7 0 
95623 826 577 96 3 594 103 9 342 1780 15 10 14 8 0 
95545 862 602 110 4 632 106 3 323 1772 23 1 8 9 0 
95513 881 603 96 3 587 102 5 338 1840 13 5 5 9 0 
95619 828 607 95 4 587 100 4 324 1793 15 4 13 7 0 
95622 890 612 105 6 574 105 3 347 1700 15 3 6 12 0 
95533 838 617 136 2 598 107 5 324 1799 16 4 10 11 0 
95654 798 600 88 4 609 115 3 334 1744 19 9 14 9 0 
95572 857 607 108 4 615 111 1 341 1745 14 6 14 5 0 
95479 877 583 99 12 607 121 8 361 1808 21 5 6 13 0 
95640 843 587 127 4 630 103 5 321 1700 19 3 7 11 0 
95591 809 584 120 6 621 105 8 349 1776 19 4 7 1 0 
95595 816 570 85 2 607 102 2 368 1808 17 6 9 13 0 
95621 781 600 115 5 609 99 5 355 1775 19 6 3 7 0 
95606 811 592 102 3 620 103 10 312 1787 23 7 14 10 0 
95428 885 646 111 2 633 103 5 357 1793 15 3 13 6 0 
95628 813 578 95 6 621 103 4 360 1752 13 3 12 12 0 
95658 860 592 117 2 600 104 9 313 1705 23 3 7 7 0 
95476 869 601 126 6 620 118 3 309 1835 12 10 8 7 0 
95586 840 585 106 8 610 82 7 378 1760 19 6 4 9 0 
95427 877 656 117 7 611 120 5 348 1793 18 9 7 5 0 
95657 831 622 101 8 575 110 2 334 1729 14 4 8 5 0 
95532 859 608 103 5 644 130 4 341 1732 18 3 7 14 0 
95645 855 644 117 2 551 97 8 362 1682 12 7 8 10 0 
95629 832 567 102 7 587 125 4 341 1764 23 2 12 5 0 
95624 866 558 122 4 607 114 8 331 1728 15 7 5 11 0 
95612 820 612 107 5 620 116 3 367 1701 10 6 12 9 0 
95595 806 654 110 4 612 102 3 352 1724 20 4 8 6 0 
95562 857 585 115 5 586 116 4 341 1793 9 7 8 12 0 
95544 876 599 113 4 606 114 4 343 1755 14 7 10 11 0 
95569 798 602 104 4 661 104 6 328 1782 19 4 7 12 0 
95502 846 619 123 6 579 111 3 364 1799 23 6 10 9 0 
95642 821 624 99 4 618 101 3 333 1719 19 2 6 9 0 
95614 849 587 128 6 585 111 2 345 1737 14 5 4 13 0 
95662 811 589 90 2 581 108 3 384 1721 16 9 11 13 0 
95610 845 564 110 5 605 98 2 335 1787 15 5 5 14 0 
95507 838 627 116 4 656 106 3 343 1755 25 4 6 10 0 
95644 817 607 104 6 621 107 5 332 1719 12 6 10 10 0 
95467 866 554 100 5 624 104 6 354 1889 12 7 8 4 0 
95592 824 592 119 3 619 120 3 365 1728 13 11 6 5 0 
95632 817 644 108 6 551 105 2 366 1720 21 7 13 8 0 
95531 813 627 114 3 625 94 7 350 1799 8 8 10 11 0 
95654 839 589 110 5 600 116 3 292 1749 19 7 7 10 0 
95631 830 624 93 4 595 117 7 368 1690 20 4 9 8 0 
95676 805 554 110 8 573 103 8 333 1795 14 3 10 7 1 
95527 863 625 121 7 577 106 9 339 1784 17 7 6 12 0 
95618 817 616 127 4 593 109 8 323 1732 17 8 13 15 0 
95625 779 580 83 9 602 107 3 375 1796 10 5 10 16 0 
95548 815 628 113 3 582 107 3 357 1796 24 6 9 9 0 
95576 789 629 87 7 608 120 6 326 1825 12 2 8 5 0 
95652 796 620 121 7 585 116 2 325 1732 16 3 12 13 0 
95608 786 584 105 5 577 119 4 353 1822 19 3 9 6 0 
95492 831 601 104 5 625 96 4 336 1866 12 9 12 7 0 
95563 849 597 115 3 593 107 3 364 1765 19 4 9 9 0 
95615 897 602 109 2 590 112 5 314 1715 19 3 9 8 0 
95538 837 591 127 9 622 118 3 361 1749 22 3 10 10 0 
95617 820 655 105 4 641 98 4 331 1684 18 7 7 9 0 
95598 838 591 127 2 588 117 6 347 1725 28 5 13 15 0 
95534 863 616 107 3 554 110 3 363 1797 16 5 13 15 1 
95575 841 619 117 4 586 112 8 362 1745 15 3 3 10 0 
95620 840 635 104 4 597 112 2 311 1736 21 5 7 6 0 
95610 846 595 97 6 579 101 7 366 1759 14 3 6 11 0 
95522 881 629 112 2 617 106 4 355 1730 17 10 6 9 0 
95624 855 607 110 7 566 109 5 351 1732 11 5 7 11 0 
95690 810 627 105 4 562 92 3 349 1723 18 0 8 9 0 
95729 778 581 93 4 570 112 3 370 1711 19 2 10 18 0 
95503 890 592 108 8 612 111 5 394 1740 20 7 7 3 0 
95654 798 587 117 3 601 122 4 345 1737 13 4 7 8 0 
95651 842 629 102 3 558 101 4 349 1715 23 5 6 12 0 
95553 827 654 100 4 598 121 2 331 1777 10 5 8 10 0 
95606 868 635 103 3 564 98 5 341 1738 19 7 8 5 0 
95546 854 611 105 3 610 111 3 320 1814 12 5 3 3 0 
95486 805 604 126 1 642 120 5 343 1823 22 5 7 11 0 
95651 797 612 98 3 583 112 5 371 1732 11 10 6 9 0 
95618 835 605 90 6 590 104 3 349 1764 12 3 13 8 0 
95582 852 607 100 3 595 106 3 333 1777 15 4 18 5 0 
95555 823 635 100 0 590 110 4 302 1843 15 4 15 4 0 
95555 848 592 103 1 613 101 2 348 1803 15 5 5 9 0 
95532 873 605 86 4 617 104 4 340 1807 9 1 8 10 0 
95512 821 642 106 4 610 102 7 390 1767 10 5 14 10 0 
95621 842 572 104 2 555 99 6 330 1818 20 8 9 14 0 
95663 824 553 114 8 642 109 2 349 1699 14 7 10 6 0 
95560 865 598 112 1 584 119 6 326 1797 15 2 7 8 0 
95649 856 584 109 8 574 102 2 306 1768 14 1 14 13 0 
95555 833 598 115 4 616 101 1 335 1796 19 6 9 12 0 
95476 874 635 113 2 619 110 3 342 1789 17 6 8 6 0 
95483 863 613 98 5 642 104 2 340 1810 15 2 8 15 0 
95543 859 602 120 6 581 127 5 322 1793 13 5 12 12 0 
95608 801 617 97 8 620 119 6 339 1749 17 4 9 6 0 
95676 830 572 91 6 602 112 5 322 1746 14 5 8 10 1 
95644 778 617 128 4 557 120 3 328 1774 16 7 10 14 0 
95687 837 563 103 5 593 106 8 324 1721 25 6 7 15 0 
95639 889 597 102 5 613 107 5 325 1684 14 5 7 8 0 
95580 854 622 127 3 594 82 3 334 1767 15 4 7 8 0 
95543 816 618 110 2 636 105 3 322 1811 12 4 9 9 0 
95615 876 619 113 2 558 104 2 357 1715 15 5 9 10 0 
95576 822 628 99 4 591 125 5 356 1745 25 3 11 10 0 
95580 824 619 93 3 568 115 5 361 1794 18 1 12 7 0 
95570 812 590 100 6 598 109 5 358 1801 22 5 17 7 0 
95644 858 584 104 3 600 95 8 358 1713 4 6 13 10 0 
95632 821 587 98 6 598 109 6 340 1760 20 8 10 5 0 
95630 861 603 111 2 605 91 5 334 1722 19 4 7 6 0 
95553 853 604 105 5 655 108 3 335 1741 17 6 7 8 0 
95738 813 599 98 6 576 115 1 336 1679 14 4 12 9 0 
95551 859 582 98 1 636 99 1 379 1758 11 8 13 4 0 
95525 814 582 109 1 669 112 7 346 1807 12 4 7 5 0 
95616 869 607 117 3 560 95 7 326 1753 18 0 18 11 0 
95580 804 592 118 6 644 94 5 341 1769 17 8 15 7 0 
95646 815 592 117 1 602 106 4 339 1734 22 6 7 9 0 
95564 853 599 112 5 602 87 4 339 1785 19 6 10 15 0 
95492 854 624 115 2 658 96 1 330 1781 20 5 9 13 0 
95603 847 590 104 2 585 101 6 319 1794 16 4 14 15 0 
95579 824 605 116 3 598 104 3 353 1783 11 2 5 14 0 
95606 845 578 96 4 602 108 5 361 1767 10 3 9 6 0 
95505 849 622 110 7 601 110 6 342 1811 12 4 12 9 0 
95599 800 618 106 7 607 114 6 336 1759 19 8 6 15 0 
95624 780 599 118 3 609 110 6 366 1742 19 3 9 12 0 
95602 817 635 104 5 590 112 8 354 1738 17 1 12 5 0 
95655 812 573 114 3 636 121 3 353 1693 21 3 8 5 0 
95560 795 629 112 2 644 103 4 327 1781 21 6 6 10 0 
95636 826 572 109 8 561 131 6 346 1762 16 2 13 12 0 
95694 813 576 104 6 563 110 4 335 1749 18 4 12 12 0 
95584 846 618 101 8 610 98 1 321 1770 13 2 17 10 1 
95525 847 592 123 4 661 122 8 346 1738 18 5 2 9 0 
95681 837 595 110 5 588 108 0 362 1671 26 3 6 8 0 
95538 825 603 102 4 622 104 2 325 1833 18 4 13 7 0 
95538 872 581 110 2 615 98 6 353 1789 11 3 11 11 0 
95697 844 620 98 4 556 99 6 345 1689 16 3 13 10 0 
95617 839 581 121 1 606 109 2 354 1737 13 3 7 10 0 
95599 813 643 111 10 563 106 3 333 1782 15 1 6 15 0 
95515 811 624 102 3 631 116 3 353 1801 21 4 7 9 0 
95457 856 621 118 3 604 106 8 357 1814 24 4 17 11 0 
95494 814 581 119 10 608 102 4 330 1879 30 8 13 8 0 
95642 855 547 114 8 654 94 1 336 1712 11 5 15 6 0 
