95538 809 592 155 3 673 86 4 293 1819 9 4 10 5 0 
95539 829 621 154 4 669 112 5 310 1721 14 4 5 13 0 
95584 754 615 156 3 681 98 1 302 1760 12 6 11 17 0 
95700 780 572 148 6 596 113 4 321 1723 9 7 10 11 0 
95624 747 641 160 1 655 116 3 314 1698 16 5 8 12 0 
95610 790 564 150 6 631 90 1 325 1790 22 4 9 8 0 
95490 848 598 172 5 638 109 3 310 1777 15 5 15 15 0 
95535 835 636 166 4 616 102 3 295 1773 8 6 8 13 0 
95664 783 600 134 7 655 102 6 302 1698 22 5 9 13 0 
95642 781 623 156 7 650 123 6 270 1698 13 7 13 10 1 
95527 849 603 151 2 659 103 3 297 1759 18 5 13 11 0 
95633 770 572 140 3 613 97 8 314 1806 10 6 11 17 0 
95573 804 611 155 5 660 107 6 319 1714 19 5 8 14 0 
95558 780 618 157 6 670 107 5 277 1788 14 3 6 11 0 
95514 828 613 138 5 653 104 7 294 1811 12 5 6 10 0 
95620 800 611 150 1 668 98 4 308 1701 9 8 9 12 1 
95520 809 566 144 5 691 103 6 335 1781 15 8 8 9 0 
95598 822 594 156 3 614 109 2 301 1750 17 11 14 9 0 
95476 835 634 154 4 700 108 3 317 1730 14 5 10 10 0 
95609 775 606 161 4 632 108 3 296 1767 14 9 9 7 0 
95590 807 610 137 3 655 102 7 300 1752 9 6 10 11 1 
95638 791 609 153 3 610 119 5 273 1752 17 9 9 12 0 
95497 781 654 151 5 634 105 4 291 1830 17 6 9 16 0 
95620 836 606 147 6 648 117 3 295 1679 15 4 11 13 0 
95578 779 620 140 3 642 104 5 301 1791 11 5 12 9 0 
95612 819 589 164 2 684 85 5 285 1722 11 6 7 9 0 
95643 776 583 156 2 641 104 3 323 1741 11 2 7 8 0 
95710 785 571 134 5 641 102 3 274 1739 16 6 8 6 0 
95721 783 588 176 6 595 104 3 296 1699 7 3 9 10 0 
95569 805 618 154 5 607 102 2 307 1788 15 4 13 11 0 
95638 793 629 142 3 630 95 4 292 1730 20 4 6 14 0 
95570 784 570 171 6 673 102 2 282 1803 12 5 11 9 0 
95578 753 617 159 1 663 101 2 314 1758 20 4 11 19 0 
95677 783 586 150 1 652 124 5 256 1728 11 4 10 12 1 
95643 765 615 172 6 635 91 8 293 1731 18 3 9 11 0 
95621 769 564 159 6 625 111 3 293 1809 16 2 11 11 0 
95504 870 576 161 6 696 97 6 289 1770 10 2 7 6 0 
95599 806 569 169 5 634 112 5 286 1767 18 7 9 13 1 
95636 768 600 155 4 634 110 7 306 1728 21 3 9 19 0 
95535 828 585 157 9 661 137 9 316 1727 11 7 12 6 0 
95489 851 590 152 5 627 113 4 309 1818 20 3 10 9 0 
95643 785 587 162 4 673 136 3 313 1649 15 3 9 18 0 
95520 797 582 152 2 674 121 1 305 1794 18 5 13 16 0 
95646 772 603 167 4 666 104 4 312 1692 12 4 6 8 0 
95660 785 594 154 8 678 95 3 293 1697 11 4 8 10 0 
95560 753 629 173 4 623 99 4 322 1796 16 1 12 8 0 
95599 799 645 126 4 583 103 4 284 1813 16 5 9 10 0 
95602 820 587 134 4 676 132 7 282 1719 12 4 11 10 0 
95638 787 608 168 1 627 104 3 299 1732 13 8 4 8 0 
95529 792 610 165 4 685 117 4 296 1753 19 6 12 7 1 
95603 768 608 168 3 640 120 6 309 1736 15 4 13 7 0 
95590 815 621 149 3 699 102 1 290 1679 17 6 14 14 0 
95585 784 606 167 4 647 116 3 285 1761 11 8 17 6 0 
95609 769 582 140 6 662 117 5 301 1768 13 4 8 16 0 
95433 825 639 173 3 693 140 5 308 1737 18 6 12 8 0 
95506 791 602 153 5 619 121 5 322 1834 18 0 13 11 0 
95512 822 592 159 2 660 121 3 303 1781 16 4 9 16 0 
95686 813 593 140 0 599 104 3 296 1734 12 2 8 10 0 
95646 763 532 147 7 629 105 3 297 1835 13 3 13 7 0 
95610 797 565 179 11 645 103 6 286 1760 15 3 6 14 0 
95588 783 586 168 2 676 104 6 297 1752 12 4 10 11 1 
95589 744 628 151 9 708 103 3 301 1716 18 6 11 13 0 
95642 751 582 143 8 652 91 5 316 1778 15 3 8 6 0 
95605 756 611 149 5 661 119 3 311 1741 16 3 6 14 0 
95562 838 584 168 8 682 108 4 288 1732 13 6 3 4 0 
95549 806 570 164 5 677 111 4 306 1758 13 11 13 13 0 
95533 779 568 170 7 698 107 9 288 1804 10 7 5 15 0 
95569 788 578 177 3 676 98 5 302 1767 17 7 5 8 0 
95671 774 623 134 2 657 109 6 272 1710 16 6 12 8 0 
95437 845 637 143 5 634 99 9 309 1840 12 4 12 14 0 
95657 752 617 139 3 648 111 3 287 1742 14 6 5 16 0 
95517 818 633 171 3 639 111 6 285 1778 17 2 9 11 0 
95581 808 591 154 6 656 102 3 295 1767 12 3 11 10 1 
95571 769 627 169 5 619 117 5 314 1763 19 4 8 10 0 
95458 834 630 191 6 636 113 0 281 1813 15 5 6 12 0 
95510 789 637 148 3 629 118 7 325 1788 18 5 12 11 0 
95393 807 641 140 1 718 96 4 317 1836 14 6 7 19 1 
95538 767 593 186 2 624 112 3 284 1851 16 4 12 8 0 
95603 779 604 155 3 642 95 8 296 1779 14 7 7 8 0 
95658 770 591 162 5 643 96 2 267 1768 14 3 11 10 0 
95690 766 628 160 5 596 120 5 293 1693 10 11 9 14 0 
95585 804 579 167 6 680 107 4 295 1726 25 4 9 9 0 
95595 779 598 149 7 688 100 4 298 1736 14 5 15 12 0 
95582 795 600 168 5 644 111 4 287 1756 21 8 7 12 0 
95570 832 576 156 5 661 106 3 289 1767 13 4 10 8 0 
95514 793 601 157 7 697 140 5 280 1773 12 2 11 8 0 
95438 751 597 177 3 706 117 5 326 1845 17 2 5 11 0 
95560 783 583 170 2 626 101 4 320 1814 9 4 15 9 0 
95578 804 589 162 1 662 124 6 287 1742 16 7 13 9 0 
95624 760 621 128 4 645 110 5 285 1777 16 6 8 11 0 
95577 816 606 171 10 665 101 5 285 1728 13 2 8 13 0 
95657 805 568 150 8 652 95 5 308 1719 12 4 7 10 0 
95416 824 609 174 6 671 124 4 307 1814 13 8 15 15 0 
95602 799 555 159 4 682 109 10 297 1744 13 5 10 11 0 
95657 807 585 171 5 605 124 5 265 1717 21 9 13 16 0 
95631 834 595 156 3 638 112 5 293 1692 17 6 10 8 0 
95638 769 578 141 6 662 116 8 311 1733 17 3 6 12 0 
95652 774 628 153 7 663 109 4 272 1696 15 6 10 11 0 
95628 758 604 161 10 636 119 7 294 1740 18 7 8 10 0 
95650 782 602 157 7 657 105 4 310 1684 22 3 8 9 0 
95694 750 590 162 6 637 102 3 251 1757 16 5 12 15 0 
95664 813 548 155 5 633 93 4 311 1741 7 2 16 8 0 
95682 813 608 160 5 655 106 3 274 1658 14 3 11 8 0 
95555 798 615 149 2 662 124 5 286 1768 10 3 8 15 0 
95572 797 628 157 4 662 101 4 304 1721 21 5 11 13 0 
95625 806 577 157 3 645 124 2 309 1708 20 7 8 9 0 
95518 768 639 168 5 665 111 6 316 1763 16 5 7 13 0 
95575 805 583 159 6 676 108 2 296 1753 16 5 8 8 0 
95603 799 599 165 2 670 96 7 272 1752 11 5 7 12 0 
95653 752 626 151 3 615 97 7 314 1740 13 8 9 12 0 
95675 748 616 148 6 633 91 1 284 1754 12 6 9 17 0 
95620 786 567 163 9 644 108 4 291 1775 16 4 8 5 0 
95575 820 606 148 10 667 112 4 292 1727 16 3 10 10 0 
95477 824 629 150 7 642 107 4 309 1815 14 6 7 9 0 
95606 767 591 163 6 676 113 6 291 1742 13 8 10 8 0 
95649 767 594 152 5 671 104 3 273 1737 19 8 5 13 0 
95723 772 601 126 3 663 110 4 285 1678 13 2 7 13 0 
95635 792 608 137 3 629 135 5 312 1706 13 8 9 8 0 
95612 761 603 164 7 611 109 5 273 1818 16 3 9 9 0 
95658 787 567 147 6 649 94 3 300 1743 21 4 15 6 0 
95568 774 643 153 5 654 119 3 270 1772 17 4 10 8 0 
95612 798 602 174 2 628 100 0 302 1740 15 5 9 13 0 
95519 798 611 169 3 682 98 7 321 1746 15 3 15 13 0 
95672 796 556 175 6 659 104 8 306 1673 22 5 6 12 0 
95578 880 584 153 5 587 122 1 299 1757 11 4 9 10 0 
95624 755 589 139 4 666 92 5 305 1785 13 5 12 6 0 
95547 789 635 151 5 625 98 6 320 1778 23 6 7 10 0 
95606 817 606 163 3 667 100 1 295 1700 16 9 8 9 0 
95551 753 599 165 5 680 97 2 290 1812 20 3 14 9 0 
95526 771 629 166 1 680 119 3 303 1762 15 5 9 11 0 
95576 794 639 143 5 693 106 1 305 1692 20 2 11 13 0 
95548 779 636 166 5 641 121 3 305 1751 14 5 15 10 1 
95593 785 598 157 4 623 116 5 293 1785 11 6 11 13 0 
95377 779 647 162 8 730 98 7 334 1814 10 10 11 13 0 
95720 728 617 151 2 607 101 0 272 1758 13 6 14 11 0 
95539 841 644 161 0 666 116 2 273 1726 10 4 4 14 0 
95436 830 595 148 4 641 102 6 299 1890 19 4 10 15 1 
95607 764 595 170 7 697 109 1 264 1743 13 9 5 16 0 
95668 776 607 136 5 614 113 4 285 1758 16 5 5 8 0 
95582 807 604 143 2 639 106 4 309 1759 18 8 8 11 0 
95507 766 629 154 8 650 143 6 325 1773 12 7 14 6 0 
95492 807 585 168 5 687 99 6 332 1773 15 5 16 9 1 
95350 847 610 151 4 672 118 6 332 1871 11 9 9 10 0 
95539 832 601 157 6 611 120 4 297 1783 22 4 11 13 0 
95592 857 590 164 4 649 101 3 295 1710 10 7 9 9 0 
95728 752 587 140 2 629 121 3 288 1706 17 9 6 12 0 
95605 780 575 141 8 691 92 6 261 1794 20 7 6 14 0 
95607 768 612 153 8 645 104 2 308 1757 10 4 15 7 0 
95533 808 616 176 1 658 109 1 284 1778 17 3 9 7 0 
95575 793 554 144 1 675 111 2 313 1794 10 5 11 11 1 
95528 804 587 170 7 660 112 8 300 1782 13 7 11 11 0 
95536 806 585 155 7 627 127 5 280 1840 11 5 6 10 0 
95596 757 606 158 4 661 112 9 309 1758 12 6 7 5 0 
95551 790 593 168 4 692 105 6 298 1751 17 5 8 12 0 
95634 759 583 159 4 653 113 4 313 1745 6 5 9 13 0 
95588 801 600 182 7 625 116 3 289 1749 15 1 13 11 0 
95592 777 630 149 3 651 103 7 282 1770 13 5 10 8 0 
95638 794 583 163 2 634 114 4 303 1716 16 5 14 14 0 
95686 817 547 146 4 593 105 2 309 1749 15 3 6 18 0 
95679 753 626 164 3 628 104 7 285 1714 12 6 7 12 0 
95586 803 603 161 9 669 118 5 272 1732 13 8 12 9 0 
95658 769 622 145 5 682 90 3 264 1737 10 3 7 5 0 
95613 842 574 140 3 644 126 4 271 1752 9 5 5 12 0 
95538 788 606 171 6 626 112 5 317 1785 10 12 16 8 0 
95425 785 663 169 2 639 124 3 288 1856 16 6 14 10 0 
95616 766 606 152 4 631 114 6 315 1746 18 4 8 14 0 
95569 841 587 138 1 639 103 2 267 1808 13 8 10 13 1 
95636 779 582 148 3 609 103 6 296 1787 18 8 16 9 0 
95481 823 620 153 2 654 125 5 306 1797 14 3 4 13 0 
95573 843 621 157 5 619 105 5 265 1770 16 6 7 8 0 
95500 823 597 149 4 662 109 9 280 1832 10 6 11 8 0 
95658 804 585 148 6 642 97 6 259 1752 15 12 11 5 0 
95540 809 564 161 5 668 116 4 278 1816 17 8 8 6 0 
95613 760 587 145 5 698 108 11 287 1744 13 4 10 15 0 
95744 792 575 153 3 629 103 4 273 1691 10 6 8 8 1 
95559 777 601 157 4 634 115 3 297 1811 18 10 6 8 0 
95613 816 573 154 3 672 104 7 288 1724 21 3 12 10 0 
95592 729 623 158 4 642 121 7 296 1785 18 7 8 10 0 
95627 765 588 140 1 644 112 3 296 1772 16 4 18 14 0 
95621 768 631 146 5 670 130 3 320 1659 15 7 9 16 0 
95511 799 581 175 4 669 114 4 294 1807 13 3 9 17 0 
95595 760 640 157 3 645 116 4 284 1756 12 6 9 13 0 
95539 825 618 153 5 617 87 11 300 1802 17 6 8 12 0 
95716 771 572 154 1 618 120 5 275 1749 4 5 7 3 0 
95687 729 630 118 3 656 100 4 312 1717 15 4 17 8 0 
95472 830 605 173 4 670 103 3 304 1790 13 6 10 16 1 
95699 812 594 144 4 682 94 7 283 1643 17 5 4 12 0 
95584 811 600 167 4 646 103 11 289 1759 14 5 4 3 0 
95550 789 586 149 6 633 113 4 304 1821 17 2 8 18 0 
95667 774 578 145 5 663 106 6 303 1713 12 7 7 13 1 
95654 762 589 145 3 591 108 9 279 1818 10 7 8 17 0 
95543 823 625 158 9 668 90 5 315 1735 9 7 10 3 0 
95408 804 623 181 7 693 122 3 292 1826 17 4 10 10 0 
95604 748 599 147 3 655 100 0 287 1800 23 10 10 14 0 
95645 778 584 147 4 647 95 9 297 1752 18 4 11 9 0 
95547 794 617 144 3 633 113 5 300 1800 22 2 10 10 0 
95588 764 623 157 6 691 122 3 286 1714 19 4 10 13 0 
95616 791 575 161 8 654 109 5 312 1734 15 3 5 12 0 
95493 783 655 162 6 684 98 5 303 1768 17 8 15 3 0 
95658 751 586 151 5 650 103 6 289 1775 10 2 8 6 0 
95507 781 594 158 4 695 130 5 307 1771 27 5 9 7 0 
95581 783 593 154 4 618 99 2 310 1811 21 6 8 10 0 
95535 782 608 148 5 666 119 10 309 1778 9 6 11 14 0 
95479 806 584 152 6 703 102 7 288 1823 18 7 14 11 0 
95569 778 597 166 6 690 101 5 273 1779 10 6 9 11 0 
95691 765 598 143 8 644 99 4 312 1687 20 4 13 12 0 
95667 781 604 157 4 611 114 6 274 1735 15 6 8 18 0 
95535 789 638 147 7 677 96 4 297 1776 14 5 7 8 0 
95665 798 545 152 3 664 106 3 274 1754 15 2 9 10 0 
95614 726 606 187 10 664 132 6 296 1721 14 3 7 14 0 
95549 852 582 168 3 661 114 11 294 1723 18 5 7 13 0 
95564 783 596 157 5 627 103 6 302 1808 18 4 14 13 0 
95661 807 587 149 5 658 110 7 291 1685 11 6 10 13 0 
95685 750 586 150 5 632 99 3 270 1774 22 5 12 7 0 
95627 771 610 165 3 611 93 5 319 1759 11 7 5 14 0 
95610 815 559 150 5 667 111 5 284 1754 14 8 7 11 0 
95544 829 589 166 7 674 100 5 297 1753 10 8 12 6 0 
95588 801 595 168 2 648 99 8 281 1765 15 7 12 11 0 
95579 768 632 175 3 615 120 8 306 1755 14 3 6 16 0 
95629 789 614 153 6 636 105 1 300 1727 11 6 10 13 0 
95511 820 609 154 4 636 117 3 309 1787 18 5 13 14 0 
95583 804 580 152 3 655 115 2 288 1772 13 10 17 6 0 
95693 793 543 143 6 675 114 4 273 1708 19 9 11 9 0 
95469 811 651 165 3 660 107 2 273 1810 19 5 13 12 0 
95547 819 650 179 5 602 118 1 286 1757 10 8 10 8 0 
95703 787 570 152 4 620 109 2 280 1729 10 8 10 16 0 
95592 729 569 155 6 666 131 4 294 1820 12 3 9 10 0 
95472 809 581 157 0 666 98 5 332 1841 18 5 8 7 1 
95679 773 598 124 2 628 113 4 266 1779 10 6 9 9 0 
95578 810 617 145 3 627 110 2 278 1790 18 3 8 11 0 
95662 796 586 163 7 628 116 1 314 1684 18 6 8 11 0 
95618 777 619 156 3 625 126 4 292 1734 15 6 13 12 0 
95473 859 616 138 4 642 118 8 324 1769 14 4 14 17 0 
95585 807 611 157 3 644 97 4 284 1757 23 0 12 16 0 
95641 762 633 171 3 627 101 2 301 1727 12 4 9 7 0 
95572 807 634 151 2 625 126 4 278 1751 19 6 15 10 0 
95572 771 611 173 3 682 102 3 302 1740 12 8 8 13 0 
95574 733 654 151 5 640 125 7 285 1782 11 9 10 14 0 
95563 780 601 165 3 634 109 1 278 1833 12 6 10 5 0 
95649 773 584 163 9 612 118 5 312 1731 19 7 8 10 0 
95597 813 581 167 6 641 117 4 314 1710 23 5 11 11 0 
95458 801 606 191 5 680 114 5 317 1783 13 6 7 14 0 
95485 794 629 148 9 606 116 1 302 1861 18 9 13 9 0 
95648 811 623 145 4 649 105 3 280 1689 18 4 10 11 0 
95611 750 612 166 7 655 101 5 281 1772 12 8 8 12 0 
95504 797 605 139 5 661 125 5 291 1822 17 7 14 7 1 
95627 805 591 182 5 627 96 4 312 1716 12 6 7 10 0 
95567 749 594 138 6 693 98 3 276 1828 19 7 11 11 0 
95671 791 567 163 1 641 105 3 296 1740 8 4 2 8 0 
95634 831 613 173 2 677 106 1 285 1645 14 4 7 8 0 
95556 811 606 157 1 660 91 2 306 1761 16 6 9 18 0 
95470 838 625 190 3 648 118 2 302 1756 21 4 9 14 0 
95643 783 609 165 3 657 104 10 289 1694 23 3 10 7 0 
95605 779 573 156 9 636 124 8 277 1789 16 5 16 7 0 
95543 781 616 186 3 642 115 2 318 1757 9 2 11 15 0 
95659 760 567 149 9 600 91 5 314 1803 20 6 9 8 0 
95508 753 638 178 6 664 111 3 311 1791 11 1 11 14 0 
95581 798 563 156 3 637 111 6 255 1835 19 6 15 15 0 
95676 791 583 147 6 687 99 5 291 1679 12 4 12 8 0 
95633 763 580 150 6 609 94 8 276 1839 13 4 14 11 0 
95614 831 611 154 6 636 88 6 309 1696 23 3 11 12 0 
95641 773 607 149 3 694 93 7 284 1712 12 3 10 12 0 
95682 787 585 154 8 591 109 6 311 1732 11 4 8 12 0 
95592 789 584 141 5 679 90 5 312 1767 7 5 13 11 0 
95531 790 602 164 5 674 128 5 280 1795 11 2 3 10 0 
95660 819 558 152 3 656 110 5 304 1687 20 7 5 14 0 
95590 768 613 171 5 620 101 4 321 1758 20 3 12 14 0 
95639 843 577 166 6 606 112 4 274 1731 13 4 13 12 0 
95580 806 630 156 7 623 107 2 267 1783 15 5 10 9 0 
95548 785 630 177 4 618 118 3 296 1779 15 5 10 12 0 
95705 749 591 149 5 646 111 7 276 1721 19 5 8 8 0 
95557 792 633 162 4 624 115 2 281 1786 13 7 5 19 0 
95637 749 563 164 7 611 122 5 331 1766 22 10 2 11 0 
95527 771 632 185 4 616 117 3 303 1797 14 6 14 10 1 
95519 781 634 166 8 657 102 3 343 1760 10 3 6 8 0 
95711 733 589 145 2 625 98 4 286 1766 18 6 6 11 0 
95654 778 589 150 8 660 114 7 295 1700 22 5 8 10 0 
95585 786 598 165 4 686 112 6 311 1720 10 3 7 7 0 
95566 817 593 174 3 672 115 6 313 1696 15 7 12 11 0 
95540 862 588 157 5 615 93 6 311 1783 16 3 6 15 0 
95634 796 602 161 7 622 106 4 306 1730 15 4 8 5 0 
95510 776 642 159 3 647 115 5 300 1786 24 7 10 16 0 
95632 748 638 159 5 685 98 2 261 1743 13 2 9 5 0 
95618 796 637 176 6 630 113 7 255 1723 17 5 10 7 0 
95539 852 580 146 4 639 109 2 282 1809 16 2 13 7 0 
95539 793 641 168 4 703 112 4 286 1715 13 3 8 11 0 
95558 799 600 183 7 662 100 2 287 1766 16 3 7 10 0 
95571 778 626 156 9 677 120 4 296 1722 12 6 13 10 0 
95593 775 594 150 5 615 96 2 290 1844 13 6 7 10 0 
95572 777 594 149 4 651 134 6 281 1795 13 8 10 6 0 
95695 819 591 140 1 620 95 5 283 1709 16 9 6 11 0 
95576 747 601 151 10 626 125 9 287 1818 20 8 13 9 0 
95599 787 619 137 2 677 94 7 289 1755 11 5 9 8 1 
95567 800 576 153 3 644 114 5 296 1804 15 4 10 9 0 
95596 845 572 139 5 627 115 4 286 1772 12 9 8 10 0 
95694 755 623 165 8 603 108 2 316 1695 16 2 8 5 0 
95563 776 609 143 4 654 116 4 289 1815 10 4 7 6 0 
95532 812 615 149 4 659 92 6 342 1749 16 5 5 14 0 
95707 765 617 139 2 633 109 4 327 1657 17 6 8 9 0 
95629 791 568 163 7 627 116 7 268 1779 20 5 8 12 0 
95539 814 607 170 6 668 109 3 317 1737 10 9 7 4 0 
95633 796 592 172 3 604 98 2 317 1735 16 6 11 15 0 
95583 754 619 147 4 650 124 6 289 1771 21 5 12 15 0 
95530 824 606 159 5 618 113 3 309 1793 16 4 9 11 0 
95616 800 586 155 7 657 109 3 314 1718 16 4 9 6 0 
95619 746 572 140 4 682 103 2 287 1807 20 2 8 8 0 
95616 742 565 150 6 661 131 2 284 1806 15 5 11 6 0 
95548 771 643 174 3 678 96 5 290 1747 18 8 10 9 0 
95592 822 592 151 5 618 102 4 296 1779 19 2 7 11 0 
95677 773 607 174 5 641 125 5 282 1679 11 5 6 10 0 
95467 737 630 150 4 680 124 3 336 1826 14 4 11 14 0 
95631 765 615 158 6 651 104 5 285 1728 16 6 15 14 1 
95743 732 566 153 3 660 117 4 294 1686 15 11 9 7 0 
95697 750 585 153 9 654 101 5 300 1702 15 5 7 17 0 
95587 781 605 162 3 660 94 4 294 1780 10 6 7 7 0 
95538 825 575 144 8 692 102 8 317 1742 17 4 16 12 0 
95648 779 590 164 8 686 109 5 285 1692 9 5 8 12 0 
95473 854 576 157 5 636 113 9 291 1845 22 2 5 12 0 
95653 810 580 152 5 638 121 6 294 1715 10 3 8 5 0 
95525 815 596 159 8 686 110 2 305 1758 9 4 8 15 0 
95608 817 602 168 5 638 118 3 316 1701 10 3 4 7 0 
95557 766 609 171 3 643 96 9 281 1827 14 5 8 11 0 
95730 779 590 156 4 597 107 5 280 1719 12 5 8 8 0 
95446 813 616 163 4 658 117 4 297 1833 13 6 15 14 1 
95520 824 627 135 3 680 121 6 304 1739 15 7 12 7 0 
95609 810 598 155 4 650 90 4 300 1724 17 11 14 14 0 
95544 814 570 172 3 639 114 7 308 1791 8 11 9 10 0 
95657 738 566 153 5 660 108 7 287 1765 21 7 14 12 0 
95592 800 578 151 4 651 112 3 317 1759 14 4 7 8 0 
95655 782 615 124 6 619 109 1 276 1776 9 9 8 10 1 
95613 805 562 165 3 608 113 9 291 1789 18 2 8 14 0 
95521 820 603 156 2 645 90 2 291 1834 14 6 12 4 0 
95516 800 593 144 3 673 120 5 313 1806 11 0 7 9 0 
95653 763 622 146 5 636 116 7 286 1726 17 4 6 13 0 
95644 749 591 141 4 648 109 3 271 1803 18 4 5 10 0 
95529 815 607 164 7 692 118 6 279 1744 16 10 3 10 0 
95579 780 607 152 6 663 116 3 284 1771 13 8 11 7 0 
95554 774 621 145 5 664 115 4 318 1760 19 5 8 8 0 
95620 754 598 167 3 676 104 4 302 1721 21 3 11 16 0 
95700 769 579 180 5 625 98 6 266 1733 15 5 10 9 0 
95616 739 608 165 4 623 128 5 302 1769 16 5 7 13 0 
95574 787 589 168 2 686 103 2 285 1764 17 5 12 6 0 
95598 780 591 136 4 666 109 6 297 1773 11 3 12 14 0 
95607 782 577 143 3 648 103 2 311 1787 15 5 8 9 0 
95548 829 608 136 2 635 115 3 315 1759 19 7 7 17 0 
95618 838 586 145 2 643 99 5 314 1719 9 6 7 9 0 
95681 789 622 179 3 627 108 3 290 1660 19 6 8 5 0 
95516 783 615 158 8 681 104 3 293 1809 14 0 9 7 0 
95608 774 597 153 3 654 101 11 289 1765 18 4 15 8 0 
95539 813 570 137 7 670 91 7 289 1831 16 2 15 13 0 
95611 774 610 156 4 671 93 6 306 1731 17 1 9 10 1 
95551 768 592 139 4 647 108 4 298 1854 16 4 6 9 0 
95540 786 650 126 1 668 106 6 290 1781 13 5 9 19 0 
95649 779 624 149 5 631 110 6 282 1716 25 6 5 13 0 
95580 774 596 144 3 596 135 6 325 1798 16 6 10 11 0 
95605 802 605 138 6 631 126 5 277 1764 10 7 10 14 0 
95662 784 574 129 5 625 130 1 295 1761 8 7 10 9 0 
95587 782 630 153 5 646 105 2 312 1727 18 10 10 13 0 
95575 776 581 135 6 652 97 5 295 1835 16 5 9 13 0 
95749 698 573 161 3 598 106 8 298 1762 17 7 8 12 0 
95518 763 656 144 5 611 114 4 305 1836 10 5 13 16 0 
95688 753 603 148 7 619 112 7 288 1742 9 5 11 8 0 
95557 809 628 159 10 644 97 8 285 1757 23 2 10 11 0 
95556 827 608 186 5 636 107 2 287 1742 14 6 7 17 0 
95617 763 600 173 5 673 89 7 278 1756 13 7 10 9 0 
95704 767 580 160 2 592 102 6 330 1724 13 7 4 8 1 
95541 822 605 165 3 642 119 5 263 1799 13 5 5 13 0 
95620 741 604 175 4 634 114 2 289 1777 15 4 11 10 0 
95645 752 620 137 9 644 111 9 311 1714 16 6 11 15 0 
95582 752 597 145 4 687 105 2 315 1762 19 8 15 7 0 
95578 770 614 142 6 662 110 6 310 1755 18 4 13 12 0 
95613 822 583 157 4 694 105 4 251 1729 17 4 6 11 0 
95531 755 620 154 6 666 113 1 279 1847 10 2 8 8 0 
95651 787 590 175 6 631 110 4 286 1730 7 4 9 10 0 
95524 774 635 173 3 646 121 2 301 1779 19 6 12 5 0 
95545 745 615 153 6 625 105 10 304 1852 16 7 5 12 0 
95605 815 615 139 5 663 123 2 292 1699 20 1 9 12 0 
95583 800 635 144 4 649 106 3 289 1743 13 5 11 15 0 
95639 752 587 150 7 683 119 7 285 1730 13 5 10 13 0 
95604 778 577 157 1 614 109 2 310 1802 20 6 10 10 0 
95615 845 572 151 4 660 101 6 307 1700 8 6 6 19 0 
95590 806 600 167 3 656 120 5 270 1740 17 4 14 8 0 
95506 810 621 139 2 638 118 8 289 1822 16 5 12 14 0 
95690 796 606 167 5 609 84 5 301 1703 12 5 8 9 0 
95598 798 622 132 5 657 112 5 286 1741 15 5 10 14 0 
95503 800 619 159 5 650 129 3 296 1807 15 4 4 6 0 
95741 757 595 163 5 616 108 3 249 1722 17 6 7 11 0 
95663 808 621 143 6 629 86 5 294 1704 20 1 7 13 0 
95446 796 614 184 1 638 110 5 299 1870 11 2 9 15 0 
95549 825 627 167 6 601 95 4 318 1768 17 4 8 10 1 
95673 797 595 145 5 647 101 5 298 1693 15 9 6 11 0 
95653 739 612 164 6 639 121 4 283 1743 13 5 9 9 0 
95604 797 629 187 5 622 106 6 280 1711 26 4 14 9 0 
95660 749 638 148 5 608 105 2 304 1750 13 3 10 5 0 
95500 810 617 170 4 627 106 7 298 1812 17 6 12 14 0 
95598 764 606 164 3 681 103 11 289 1741 13 4 10 13 0 
95598 786 612 157 4 638 120 2 292 1751 14 5 10 10 1 
95476 799 611 165 7 650 101 3 321 1817 23 1 16 10 0 
95568 722 599 189 4 689 101 9 298 1779 14 6 13 9 0 
95412 839 685 151 3 676 96 6 325 1766 11 5 12 13 0 
95681 750 625 152 3 661 108 2 279 1706 14 4 6 9 0 
95549 852 604 159 9 668 102 4 292 1713 18 6 12 12 0 
95615 805 574 162 4 635 115 3 294 1758 13 3 7 12 0 
95654 818 624 174 8 624 99 2 278 1674 14 7 15 8 1 
95578 789 552 159 3 651 121 4 287 1812 15 8 8 13 0 
95610 782 596 158 3 634 114 5 303 1762 17 3 4 9 0 
95508 810 596 158 4 715 110 6 286 1768 11 8 14 6 0 
95577 756 626 168 3 666 120 4 301 1752 7 9 3 8 0 
95549 779 630 160 3 632 115 5 318 1755 23 10 11 10 0 
95662 801 585 154 1 635 113 3 303 1698 18 5 7 15 0 
95611 803 626 164 5 624 96 5 283 1733 24 5 6 15 0 
95644 796 640 160 6 655 102 7 263 1685 18 1 12 11 0 
95540 843 592 171 2 624 106 7 300 1768 13 4 9 21 0 
95542 809 656 157 8 685 109 5 280 1707 16 5 10 11 0 
95540 762 629 144 8 670 100 0 301 1804 14 6 11 11 0 
95502 864 615 160 5 648 91 8 286 1771 16 6 11 17 0 
95586 769 577 180 5 658 105 3 292 1777 20 7 10 11 0 
95481 813 612 156 2 687 125 1 302 1779 16 5 10 11 0 
95564 802 603 188 6 630 105 4 271 1780 21 7 13 6 0 
95612 769 631 156 3 597 105 6 289 1796 13 3 13 7 0 
95526 776 653 158 3 684 112 9 278 1767 16 3 3 11 1 
95611 784 581 146 8 661 119 4 269 1759 17 10 12 19 0 
95529 780 563 146 3 680 94 3 347 1812 17 1 10 15 0 
95494 824 587 169 6 667 113 3 289 1815 10 4 12 7 0 
95725 741 621 147 1 632 97 5 272 1723 11 3 7 15 0 
95588 790 592 148 3 633 106 2 290 1800 23 3 13 9 0 
95610 785 552 158 6 672 112 4 308 1753 11 7 10 12 0 
95519 792 639 126 5 682 110 2 269 1815 14 5 10 11 1 
95690 779 592 142 4 610 84 8 304 1749 14 5 9 10 0 
95651 807 648 153 1 603 101 3 273 1727 13 5 4 11 0 
95506 850 612 164 6 647 122 4 274 1774 17 3 6 15 0 
95553 838 578 150 7 642 111 2 308 1782 14 2 6 7 0 
95508 830 591 148 2 648 125 6 280 1817 14 6 8 17 0 
95516 823 603 148 4 678 125 2 279 1779 18 6 8 11 0 
95522 815 561 155 8 665 109 5 294 1820 18 4 10 14 0 
95567 811 606 164 4 658 110 2 277 1771 12 3 10 5 0 
95490 837 620 141 4 666 109 1 300 1796 16 5 6 9 0 
95523 780 608 166 5 627 120 8 315 1805 20 6 7 10 0 
95610 794 635 150 5 606 98 6 284 1769 17 8 10 8 0 
95574 770 583 138 7 681 117 5 289 1800 16 9 4 7 0 
95637 819 617 160 5 632 84 5 268 1744 9 3 12 5 0 
95614 797 589 169 3 690 92 6 278 1721 12 7 10 12 0 
95541 814 653 156 7 629 88 5 306 1757 12 3 17 11 1 
95512 808 638 144 4 628 94 6 299 1829 12 4 7 15 0 
95578 824 625 160 2 608 105 6 268 1784 15 5 7 13 0 
95543 798 607 175 2 676 106 7 302 1752 15 2 8 6 1 
95624 775 581 158 4 665 113 4 320 1726 12 2 10 6 0 
95521 748 625 154 4 675 130 3 319 1785 15 1 9 11 0 
95542 780 601 146 3 679 120 4 279 1809 18 4 8 7 0 
95472 819 662 162 5 638 109 6 295 1786 22 2 11 11 0 
95598 764 611 169 6 649 107 4 282 1764 21 2 9 14 0 
95576 765 652 167 4 659 125 7 287 1711 22 6 11 8 0 
95533 775 626 156 5 715 103 6 324 1728 9 5 7 8 0 
95584 818 597 139 3 645 108 4 321 1743 14 4 7 13 0 
95548 820 618 135 2 662 107 4 286 1773 14 3 10 17 1 
95540 785 590 135 7 637 112 5 307 1841 14 5 9 13 0 
95580 801 593 143 6 658 104 7 322 1729 27 4 7 19 0 
95475 845 646 146 6 680 89 2 311 1760 11 2 16 11 0 
95653 751 594 166 5 634 90 5 293 1768 15 5 9 12 0 
95557 812 643 159 2 632 90 10 320 1735 16 8 8 8 0 
95557 810 614 144 7 670 108 6 316 1724 17 7 14 6 0 
95600 801 585 160 6 650 116 5 276 1756 18 6 9 12 0 
95471 772 616 175 5 680 109 5 295 1837 7 7 9 12 0 
95560 813 625 153 4 642 89 3 301 1754 30 4 7 15 0 
95525 798 628 158 5 648 97 1 307 1778 22 6 8 19 0 
95554 821 576 168 4 682 104 5 290 1756 14 6 9 11 0 
95516 824 560 166 8 689 100 3 299 1799 17 5 3 11 0 
95570 735 597 170 4 618 130 4 272 1855 18 5 11 11 0 
95582 812 581 165 4 665 113 3 290 1748 16 6 10 5 0 
95626 775 581 160 8 627 110 4 323 1756 10 5 6 9 0 
95677 796 581 163 6 644 133 4 270 1691 6 9 8 12 0 
95578 768 621 151 6 631 103 5 306 1801 10 6 7 7 0 
95616 760 601 157 5 705 90 5 308 1710 22 4 6 11 0 
95568 823 606 158 5 658 113 3 295 1729 12 6 8 16 0 
95551 802 606 138 6 674 108 1 285 1791 13 5 8 12 0 
95554 778 625 165 9 680 105 4 316 1722 13 6 12 11 0 
95599 820 611 150 5 602 93 3 302 1785 9 6 3 11 1 
95554 788 627 151 5 631 103 4 310 1780 15 9 14 9 0 
95612 755 620 157 0 667 106 4 305 1723 22 6 15 8 0 
95483 816 629 153 5 693 110 7 298 1758 22 5 12 8 1 
95450 797 617 181 2 683 87 5 296 1836 16 8 11 11 0 
95650 769 584 150 6 651 119 5 289 1733 16 5 10 13 0 
95650 737 568 157 5 650 105 5 319 1762 11 8 12 11 0 
95541 839 627 151 7 662 110 4 319 1698 10 4 14 14 0 
95531 787 601 174 2 639 114 6 281 1836 11 5 8 5 0 
95536 835 608 167 6 626 110 3 296 1782 10 6 7 8 0 
95621 801 570 170 6 641 100 4 313 1738 15 3 9 9 0 
95497 833 657 142 4 677 88 3 319 1738 18 5 12 7 0 
95623 758 555 165 6 650 110 7 297 1780 20 7 12 10 0 
95535 783 628 158 5 646 106 4 310 1785 15 6 8 10 1 
95464 824 621 164 0 654 112 2 279 1838 16 5 9 12 0 
95608 767 584 171 3 659 119 6 286 1752 17 6 11 11 0 
95711 787 586 139 7 626 125 6 251 1721 16 4 6 15 0 
95711 754 595 126 6 651 104 2 343 1671 13 6 7 11 0 
95563 850 561 161 6 654 101 1 292 1761 31 1 7 11 0 
95585 790 577 130 5 641 131 6 344 1760 11 2 10 8 0 
95478 834 596 168 7 635 120 5 295 1821 19 5 8 9 0 
95606 767 613 145 6 641 110 5 275 1785 18 6 9 14 0 
95589 810 575 143 5 661 108 10 302 1747 26 7 7 10 0 
