95626 802 553 168 3 674 116 3 256 1759 13 8 11 8 0 
95545 773 603 172 8 733 118 1 246 1767 11 2 9 12 0 
95556 803 587 183 1 731 102 3 257 1736 9 5 10 17 0 
95655 727 615 182 9 679 108 6 265 1718 9 4 11 12 0 
95606 777 611 181 6 625 109 3 290 1752 11 8 8 13 0 
95733 729 602 161 4 670 102 7 230 1733 13 4 4 8 0 
95607 771 596 191 4 676 113 5 280 1717 15 6 6 13 0 
95610 765 603 188 5 685 101 7 293 1696 18 5 13 11 0 
95613 749 608 183 4 683 125 5 271 1716 18 3 10 12 0 
95613 780 572 183 6 655 132 5 242 1773 14 2 10 13 0 
95691 763 595 193 3 664 119 2 256 1666 17 6 12 13 0 
95613 763 567 184 7 669 108 2 292 1754 16 6 9 10 0 
95559 823 591 152 6 644 97 6 247 1834 11 3 12 15 0 
95486 732 668 182 2 659 116 8 284 1819 14 6 10 14 0 
95577 801 609 172 4 672 119 5 282 1721 12 2 12 12 0 
95545 812 584 171 2 699 109 9 275 1741 15 9 13 16 0 
95563 772 604 186 7 653 109 2 316 1747 17 4 10 10 0 
95551 798 632 173 4 637 110 4 272 1772 16 7 13 11 0 
95471 814 594 181 7 702 115 4 262 1813 12 8 7 10 0 
95510 771 559 198 3 716 98 5 276 1829 13 2 9 11 0 
95665 749 624 193 5 655 112 2 280 1673 12 7 8 15 0 
95656 716 590 170 5 723 95 9 284 1711 19 8 8 6 0 
95598 735 552 202 2 706 108 1 275 1781 14 8 11 7 0 
95576 797 601 179 2 616 101 6 263 1820 13 3 6 17 0 
95636 747 576 173 1 662 100 4 281 1792 12 2 6 8 0 
95591 766 579 197 5 653 114 7 267 1782 20 4 7 8 0 
95564 775 582 183 2 676 99 3 272 1802 19 6 4 13 0 
95569 808 607 204 2 656 111 6 312 1686 19 5 7 8 0 
95673 721 565 176 4 679 117 4 295 1722 20 5 7 12 0 
95506 821 600 165 3 725 118 4 290 1731 16 4 9 8 0 
95415 785 617 192 6 709 110 4 279 1850 12 5 2 14 0 
95460 748 620 167 6 704 121 4 247 1893 9 5 9 7 0 
95554 802 636 157 4 667 110 8 292 1730 17 5 5 13 0 
95488 746 622 179 3 689 125 6 269 1840 10 6 8 9 0 
95628 773 617 164 2 669 126 4 260 1705 20 5 14 13 0 
95543 749 615 199 2 644 117 3 257 1837 16 3 7 7 1 
95640 726 598 186 5 658 109 2 274 1775 7 4 7 9 0 
95566 752 585 178 3 691 103 5 282 1799 16 2 10 8 0 
95609 768 583 177 5 689 96 7 291 1742 9 4 8 12 0 
95543 810 610 197 4 673 116 3 273 1734 16 4 8 9 0 
95596 784 615 173 5 676 92 7 241 1751 26 5 13 15 1 
95698 754 564 160 6 625 116 5 230 1803 10 4 13 12 0 
95523 808 573 185 6 683 125 4 272 1780 9 10 8 14 0 
95707 781 553 168 6 662 106 9 283 1691 15 3 7 8 1 
95561 783 579 184 7 681 108 4 285 1774 10 6 4 14 0 
95648 782 575 185 3 704 104 6 275 1677 15 5 10 10 1 
95598 793 631 170 8 684 114 5 254 1703 15 5 8 12 0 
95590 738 587 178 9 727 118 3 275 1740 9 4 10 12 0 
95562 734 606 185 6 639 125 5 295 1805 16 5 8 9 0 
95633 782 582 135 4 709 112 6 280 1716 13 7 14 7 0 
95610 764 609 186 6 694 107 9 262 1713 11 4 12 13 0 
95548 784 610 166 4 670 100 3 292 1776 17 1 11 17 1 
95524 748 609 227 6 680 110 1 257 1802 11 4 10 11 0 
95585 772 610 188 4 715 98 6 247 1731 15 4 14 11 0 
95643 738 574 178 7 669 95 2 265 1791 21 3 7 7 0 
95636 764 568 176 8 667 83 6 294 1761 9 8 13 7 0 
95606 746 614 187 7 650 104 4 284 1757 11 6 8 16 0 
95638 770 575 185 4 647 91 9 276 1761 15 8 5 16 0 
95660 773 517 182 4 655 104 4 284 1779 15 6 12 5 0 
95659 786 573 159 4 689 99 6 267 1724 16 3 9 6 0 
95607 713 642 186 9 694 105 8 285 1717 12 6 7 9 0 
95611 770 660 185 2 659 117 2 281 1670 17 9 6 11 0 
95560 807 637 164 5 683 130 4 272 1704 11 3 9 11 0 
95555 760 595 171 7 653 122 10 316 1773 11 5 6 16 0 
95663 784 621 201 3 617 100 4 270 1697 14 4 9 13 0 
95585 781 637 195 5 638 99 1 255 1751 17 8 10 18 0 
95538 750 611 165 4 711 104 2 308 1771 11 2 14 9 0 
95524 770 678 149 6 691 111 5 253 1779 10 0 8 16 0 
95611 738 592 180 4 719 82 9 270 1759 16 3 6 10 1 
95408 803 664 157 3 730 113 2 288 1804 7 4 6 11 0 
95672 801 596 180 2 605 116 6 287 1695 14 4 14 8 0 
95665 753 566 195 6 646 105 6 278 1747 13 2 9 9 0 
95572 700 579 175 5 695 111 2 288 1834 16 4 8 11 0 
95573 783 668 192 10 632 104 1 288 1711 11 6 12 9 0 
95630 755 599 185 7 669 110 4 293 1699 16 5 11 17 0 
95566 747 563 183 7 720 109 5 279 1780 16 4 12 9 0 
95541 803 588 181 2 663 128 4 273 1778 18 5 7 9 0 
95563 763 596 198 3 669 127 6 296 1732 13 6 16 12 0 
95527 776 633 168 4 681 105 5 271 1794 10 7 12 7 0 
95546 729 614 193 4 691 120 8 268 1785 15 5 6 16 0 
95597 793 624 206 5 675 98 3 250 1716 12 1 6 14 0 
95537 786 637 185 4 663 129 3 276 1750 15 2 7 6 0 
95514 720 598 190 4 701 121 5 287 1820 11 3 12 14 0 
95577 742 602 195 3 668 98 6 287 1788 14 3 8 9 0 
95556 770 597 203 4 627 114 5 309 1783 8 5 8 10 1 
95592 766 578 195 6 666 98 4 291 1769 13 6 7 9 0 
95492 769 648 190 3 663 115 4 247 1826 16 9 8 8 2 
95494 800 649 199 5 678 103 5 254 1770 14 4 9 16 0 
95648 767 600 200 1 629 135 2 262 1723 11 6 9 7 0 
95668 726 601 187 5 646 113 4 267 1745 13 4 10 11 0 
95700 719 594 166 4 645 116 6 274 1739 11 9 6 11 0 
95478 776 586 208 5 687 112 3 281 1811 18 10 12 13 0 
95570 744 636 190 5 679 115 8 280 1737 10 6 10 10 0 
95620 730 585 161 5 662 109 1 276 1811 17 6 9 8 0 
95720 752 614 188 8 647 125 4 241 1659 11 6 7 18 0 
95538 775 582 159 6 677 130 1 288 1807 12 4 8 13 0 
95524 818 609 176 4 710 111 4 255 1761 10 4 6 8 0 
95544 763 623 189 2 686 110 6 294 1749 17 4 5 8 0 
95659 807 578 161 4 663 131 3 278 1680 11 4 6 15 0 
95576 764 548 214 6 719 123 4 276 1730 14 4 10 12 0 
95643 756 570 186 5 647 113 8 263 1756 14 7 15 17 0 
95593 795 592 170 6 675 88 1 283 1753 11 7 13 13 0 
95566 800 595 173 8 632 113 5 257 1804 16 10 6 15 0 
95563 767 621 149 9 681 117 2 281 1776 17 1 10 6 0 
95627 692 623 201 4 637 116 2 311 1754 12 3 12 6 0 
95761 711 600 187 3 645 132 2 255 1661 18 2 6 16 1 
95571 810 619 177 7 682 118 2 261 1701 16 4 18 14 0 
95653 727 598 168 5 685 106 3 269 1739 10 12 9 16 0 
95590 732 555 156 2 687 120 3 302 1807 15 5 16 10 0 
95633 803 592 156 1 675 107 5 281 1715 7 5 7 13 0 
95582 759 623 163 9 657 111 4 286 1773 12 4 11 6 0 
95523 790 580 185 7 676 109 3 288 1803 12 12 7 5 0 
95615 761 641 181 6 670 104 7 267 1714 16 5 3 10 0 
95392 830 649 183 6 698 103 9 281 1809 12 12 8 8 0 
95490 740 630 197 4 681 120 2 264 1827 16 7 10 12 0 
95526 796 621 190 7 696 113 8 253 1752 12 4 11 11 0 
95610 760 587 191 3 654 117 7 265 1770 10 7 7 12 0 
95601 757 596 177 7 664 119 6 253 1770 21 7 14 8 0 
95700 776 592 189 10 641 105 4 241 1698 18 8 5 13 0 
95581 740 602 170 6 641 110 8 274 1829 19 3 8 9 0 
95638 773 625 178 3 676 115 5 269 1681 19 4 5 9 0 
95658 717 582 171 5 659 114 6 314 1732 12 5 15 10 0 
95480 759 620 195 4 651 106 4 292 1850 16 5 7 10 1 
95617 801 601 191 6 668 107 6 257 1705 11 3 12 15 0 
95669 761 588 163 8 648 82 2 280 1757 17 6 8 11 0 
95498 779 640 166 7 634 120 6 275 1824 20 4 13 14 0 
95527 737 619 178 1 678 134 4 281 1802 16 4 14 5 0 
95611 784 628 167 5 631 115 3 266 1748 18 6 8 10 0 
95647 735 591 174 6 684 91 4 247 1784 10 6 9 12 0 
95614 756 587 174 7 667 110 8 263 1771 23 2 7 11 0 
95543 744 568 197 5 724 100 5 275 1801 13 6 8 11 0 
95546 711 612 181 8 725 120 9 296 1752 14 6 7 13 0 
95537 755 590 169 4 690 97 8 267 1845 7 4 14 13 0 
95657 727 591 180 4 662 119 2 275 1730 17 2 16 18 0 
95547 766 571 178 6 683 105 6 293 1806 14 7 10 8 0 
95540 795 640 176 3 681 109 6 262 1754 11 0 11 12 0 
95641 736 597 169 3 659 114 3 276 1771 11 1 6 13 0 
95556 773 608 180 5 681 116 6 270 1766 13 2 9 15 0 
95595 770 594 190 5 694 105 4 254 1747 14 4 13 11 0 
95523 771 612 179 4 694 96 2 313 1757 18 3 8 20 0 
95486 747 600 193 4 695 121 4 279 1820 19 5 12 15 0 
95550 838 587 188 6 659 100 4 279 1753 14 5 5 12 0 
95645 722 605 211 3 654 100 1 276 1747 14 3 7 12 0 
95674 739 587 179 6 672 103 5 279 1717 16 4 8 10 1 
95561 818 588 159 4 672 110 5 296 1745 19 4 6 13 0 
95655 760 591 182 4 641 97 7 252 1772 17 2 13 7 0 
95586 790 569 182 4 667 129 2 281 1756 14 5 5 9 1 
95699 771 561 180 4 644 116 2 272 1711 14 8 11 7 0 
95488 784 624 172 2 674 118 3 268 1827 21 2 8 9 0 
95551 777 588 216 2 657 111 5 289 1761 23 4 6 10 0 
95657 760 577 163 5 707 86 6 294 1721 6 2 7 9 0 
95470 726 599 166 2 689 115 2 262 1922 19 7 8 13 0 
95557 818 629 190 10 658 104 5 278 1721 9 5 8 8 0 
95502 771 597 195 2 709 122 3 254 1806 14 5 7 13 0 
95524 812 623 172 6 632 109 4 292 1787 16 4 7 12 0 
95498 795 615 179 5 697 111 4 282 1769 20 6 5 14 0 
95471 787 604 181 4 678 113 1 250 1859 19 10 9 14 0 
95581 761 661 160 6 721 108 4 293 1664 10 7 5 19 0 
95607 783 607 169 5 679 121 2 248 1745 13 5 8 8 0 
95674 724 604 183 6 676 109 3 263 1714 17 2 14 11 0 
95491 746 627 176 4 732 107 9 291 1774 20 8 7 8 0 
95512 769 625 169 4 653 128 2 280 1815 19 0 13 11 0 
95600 778 606 189 2 680 102 4 268 1726 19 5 11 10 0 
95667 780 615 165 5 649 97 4 277 1698 14 3 12 13 1 
95498 826 581 207 1 659 117 8 281 1785 14 4 8 11 0 
95591 788 597 179 6 675 108 5 297 1724 12 3 6 9 0 
95580 722 597 189 4 683 118 6 273 1787 13 4 9 15 0 
95540 744 618 205 10 702 98 2 291 1746 18 0 17 9 0 
95674 770 572 168 3 640 118 3 279 1736 8 4 9 16 0 
95588 809 587 180 5 645 100 4 284 1761 13 3 9 12 0 
95644 763 608 201 1 630 102 2 275 1735 15 6 10 7 1 
95526 744 626 191 4 700 101 15 294 1753 14 4 14 14 0 
95661 738 562 169 8 659 111 6 262 1776 17 6 11 13 1 
95609 794 636 167 6 657 103 4 263 1726 14 5 9 7 0 
95537 803 602 210 3 628 124 6 290 1769 11 2 8 7 0 
95485 766 668 181 7 683 126 5 276 1768 13 7 8 7 0 
95681 789 571 180 1 664 106 5 277 1692 10 4 6 14 0 
95570 768 577 186 3 683 101 5 295 1773 17 3 8 11 0 
95647 731 584 188 11 655 99 4 316 1722 11 12 6 14 0 
95610 762 602 196 4 659 108 4 267 1755 15 3 6 9 0 
95540 733 592 212 5 655 106 1 271 1851 11 7 7 9 0 
95549 747 634 187 3 680 93 4 281 1784 20 3 7 8 0 
95584 715 612 188 2 688 95 4 313 1755 14 5 11 13 1 
95582 766 572 172 5 688 107 10 272 1784 19 5 11 7 0 
95612 800 586 195 6 681 108 5 255 1713 13 11 6 9 0 
95587 775 567 170 8 690 128 10 261 1757 18 7 11 11 0 
95561 840 650 156 7 679 112 2 276 1670 17 6 14 10 0 
95521 779 617 181 8 664 111 3 295 1767 25 6 6 17 0 
95616 720 569 182 3 656 110 4 282 1826 12 4 6 10 0 
95624 802 621 179 4 626 107 3 287 1703 16 3 7 18 0 
95605 770 588 196 5 660 124 2 253 1750 11 10 10 16 0 
95648 708 583 188 4 674 109 3 287 1768 11 1 7 9 0 
95621 734 607 189 5 649 110 4 244 1797 18 2 7 13 0 
95705 735 588 180 3 646 112 4 264 1726 19 3 7 8 0 
95582 757 601 162 2 689 107 4 290 1763 15 6 11 11 0 
95539 796 592 200 5 695 105 7 250 1771 20 4 7 8 1 
95549 765 652 194 8 670 94 5 269 1742 27 10 8 7 0 
95690 733 615 184 4 646 85 4 269 1722 11 6 12 18 1 
95616 775 618 171 3 726 81 6 245 1720 13 7 8 11 0 
95545 788 639 174 4 693 117 4 282 1706 17 6 11 14 0 
95596 747 622 149 6 662 98 10 274 1791 17 2 14 12 0 
95605 789 594 193 6 636 115 4 262 1757 15 6 5 13 0 
95496 763 607 195 8 670 107 3 283 1832 11 5 11 9 0 
95579 764 568 173 4 659 122 7 290 1795 15 6 10 8 0 
95638 733 635 175 3 692 94 3 265 1713 19 8 7 15 0 
95581 786 630 190 6 668 96 4 257 1744 11 5 7 15 0 
95677 740 534 177 7 680 109 4 249 1779 14 8 10 11 1 
95626 804 538 193 5 633 92 1 248 1810 22 2 11 15 0 
95627 758 572 158 4 699 108 5 268 1762 13 5 7 14 0 
95545 748 616 194 1 657 93 4 291 1809 19 4 7 12 0 
95604 754 569 168 5 683 115 4 290 1761 21 9 6 10 1 
95501 747 608 182 4 685 117 7 276 1832 16 2 5 17 1 
95588 763 620 201 2 698 112 0 266 1715 13 5 10 7 0 
95619 735 674 180 4 671 106 1 245 1730 14 0 17 4 0 
95595 749 614 176 4 690 100 3 265 1751 24 7 11 10 1 
95603 727 582 197 2 718 93 2 259 1781 17 3 6 10 0 
95656 742 572 207 7 661 120 2 276 1723 11 4 6 13 0 
95684 727 606 190 3 697 95 7 260 1688 13 4 12 14 0 
95625 751 594 180 6 617 136 3 250 1796 13 6 13 10 0 
95533 789 646 175 7 662 104 5 257 1782 13 3 8 16 0 
95696 778 558 160 10 631 124 2 262 1747 11 1 7 13 0 
95632 778 567 180 7 661 122 6 255 1757 9 8 9 9 0 
95677 722 593 157 4 703 98 4 281 1728 10 4 9 10 0 
95498 780 632 188 6 660 115 4 275 1796 16 7 13 10 0 
95572 763 602 168 7 696 85 3 258 1808 16 4 10 8 0 
95616 748 607 168 4 659 104 4 271 1778 12 5 12 12 0 
95580 736 632 202 4 629 127 4 261 1791 7 7 7 13 0 
95627 768 604 159 3 647 110 4 273 1765 12 6 10 12 0 
95616 724 594 185 3 674 129 10 261 1746 19 5 15 19 0 
95613 793 600 186 5 672 125 7 282 1684 8 4 9 12 0 
95657 767 587 181 4 663 113 6 268 1709 18 6 10 11 0 
95603 776 627 198 5 663 110 3 273 1707 10 7 8 10 0 
95478 769 603 184 6 695 105 4 295 1833 8 4 8 8 0 
95682 728 579 181 5 664 106 2 271 1741 13 8 8 12 0 
95494 783 586 182 6 706 89 2 265 1852 8 4 7 16 0 
95493 737 635 189 3 728 102 4 290 1780 8 3 12 16 0 
95479 786 610 184 7 702 121 3 266 1794 18 8 11 11 0 
95710 706 582 170 2 674 114 7 249 1748 14 3 8 13 0 
95646 740 592 181 3 687 102 3 283 1726 14 6 5 12 0 
95734 719 575 171 5 616 107 3 285 1737 20 5 5 18 0 
95477 822 613 178 5 700 111 5 289 1760 14 6 8 12 0 
95527 761 616 179 1 683 93 5 283 1808 19 5 9 11 0 
95615 744 611 207 8 691 95 1 279 1718 17 2 5 7 0 
95551 731 582 171 5 677 112 4 293 1834 17 4 8 11 0 
95508 802 632 176 8 698 105 7 286 1739 18 4 8 9 0 
95599 757 566 188 3 700 111 4 287 1745 11 8 7 14 0 
95529 811 630 192 3 655 133 5 275 1723 19 2 12 11 0 
95533 770 612 170 7 709 118 6 300 1734 13 5 10 13 0 
95505 829 614 193 3 680 100 5 268 1757 20 4 14 8 0 
95574 798 615 171 5 657 79 4 255 1801 16 4 9 12 0 
95566 762 622 164 2 656 110 6 254 1810 19 6 9 14 0 
95585 748 605 176 4 715 109 9 271 1739 20 5 10 4 0 
95573 756 614 185 2 679 95 5 242 1813 14 4 12 6 0 
95623 748 638 150 5 654 94 4 260 1781 17 5 10 11 0 
95564 793 637 182 6 671 114 1 257 1737 14 3 7 14 0 
95593 753 595 201 6 615 95 4 268 1831 10 2 11 16 0 
95571 770 552 179 5 675 121 3 271 1811 12 3 12 14 1 
95434 819 614 182 7 712 105 6 270 1809 14 4 11 13 0 
95525 791 583 164 4 705 100 5 286 1787 18 11 9 12 0 
95613 727 592 188 8 726 112 5 274 1721 13 5 6 10 0 
95462 750 614 180 3 675 120 4 274 1885 14 2 5 12 0 
95673 768 616 174 5 678 83 5 260 1689 18 4 11 16 0 
95640 759 591 172 4 641 111 8 280 1760 10 6 9 9 0 
95555 806 594 190 4 682 96 4 297 1742 12 6 6 6 0 
95652 740 583 174 4 668 119 3 302 1713 12 4 14 12 0 
95567 757 624 183 8 660 103 2 265 1793 14 3 8 13 0 
95590 771 562 173 8 713 106 3 268 1770 13 3 11 9 0 
95594 746 578 195 6 688 102 2 281 1777 13 5 5 8 0 
95459 854 578 151 8 673 124 4 303 1802 9 5 13 17 0 
95579 744 643 205 4 644 121 1 285 1729 17 8 9 11 0 
95610 758 603 191 4 611 104 8 295 1776 13 7 9 11 0 
95466 775 656 180 3 706 112 6 259 1799 15 2 11 10 0 
95562 758 637 181 11 672 118 5 289 1727 17 4 6 12 1 
95556 785 620 187 5 651 117 7 262 1766 18 6 10 10 0 
95600 753 600 180 2 671 115 4 272 1762 15 3 9 14 0 
95533 757 616 183 4 670 111 4 272 1814 15 4 10 7 0 
95595 760 628 175 0 685 92 5 285 1728 18 4 8 17 0 
95569 794 609 199 8 668 108 3 256 1742 18 6 8 12 0 
95710 775 627 187 9 644 117 3 251 1637 18 5 6 11 0 
95553 787 642 192 2 649 116 5 276 1738 20 3 9 8 0 
95528 795 664 177 2 626 110 5 289 1753 9 11 14 17 0 
95592 765 592 189 5 678 95 4 262 1782 16 2 8 10 0 
95571 783 613 169 4 644 88 8 268 1808 15 6 8 14 1 
95693 788 518 177 6 641 117 6 237 1786 12 3 7 9 0 
95584 743 600 192 4 648 98 1 256 1820 25 6 11 12 0 
95528 762 602 190 4 682 112 2 284 1788 18 3 12 13 0 
95690 752 573 188 5 645 108 9 254 1744 9 4 8 11 0 
95507 784 576 177 7 692 110 4 266 1828 16 7 11 14 1 
95588 776 579 171 2 652 95 7 281 1807 14 3 11 14 0 
95509 782 590 190 5 675 100 4 276 1818 18 9 9 14 1 
95474 804 615 174 5 678 104 3 281 1818 14 4 9 17 0 
95615 756 610 172 2 677 103 6 257 1777 14 4 2 5 0 
95604 803 615 177 2 633 105 2 253 1767 14 5 11 9 0 
95625 779 583 174 5 671 106 4 274 1734 14 3 15 13 0 
95623 737 537 186 4 708 115 7 279 1767 18 3 5 11 0 
95535 765 552 198 6 695 127 3 280 1788 17 9 10 15 0 
95509 779 598 174 4 688 121 4 266 1804 24 7 10 12 0 
95600 787 619 190 4 633 96 3 258 1776 10 5 6 13 0 
95622 772 615 182 2 686 99 3 269 1718 12 3 5 12 0 
95533 813 622 146 5 638 123 5 296 1778 16 7 8 10 0 
95671 689 578 164 5 652 89 5 285 1818 16 5 10 13 0 
95488 748 632 200 2 692 125 4 265 1789 15 15 8 16 1 
95575 738 614 163 1 704 94 3 260 1803 21 5 7 12 0 
95415 784 621 203 2 713 108 7 282 1813 15 9 13 14 1 
95492 747 620 200 5 693 92 2 284 1824 12 4 13 12 0 
95627 766 603 182 1 658 118 5 241 1762 9 4 12 12 0 
95644 763 626 182 2 661 115 8 264 1687 17 11 7 12 1 
95591 752 562 176 5 654 115 6 310 1786 12 7 13 11 0 
95588 734 587 171 5 663 113 4 290 1806 15 3 6 15 0 
95628 730 605 180 4 703 111 8 255 1725 13 10 17 11 0 
95624 755 598 175 9 626 122 8 268 1763 21 4 15 12 0 
95646 749 590 182 6 668 99 6 257 1758 11 4 9 15 0 
95556 763 567 220 4 636 115 5 310 1788 14 4 9 9 0 
95520 778 604 203 5 713 101 2 256 1773 18 7 9 11 0 
95734 744 575 189 2 636 121 1 275 1697 11 0 4 11 0 
95669 721 604 189 1 620 117 5 253 1768 19 6 11 17 0 
95581 785 633 172 7 674 97 3 273 1734 14 8 6 13 0 
95662 788 592 181 4 676 93 3 238 1723 11 2 16 11 0 
95701 764 605 192 5 650 90 3 248 1705 8 8 7 14 0 
95530 790 626 194 3 662 129 4 255 1767 14 3 8 15 0 
95623 790 577 179 3 665 102 3 255 1767 18 3 4 11 0 
95647 709 622 172 7 669 113 1 253 1764 16 6 7 14 0 
95545 808 636 169 2 634 97 3 282 1786 17 4 4 13 0 
95545 783 619 192 4 683 110 8 270 1754 19 2 7 4 0 
95474 816 577 181 6 731 98 4 295 1787 7 7 12 5 0 
95591 758 612 170 8 636 106 3 260 1805 16 9 9 17 0 
95547 783 633 180 3 670 102 6 278 1758 13 6 7 14 0 
95552 740 629 168 7 678 108 1 280 1788 11 6 16 16 0 
95471 768 622 214 7 693 126 2 287 1768 15 4 5 18 0 
95532 768 602 184 2 704 103 6 251 1803 13 7 14 11 0 
95558 781 618 184 6 663 110 2 307 1735 15 7 2 12 0 
95607 822 602 184 6 648 97 3 269 1723 9 4 8 18 0 
95583 724 621 195 7 654 110 5 278 1775 19 7 8 14 0 
95583 829 591 167 2 659 88 7 266 1766 17 4 8 13 0 
95505 764 615 191 4 679 102 3 275 1811 17 4 14 16 0 
95586 779 605 187 7 618 104 6 316 1750 14 7 11 10 0 
95664 748 591 199 6 635 116 7 267 1729 14 5 6 13 0 
95578 760 586 168 5 703 132 5 273 1749 13 8 11 9 0 
95513 781 659 186 8 632 111 4 266 1800 17 2 13 8 0 
95468 751 617 192 1 746 114 6 294 1764 17 8 12 10 0 
95645 779 574 177 2 681 103 9 243 1759 13 2 8 5 0 
95634 794 610 183 4 652 105 4 271 1700 12 8 15 8 0 
95633 765 620 200 6 677 112 5 243 1694 15 11 10 9 0 
95559 770 600 160 3 696 112 5 277 1781 9 6 10 12 0 
95633 761 588 167 3 646 114 3 288 1762 9 4 10 12 0 
95553 769 609 201 5 695 108 7 277 1737 13 5 8 13 0 
95470 780 606 179 4 704 98 3 277 1850 9 6 6 7 1 
95618 737 616 161 9 617 114 5 259 1822 11 6 12 13 0 
95625 761 620 185 5 669 115 10 269 1708 11 6 8 8 0 
95537 744 567 176 7 685 100 5 312 1837 12 2 4 12 0 
95733 755 564 177 5 655 120 4 247 1717 10 4 6 3 0 
95504 796 617 163 10 695 111 5 250 1809 13 6 11 10 0 
95641 798 578 168 5 683 111 6 246 1730 12 4 7 11 0 
95547 797 566 183 5 696 120 1 268 1776 11 10 5 15 0 
95508 778 640 202 4 712 125 4 254 1738 15 2 8 10 0 
95581 768 624 183 4 718 95 6 283 1703 19 1 3 12 0 
95594 757 623 182 6 647 109 7 283 1751 13 7 4 17 0 
95583 789 605 177 1 661 121 5 272 1736 18 8 11 13 0 
95666 745 557 159 3 678 111 3 275 1774 3 3 9 13 1 
95626 771 611 163 3 691 125 8 264 1713 16 1 4 4 0 
95614 749 621 186 5 658 113 6 278 1733 13 4 8 12 0 
95505 771 572 181 4 719 118 6 242 1844 14 4 12 8 0 
95509 803 629 174 3 667 112 5 280 1783 8 4 11 12 0 
95695 759 597 173 2 629 110 6 238 1757 10 5 8 11 0 
95536 705 686 181 6 664 110 6 258 1811 15 2 8 12 0 
95632 707 550 214 3 659 107 4 280 1810 10 1 11 12 0 
95644 707 593 178 3 704 101 12 262 1760 17 4 9 6 0 
95583 851 584 179 7 693 132 8 248 1674 14 3 13 11 0 
95614 810 634 148 4 680 120 5 254 1693 10 6 7 15 0 
95658 730 590 188 8 714 97 4 259 1715 18 5 7 7 0 
95570 748 588 173 3 685 101 8 300 1780 11 4 13 16 0 
95636 769 583 201 6 665 104 10 279 1706 15 1 16 8 1 
95619 785 596 154 4 674 119 2 291 1725 7 5 4 14 1 
95616 787 603 176 4 670 115 5 262 1723 13 7 5 14 0 
95431 814 633 190 6 705 113 5 287 1784 12 6 5 9 0 
95554 786 578 183 4 669 107 2 284 1788 8 10 13 14 0 
95651 739 583 187 4 634 92 4 307 1755 11 6 11 16 0 
95656 766 584 156 2 677 100 5 279 1738 11 5 8 13 0 
95626 747 582 193 8 671 89 2 293 1749 16 5 10 9 0 
95666 785 580 172 3 639 108 3 255 1758 6 3 9 13 0 
95434 815 666 184 5 696 114 7 269 1782 8 8 8 4 0 
95639 777 602 169 4 665 109 3 280 1712 11 8 9 12 0 
95639 772 657 169 2 632 107 4 251 1722 12 9 11 13 0 
95601 776 566 176 2 651 107 6 286 1781 19 3 13 13 0 
95488 796 656 181 5 702 112 3 289 1734 11 7 7 9 0 
95708 737 556 179 5 667 110 7 260 1718 25 6 9 13 0 
95610 741 614 162 2 683 99 11 274 1766 15 6 6 11 0 
95511 770 602 203 3 693 105 2 258 1806 21 3 13 10 0 
95652 777 610 159 4 692 85 4 273 1715 4 2 10 13 0 
95624 742 585 169 8 685 103 6 262 1774 23 6 5 8 0 
95564 810 600 192 4 634 119 3 281 1758 14 4 6 11 0 
95508 826 601 154 4 679 113 3 275 1791 20 4 9 12 1 
95598 780 596 186 6 638 102 7 286 1766 14 3 9 9 0 
95633 737 579 184 6 653 95 5 276 1793 14 6 6 13 0 
95577 778 588 190 9 695 107 5 306 1711 14 6 5 9 0 
95530 784 586 183 5 678 119 3 282 1790 19 8 10 3 0 
95643 785 557 186 2 638 109 9 283 1750 18 5 12 3 0 
95635 795 603 179 5 634 105 9 277 1718 19 4 10 7 0 
95516 833 593 175 6 661 117 4 295 1749 22 3 11 15 0 
95593 792 601 174 4 666 113 3 268 1746 9 3 10 18 0 
95652 727 592 167 1 679 101 1 271 1767 15 4 14 8 1 
95684 765 593 182 4 661 108 2 256 1708 15 2 9 11 0 
95548 779 612 169 6 679 121 4 269 1766 17 12 11 7 0 
95646 778 561 180 6 636 102 4 271 1784 12 2 12 6 0 
95627 766 610 169 4 650 127 4 272 1733 17 2 8 11 0 
95533 780 585 193 3 702 106 5 263 1792 13 5 10 9 1 
95621 762 548 185 4 694 104 2 291 1750 14 8 7 10 0 
95610 760 592 166 10 674 106 4 273 1772 10 3 6 14 0 
95628 768 592 144 11 655 100 4 284 1779 13 5 7 10 0 
95556 800 615 181 4 710 110 3 287 1690 20 5 8 10 1 
95657 771 611 172 4 670 122 7 248 1702 16 4 5 11 0 
95514 806 627 175 3 697 97 6 280 1764 10 6 6 9 0 
95553 751 616 176 7 688 113 4 276 1780 14 7 7 8 0 
95495 785 627 195 6 731 108 5 270 1724 18 6 11 19 0 
95727 759 542 208 5 666 115 6 254 1677 13 5 7 16 0 
95594 736 634 171 5 673 115 8 281 1746 14 4 12 7 0 
95563 804 602 190 6 681 104 5 255 1735 18 14 11 12 0 
95632 748 606 192 0 676 106 7 242 1748 21 3 9 10 0 
95707 782 575 166 5 664 105 4 251 1703 9 8 11 10 0 
95628 760 647 180 5 652 114 1 267 1707 17 2 9 11 0 
95486 751 651 186 7 673 132 3 298 1775 11 7 7 13 0 
95563 742 608 205 6 652 129 3 271 1797 8 3 5 8 0 
95566 762 625 186 3 658 100 5 251 1806 12 3 10 13 0 
95506 803 603 176 2 693 105 0 300 1771 12 1 15 13 0 
95565 786 606 185 6 666 113 6 269 1750 14 2 15 17 0 
95656 771 644 155 4 647 102 2 257 1730 9 3 7 13 0 
95506 779 624 180 7 705 93 3 272 1791 14 6 5 15 0 
95627 756 594 192 6 667 95 6 253 1764 18 7 8 7 0 
95546 775 603 170 8 667 97 10 294 1787 15 4 10 14 0 
95507 741 639 193 6 661 114 7 271 1822 19 4 4 12 0 
95719 773 566 172 4 643 111 4 275 1694 16 3 9 11 0 
95721 735 568 181 4 626 106 9 262 1747 17 6 6 12 0 
95698 746 590 180 4 654 104 4 249 1733 11 3 10 14 0 
95442 753 607 190 8 694 142 4 290 1838 13 3 6 9 1 
95555 743 600 171 7 678 131 7 278 1786 18 2 14 10 0 
95615 731 633 182 3 702 112 4 271 1712 16 6 4 8 1 
95646 753 590 165 4 668 101 2 275 1752 15 3 12 14 0 
95631 750 563 182 4 690 95 5 266 1766 14 7 11 16 0 
95629 771 584 164 11 680 109 4 235 1780 9 3 9 12 0 
95618 768 577 189 6 672 103 7 266 1749 12 9 14 10 0 
95504 794 607 189 4 678 89 1 286 1811 15 6 5 11 0 
95589 746 606 174 4 705 116 3 274 1740 14 8 8 13 0 
95619 769 623 171 8 669 108 5 268 1730 9 5 11 5 0 
95623 724 608 178 7 641 96 6 292 1783 14 6 12 10 0 
95583 727 595 175 6 705 121 4 279 1765 19 1 9 11 0 
95595 752 596 184 6 660 107 5 290 1767 15 6 8 8 1 
95648 767 549 190 0 672 121 5 241 1761 16 5 12 13 0 
95534 784 605 182 6 676 108 5 285 1774 13 9 10 9 0 
95559 749 599 169 5 665 121 7 293 1791 18 2 8 14 0 
95625 755 575 177 6 663 119 5 265 1775 15 6 9 5 0 
95523 746 602 184 7 687 102 6 271 1839 16 2 7 8 0 
95619 767 591 194 4 655 97 6 254 1770 16 4 10 13 0 
95586 760 635 169 0 649 112 4 273 1771 14 6 10 11 0 
95510 815 597 166 6 618 123 4 276 1841 14 4 10 16 0 
95509 798 622 167 1 668 124 4 300 1772 15 6 6 8 0 
95561 766 604 172 3 681 91 5 262 1808 13 8 11 15 0 
95566 724 643 182 7 713 111 5 270 1741 13 7 9 9 0 
95650 765 631 173 5 635 120 3 279 1693 19 5 12 10 0 
95646 755 593 164 6 679 105 3 261 1749 15 4 7 13 0 
95550 737 657 165 7 720 115 3 274 1735 13 4 7 13 0 
95728 762 571 180 4 624 112 6 276 1701 11 8 8 9 0 
95478 776 644 189 5 668 127 4 287 1770 16 7 12 16 1 
95504 818 590 176 3 709 104 3 274 1776 16 1 9 17 0 
95627 776 606 174 6 679 115 2 260 1711 12 5 14 13 0 
95578 758 625 160 3 677 115 3 262 1784 13 7 7 8 0 
95582 835 566 192 4 673 95 4 269 1738 13 9 11 9 0 
95693 752 588 193 3 638 117 2 279 1692 12 10 11 10 0 
95628 769 581 162 4 642 110 4 272 1782 13 5 15 13 0 
95517 812 596 178 2 671 90 6 284 1797 8 7 16 16 0 
95532 840 615 172 6 666 109 5 281 1723 20 6 16 9 0 
95703 757 569 191 2 628 100 5 269 1737 14 6 10 9 0 
95668 747 586 177 9 687 125 5 251 1709 16 6 7 7 0 
95512 799 590 150 3 725 128 5 286 1773 10 2 6 11 0 
95414 746 616 186 4 688 121 8 292 1880 15 6 11 13 0 
95658 757 610 163 2 635 86 4 264 1773 13 8 8 19 0 
95584 756 588 194 2 687 108 5 271 1761 12 7 8 17 0 
95562 738 612 163 8 693 111 8 246 1822 10 5 9 12 1 
95563 743 591 188 3 751 103 9 285 1726 11 3 11 12 1 
95651 781 585 205 3 656 102 6 255 1717 15 2 11 11 0 
95599 739 639 172 8 683 109 4 253 1747 20 4 14 9 0 
95521 819 584 197 6 618 124 7 246 1837 10 3 14 14 0 
95521 772 626 182 4 657 121 2 271 1814 9 4 8 9 0 
95526 763 618 172 2 701 93 6 265 1817 8 5 15 9 0 
95545 777 607 155 4 695 113 3 266 1793 19 4 8 10 1 
95582 733 603 171 2 683 133 7 286 1765 13 4 8 10 0 
95568 740 636 167 3 667 97 3 297 1785 16 5 10 6 0 
95607 750 619 201 7 658 104 6 257 1750 14 4 10 13 0 
95578 789 632 170 7 639 123 3 249 1779 12 3 5 11 0 
95750 744 566 186 3 646 102 7 255 1705 9 3 11 13 0 
95519 771 611 182 8 715 103 6 252 1793 11 5 8 16 0 
95598 734 609 187 2 718 106 6 262 1732 15 6 13 12 0 
95615 761 592 181 3 661 104 8 266 1765 10 6 11 16 1 
95597 785 615 201 2 640 99 3 288 1733 15 5 11 6 0 
95434 799 587 199 4 697 131 8 285 1813 19 8 6 10 0 
95633 759 588 167 5 633 114 8 243 1798 23 6 11 12 0 
95546 723 655 172 2 694 121 9 257 1769 16 11 9 16 0 
95620 799 604 174 4 692 95 2 263 1720 14 0 3 10 0 
95695 755 609 196 7 676 103 5 253 1653 16 9 9 13 1 
95681 747 577 175 7 640 125 6 243 1765 12 4 7 11 0 
95612 736 651 177 4 679 89 4 287 1718 8 1 11 23 0 
